	-0.017011	-0.035684	0.016837	0.027947	-0.010509	0.004186	0.014337	0.012184
	-0.027560	-0.024260	0.026180	0.021159	-0.014172	0.006935	-0.001549	0.001290
	-0.033144	-0.008918	0.030255	0.016552	-0.014247	0.010366	-0.015524	-0.008306
	-0.032456	0.005654	0.028120	0.013631	-0.009761	0.012207	-0.023041	-0.014722
	-0.025698	0.014985	0.020121	0.011324	-0.000828	0.010701	-0.021634	-0.017449
	-0.014443	0.016211	0.007819	0.008485	0.011268	0.005185	-0.011663	-0.017317
	-0.001116	0.008948	-0.006353	0.004388	0.024314	-0.003696	0.003835	-0.015970
	0.011728	-0.004621	-0.019615	-0.000944	0.035680	-0.014160	0.020122	-0.015063
	0.022114	-0.020442	-0.029416	-0.006711	0.042977	-0.023804	0.032224	-0.015472
	0.029114	-0.033845	-0.033954	-0.011596	0.044661	-0.030279	0.036422	-0.016837
	0.032937	-0.040934	-0.032499	-0.014255	0.040430	-0.031944	0.031307	-0.017590
	0.034649	-0.039693	-0.025489	-0.013853	0.031292	-0.028296	0.018098	-0.015496
	0.035618	-0.030470	-0.014363	-0.010468	0.019290	-0.020087	0.000171	-0.008519
	0.036926	-0.015753	-0.001203	-0.005210	0.006964	-0.009113	-0.018012	0.004288
	0.038936	0.000668	0.011727	0.000002	-0.003298	0.002246	-0.032208	0.022197
	0.041190	0.014829	0.022440	0.002962	-0.009840	0.011595	-0.039526	0.042744
	0.042652	0.023674	0.029573	0.001837	-0.012088	0.017049	-0.039060	0.062250
	0.042210	0.025747	0.032555	-0.004229	-0.010600	0.017579	-0.031886	0.076780
	0.039224	0.021361	0.031578	-0.014767	-0.006815	0.013143	-0.020493	0.083246
	0.033903	0.012252	0.027410	-0.028017	-0.002592	0.004568	-0.007887	0.080295
	0.027341	0.000901	0.021099	-0.041330	0.000304	-0.006719	0.003296	0.068700
	0.021185	-0.010214	0.013672	-0.051855	0.000631	-0.019047	0.011408	0.051120
	0.017019	-0.019198	0.005912	-0.057289	-0.002088	-0.030838	0.015969	0.031310
	0.015701	-0.025007	-0.001750	-0.056484	-0.007570	-0.040849	0.017418	0.013038
	0.016893	-0.027389	-0.009196	-0.049734	-0.014959	-0.048284	0.016609	-0.000946
	0.019000	-0.026624	-0.016471	-0.038650	-0.023110	-0.052784	0.014283	-0.009559
	0.019570	-0.023196	-0.023578	-0.025686	-0.030868	-0.054315	0.010725	-0.013473
	0.016071	-0.017585	-0.030301	-0.013453	-0.037247	-0.053020	0.005753	-0.014622
	0.006800	-0.010224	-0.036110	-0.004027	-0.041483	-0.049077	-0.001002	-0.015342
	-0.008395	-0.001609	-0.040187	0.001535	-0.042996	-0.042621	-0.009651	-0.017456
	-0.027826	0.007536	-0.041591	0.003357	-0.041320	-0.033750	-0.019657	-0.021617
	-0.048274	0.016176	-0.039502	0.002541	-0.036107	-0.022610	-0.029679	-0.027140
	-0.065804	0.023050	-0.033492	0.000704	-0.027219	-0.009541	-0.037768	-0.032363
	-0.076885	0.026944	-0.023745	-0.000598	-0.014932	0.004782	-0.041862	-0.035382
	-0.079434	0.027057	-0.011154	-0.000356	-0.000140	0.019263	-0.040442	-0.034880
	-0.073461	0.023328	0.002743	0.001627	0.015521	0.032417	-0.033101	-0.030733
	-0.061083	0.016573	0.015985	0.004778	0.029762	0.042559	-0.020825	-0.024144
	-0.045879	0.008334	0.026531	0.008051	0.039987	0.048115	-0.005852	-0.017269
	-0.031783	0.000467	0.032660	0.010367	0.043857	0.048022	0.008879	-0.012434
	-0.021878	-0.005430	0.033331	0.011034	0.039952	0.042092	0.020521	-0.011251
	-0.017470	-0.008536	0.028423	0.009997	0.028315	0.031232	0.027120	-0.013952
	-0.017766	-0.009103	0.018803	0.007848	0.010712	0.017419	0.028159	-0.019212
	-0.020275	-0.008386	0.006193	0.005582	-0.009575	0.003382	0.024662	-0.024544
	-0.021786	-0.008216	-0.007135	0.004213	-0.028384	-0.007960	0.018822	-0.027163
	-0.019617	-0.010331	-0.018787	0.004374	-0.041660	-0.014199	0.013260	-0.025015
	-0.012677	-0.015684	-0.026703	0.006060	-0.046496	-0.014069	0.010161	-0.017608
	-0.001987	-0.023976	-0.029543	0.008601	-0.041961	-0.007830	0.010569	-0.006320
	0.009570	-0.033579	-0.026938	0.010887	-0.029433	0.002742	0.014063	0.005953
	0.018196	-0.041911	-0.019544	0.011759	-0.012302	0.014791	0.018938	0.015734
	0.020539	-0.046163	-0.008888	0.010453	0.004902	0.025159	0.022834	0.020181
	0.014991	-0.044165	0.002953	0.006918	0.017746	0.031274	0.023591	0.018160
	0.002488	-0.035114	0.013776	0.001917	0.023131	0.031904	0.020066	0.010797
	-0.013525	-0.019941	0.021690	-0.003162	0.020169	0.027500	0.012620	0.001247
	-0.027987	-0.001169	0.025471	-0.006709	0.010417	0.020031	0.003099	-0.006274
	-0.035744	0.017682	0.024777	-0.007405	-0.002606	0.012299	-0.005698	-0.007917
	-0.033209	0.033003	0.020170	-0.004672	-0.014507	0.006958	-0.010915	-0.001633
	-0.019641	0.042026	0.012952	0.001090	-0.021369	0.005538	-0.010607	0.011896
	0.002429	0.043530	0.004871	0.008562	-0.020956	0.007821	-0.004482	0.029185
	0.027780	0.038109	-0.002256	0.015842	-0.013397	0.011794	0.005860	0.044822
	0.049988	0.027939	-0.006907	0.020989	-0.001115	0.014255	0.017270	0.053070
	0.063355	0.016142	-0.008137	0.022571	0.011971	0.011913	0.025916	0.049728
	0.064690	0.005922	-0.005728	0.020081	0.021730	0.002628	0.028410	0.033639
	0.054372	-0.000261	-0.000187	0.014068	0.025176	-0.013605	0.022870	0.007359
	0.036322	-0.001259	0.007395	0.005956	0.021462	-0.034309	0.009575	-0.023317
	0.016852	0.002588	0.015575	-0.002401	0.012169	-0.054979	-0.008984	-0.050853
	0.002732	0.009694	0.022839	-0.009282	0.000803	-0.070268	-0.028712	-0.068104
	-0.000954	0.017768	0.027875	-0.013594	-0.008353	-0.075555	-0.044996	-0.070431
	0.007522	0.024493	0.029781	-0.015147	-0.011662	-0.068436	-0.053970	-0.057149
	0.025865	0.028144	0.028189	-0.014616	-0.007356	-0.049613	-0.053593	-0.031824
	0.048341	0.027983	0.023309	-0.013208	0.003843	-0.022895	-0.044203	-0.001313
	0.067448	0.024353	0.015862	-0.012156	0.018922	0.005773	-0.028407	0.026212
	0.076188	0.018485	0.006963	-0.012204	0.033546	0.029974	-0.010324	0.043652
	0.070237	0.012101	-0.002061	-0.013289	0.043463	0.044668	0.005601	0.047064
	0.049346	0.006929	-0.009874	-0.014517	0.045898	0.047662	0.015847	0.036787
	0.017532	0.004272	-0.015342	-0.014472	0.040456	0.040200	0.018770	0.017257
	-0.018031	0.004716	-0.017723	-0.011760	0.029218	0.026476	0.014985	-0.004445
	-0.049071	0.008034	-0.016799	-0.005591	0.016006	0.012208	0.007067	-0.020857
	-0.068616	0.013284	-0.012942	0.003782	0.005041	0.002721	-0.001327	-0.026516
	-0.073000	0.019054	-0.007079	0.014966	-0.000530	0.001169	-0.006642	-0.019704
	-0.062858	0.023800	-0.000546	0.025719	0.000252	0.007493	-0.006551	-0.002997
	-0.042819	0.026197	0.005148	0.033565	0.005825	0.018468	-0.000672	0.017546
	-0.019998	0.025432	0.008618	0.036553	0.012670	0.028858	0.009327	0.034338
	-0.001759	0.021395	0.008900	0.033913	0.016601	0.033300	0.020273	0.040724
	0.006548	0.014709	0.005694	0.026372	0.014357	0.028287	0.028510	0.033190
	0.003191	0.006610	-0.000530	0.016022	0.004921	0.013589	0.031071	0.012624
	-0.009496	-0.001322	-0.008586	0.005729	-0.009907	-0.007420	0.026650	-0.015798
	-0.025941	-0.007529	-0.016792	-0.001736	-0.025925	-0.028656	0.016059	-0.044065
	-0.039155	-0.010854	-0.023326	-0.004566	-0.037860	-0.043223	0.002025	-0.063700
	-0.042984	-0.010855	-0.026631	-0.002521	-0.041173	-0.045677	-0.011604	-0.068306
	-0.034082	-0.007950	-0.025778	0.002967	-0.033757	-0.033951	-0.021019	-0.055530
	-0.012996	-0.003344	-0.020696	0.009242	-0.016933	-0.010268	-0.023618	-0.027817
	0.015946	0.001252	-0.012206	0.013293	0.004673	0.019290	-0.018821	0.008249
	0.045891	0.004078	-0.001846	0.012792	0.024367	0.046457	-0.008287	0.043832
	0.069467	0.003808	0.008471	0.006941	0.035425	0.063216	0.004546	0.070367
	0.080892	-0.000051	0.016890	-0.003149	0.033292	0.064222	0.015468	0.081958
	0.077565	-0.006986	0.022021	-0.014707	0.017223	0.048455	0.020751	0.076925
	0.060667	-0.015601	0.023224	-0.024132	-0.009188	0.019585	0.018281	0.058071
	0.034641	-0.024006	0.020704	-0.028150	-0.038840	-0.015085	0.008236	0.031616
	0.005749	-0.030378	0.015405	-0.024934	-0.063101	-0.046751	-0.006901	0.005170
	-0.019801	-0.033525	0.008737	-0.014814	-0.074361	-0.067666	-0.022994	-0.014606
	-0.037560	-0.033273	0.002213	-0.000313	-0.068390	-0.073307	-0.035389	-0.023907
	-0.045873	-0.030540	-0.002896	0.014521	-0.045743	-0.063517	-0.040210	-0.022705
	-0.045962	-0.027056	-0.005819	0.025320	-0.011761	-0.042288	-0.035445	-0.014423
	-0.041095	-0.024801	-0.006389	0.028750	0.024863	-0.016310	-0.021514	-0.004524
	-0.035184	-0.025334	-0.005000	0.023592	0.054552	0.007202	-0.001178	0.001497
	-0.031317	-0.029216	-0.002439	0.011180	0.069591	0.022691	0.021179	0.000041
	-0.030708	-0.035730	0.000334	-0.004967	0.066327	0.027763	0.040685	-0.009362
	-0.032422	-0.043010	0.002407	-0.020210	0.046160	0.023573	0.053206	-0.023914
	-0.033925	-0.048556	0.003081	-0.030244	0.015022	0.014039	0.056329	-0.038521
	-0.032234	-0.049988	0.001958	-0.032458	-0.018451	0.004239	0.049851	-0.047549
	-0.025256	-0.045817	-0.001023	-0.026752	-0.045507	-0.001446	0.035682	-0.046777
	-0.012815	-0.035984	-0.005604	-0.015553	-0.059783	-0.000772	0.017215	-0.034916
	0.002993	-0.021988	-0.011240	-0.002978	-0.058990	0.005780	-0.001621	-0.014197
	0.018275	-0.006533	-0.017134	0.006558	-0.045275	0.015434	-0.017344	0.010174
	0.028493	0.007191	-0.022300	0.009863	-0.024212	0.024337	-0.027673	0.031512
	0.029946	0.016406	-0.025657	0.006074	-0.002790	0.029075	-0.031883	0.043652
	0.021071	0.019548	-0.026195	-0.003002	0.012912	0.027939	-0.030703	0.042825
	0.003156	0.016712	-0.023190	-0.013485	0.019587	0.021476	-0.025860	0.028839
	-0.019804	0.009636	-0.016453	-0.020754	0.017534	0.012159	-0.019436	0.005209
	-0.042084	0.001188	-0.006532	-0.021100	0.010219	0.003337	-0.013263	-0.021795
	-0.057762	-0.005460	0.005208	-0.013133	0.002757	-0.002115	-0.008516	-0.044893
	-0.062338	-0.007743	0.016703	0.001536	-0.000114	-0.002931	-0.005602	-0.057810
	-0.053994	-0.004421	0.025533	0.018615	0.004135	0.000070	-0.004315	-0.056969
	-0.034087	0.004102	0.029446	0.032387	0.014823	0.004325	-0.004157	-0.042392
	-0.006774	0.015929	0.026960	0.037531	0.028236	0.006572	-0.004675	-0.017582
	0.022117	0.028249	0.017880	0.030917	0.038922	0.004184	-0.005685	0.011544
	0.046633	0.038139	0.003568	0.012806	0.041660	-0.003711	-0.007296	0.038312
	0.062192	0.043364	-0.013166	-0.012983	0.033427	-0.015755	-0.009750	0.057055
	0.066631	0.042939	-0.028566	-0.040031	0.014684	-0.028739	-0.013161	0.064477
	0.060538	0.037308	-0.038755	-0.061123	-0.010467	-0.038711	-0.017264	0.060274
	0.046835	0.028131	-0.040694	-0.070366	-0.035363	-0.042415	-0.021304	0.046906
	0.029805	0.017751	-0.033018	-0.064964	-0.052745	-0.038546	-0.024122	0.028648
	0.013869	0.008536	-0.016524	-0.046073	-0.057015	-0.028326	-0.024435	0.010273
	0.002503	0.002286	0.005870	-0.018474	-0.046050	-0.015187	-0.021224	-0.004246
	-0.002440	-0.000146	0.029704	0.010845	-0.021989	-0.003617	-0.014109	-0.012640
	-0.000873	0.001058	0.049992	0.034762	0.009263	0.002420	-0.003576	-0.014657
	0.005869	0.004871	0.062398	0.048091	0.039676	0.000948	0.009030	-0.011767
	0.015659	0.009792	0.064294	0.049013	0.061386	-0.007210	0.021758	-0.006434
	0.026249	0.014272	0.055391	0.039410	0.068928	-0.018600	0.032493	-0.001229
	0.035764	0.017080	0.037780	0.024034	0.060747	-0.028258	0.039452	0.001928
	0.042905	0.017529	0.015368	0.008789	0.039550	-0.031420	0.041605	0.002197
	0.046888	0.015550	-0.007131	-0.001289	0.011406	-0.025265	0.038888	-0.000178
	0.047231	0.011621	-0.025384	-0.003702	-0.016082	-0.010054	0.032164	-0.004188
	0.043576	0.006623	-0.036459	0.000756	-0.035976	0.010728	0.022950	-0.008571
	0.035652	0.001648	-0.039426	0.008388	-0.043898	0.031334	0.013003	-0.012287
	0.023446	-0.002188	-0.035377	0.014001	-0.039090	0.045524	0.003900	-0.014799
	0.007494	-0.003943	-0.026906	0.012846	-0.024368	0.048581	-0.003276	-0.016107
	-0.010857	-0.003017	-0.017225	0.002446	-0.005061	0.038907	-0.008045	-0.016531
	-0.029392	0.000687	-0.009198	-0.016311	0.012693	0.018663	-0.010448	-0.016398
	-0.045274	0.006664	-0.004587	-0.039195	0.023736	-0.006782	-0.010819	-0.015749
	-0.055621	0.013798	-0.003707	-0.059797	0.025237	-0.030414	-0.009516	-0.014226
	-0.058253	0.020498	-0.005574	-0.071473	0.017239	-0.045687	-0.006726	-0.011160
	-0.052402	0.024986	-0.008435	-0.069453	0.002332	-0.048479	-0.002420	-0.005867
	-0.039117	0.025705	-0.010488	-0.052447	-0.015365	-0.038293	0.003530	0.001986
	-0.021196	0.021762	-0.010523	-0.023225	-0.031520	-0.018317	0.011111	0.012058
	-0.002600	0.013279	-0.008282	0.012037	-0.042778	0.005657	0.019929	0.023202
	0.012531	0.001521	-0.004437	0.045445	-0.047465	0.027091	0.029053	0.033582
	0.020974	-0.011286	-0.000211	0.069609	-0.045684	0.040724	0.037053	0.041034
	0.021306	-0.022432	0.003176	0.079716	-0.038852	0.044111	0.042234	0.043570
	0.014290	-0.029415	0.005032	0.074836	-0.028947	0.038202	0.043038	0.039903
	0.002624	-0.030648	0.005480	0.058060	-0.017763	0.026809	0.038478	0.029821
	-0.009898	-0.025970	0.005398	0.035470	-0.006456	0.015167	0.028490	0.014330
	-0.019557	-0.016786	0.006045	0.014249	0.004519	0.008095	0.014068	-0.004508
	-0.023853	-0.005738	0.008505	0.000544	0.015092	0.008372	-0.002868	-0.023968
	-0.022261	0.004007	0.013173	-0.002296	0.025113	0.015849	-0.019860	-0.041221
	-0.016338	0.009687	0.019490	0.005427	0.033952	0.027569	-0.034447	-0.053886
	-0.009155	0.009793	0.026025	0.020024	0.040396	0.038813	-0.044715	-0.060470
	-0.004216	0.004579	0.030923	0.035692	0.042897	0.044723	-0.049694	-0.060590
	-0.004226	-0.003954	0.032535	0.046348	0.040125	0.041928	-0.049508	-0.054940
	-0.010108	-0.012634	0.030039	0.047482	0.031593	0.029667	-0.045243	-0.045044
	-0.020611	-0.018088	0.023794	0.037454	0.018122	0.010057	-0.038578	-0.032867
	-0.032654	-0.017830	0.015297	0.017889	0.001921	-0.012557	-0.031301	-0.020385
	-0.042310	-0.011119	0.006728	-0.006894	-0.013799	-0.032914	-0.024867	-0.009218
	-0.046120	0.000694	0.000229	-0.031206	-0.025597	-0.046387	-0.020101	-0.000401
	-0.042309	0.014460	-0.002848	-0.049607	-0.030738	-0.050265	-0.017138	0.005687
	-0.031479	0.026105	-0.002450	-0.058354	-0.028012	-0.044402	-0.015578	0.009244
	-0.016539	0.031827	0.000112	-0.056250	-0.018143	-0.031065	-0.014769	0.010853
	-0.001844	0.029257	0.002575	-0.044720	-0.003678	-0.014099	-0.014117	0.011257
	0.008184	0.018214	0.002515	-0.027164	0.011667	0.002284	-0.013296	0.011147
	0.010548	0.000831	-0.001755	-0.007847	0.023992	0.014676	-0.012291	0.011019
	0.004773	-0.019010	-0.010481	0.009279	0.030247	0.021271	-0.011278	0.011120
	-0.006763	-0.036762	-0.022212	0.021492	0.029019	0.022068	-0.010401	0.011483
	-0.019398	-0.048477	-0.034119	0.027705	0.020842	0.018519	-0.009561	0.012012
	-0.027537	-0.051878	-0.042807	0.028339	0.007958	0.012794	-0.008315	0.012602
	-0.026377	-0.046908	-0.045383	0.024794	-0.006367	0.006974	-0.005948	0.013230
	-0.013484	-0.035624	-0.040441	0.018761	-0.018762	0.002438	-0.001711	0.013997
	0.010266	-0.021470	-0.028623	0.011649	-0.026611	-0.000369	0.004847	0.015113
	0.040693	-0.008206	-0.012572	0.004300	-0.028621	-0.001788	0.013586	0.016816
	0.071314	0.001170	0.003755	-0.002967	-0.024957	-0.002532	0.023636	0.019255
	0.095038	0.005172	0.016209	-0.010058	-0.016958	-0.003226	0.033492	0.022388
	0.105746	0.004028	0.021668	-0.016758	-0.006576	-0.004093	0.041346	0.025907
	0.101618	-0.000663	0.018990	-0.022502	0.004251	-0.004904	0.045566	0.029250
	0.082440	-0.006685	0.009373	-0.026397	0.014084	-0.005196	0.045185	0.031692
	0.052850	-0.012041	-0.003969	-0.027502	0.022187	-0.004617	0.040231	0.032510
	0.019421	-0.015593	-0.016740	-0.025253	0.028430	-0.003245	0.031787	0.031175
	-0.010762	-0.017279	-0.024818	-0.019843	0.032984	-0.001710	0.021735	0.027528
	-0.031951	-0.017867	-0.025449	-0.012386	0.035958	-0.001049	0.012261	0.021868
	-0.041132	-0.018367	-0.018034	-0.004746	0.037155	-0.002342	0.005252	0.014934
	-0.038601	-0.019376	-0.004267	0.000957	0.036054	-0.006245	0.001775	0.007743
	-0.027599	-0.020618	0.012383	0.003009	0.032022	-0.012633	0.001808	0.001352
	-0.013161	-0.020896	0.027682	0.000722	0.024675	-0.020473	0.004297	-0.003437
	-0.000560	-0.018494	0.037810	-0.005208	0.014235	-0.028013	0.007525	-0.006297
	0.006179	-0.011892	0.040365	-0.012782	0.001721	-0.033238	0.009674	-0.007489
	0.005275	-0.000523	0.034911	-0.019203	-0.011130	-0.034438	0.009398	-0.007784
	-0.002537	0.014719	0.022944	-0.021699	-0.022223	-0.030699	0.006214	-0.008221
	-0.014493	0.031467	0.007352	-0.018407	-0.029645	-0.022167	0.000603	-0.009744
	-0.026813	0.046403	-0.008440	-0.009036	-0.032226	-0.009993	-0.006214	-0.012836
	-0.035896	0.056198	-0.021352	0.004900	-0.029921	0.004008	-0.012737	-0.017262
	-0.039331	0.058553	-0.029303	0.020388	-0.023881	0.017834	-0.017713	-0.022022
	-0.036433	0.053009	-0.031496	0.033683	-0.016175	0.029771	-0.020550	-0.025567
	-0.028216	0.041210	-0.028320	0.041321	-0.009213	0.038674	-0.021466	-0.026243
	-0.016870	0.026514	-0.020980	0.041086	-0.005058	0.044017	-0.021333	-0.022851
	-0.004970	0.013033	-0.011048	0.032631	-0.004822	0.045718	-0.021263	-0.015156
	0.005298	0.004387	-0.000096	0.017599	-0.008330	0.043865	-0.022107	-0.004191
	0.012664	0.002585	0.010495	-0.000823	-0.014167	0.038501	-0.024030	0.007808
	0.016925	0.007367	0.019534	-0.018745	-0.020091	0.029576	-0.026354	0.017829
	0.018730	0.016269	0.025945	-0.032579	-0.023688	0.017106	-0.027712	0.022831
	0.019143	0.025365	0.028724	-0.039918	-0.023086	0.001482	-0.026500	0.020614
	0.019158	0.030492	0.027034	-0.040034	-0.017510	-0.016235	-0.021458	0.010568
	0.019361	0.028551	0.020454	-0.033888	-0.007531	-0.034191	-0.012209	-0.005935
	0.019816	0.018492	0.009296	-0.023700	0.005060	-0.049915	0.000461	-0.025658
	0.020189	0.001667	-0.005152	-0.012218	0.017708	-0.060805	0.014668	-0.044159
	0.020015	-0.018547	-0.020619	-0.001951	0.027740	-0.064810	0.027856	-0.056859
	0.018966	-0.037725	-0.034175	0.005418	0.033008	-0.061100	0.037445	-0.060244
	0.017021	-0.051652	-0.042860	0.009286	0.032387	-0.050469	0.041519	-0.052889
	0.014467	-0.057474	-0.044468	0.010031	0.025980	-0.035306	0.039335	-0.035991
	0.011748	-0.054388	-0.038250	0.008633	0.015022	-0.019075	0.031501	-0.013222
	0.009255	-0.043699	-0.025286	0.006204	0.001534	-0.005416	0.019786	0.010099
	0.007148	-0.028266	-0.008352	0.003589	-0.012155	0.002869	0.006620	0.028327
	0.005304	-0.011557	0.008725	0.001176	-0.023898	0.004644	-0.005534	0.036975
	0.003404	0.003351	0.022086	-0.001055	-0.032100	0.000794	-0.014754	0.033951
	0.001115	0.014508	0.028928	-0.003303	-0.035925	-0.006029	-0.020005	0.020194
	-0.001711	0.021363	0.028328	-0.005670	-0.035322	-0.012214	-0.021181	-0.000480
	-0.004928	0.024542	0.021538	-0.007968	-0.030914	-0.014321	-0.018882	-0.022314
	-0.008128	0.025267	0.011620	-0.009713	-0.023814	-0.010181	-0.014035	-0.039081
	-0.010812	0.024699	0.002516	-0.010297	-0.015404	0.000385	-0.007539	-0.045713
	-0.012623	0.023432	-0.002168	-0.009277	-0.007141	0.015458	-0.000057	-0.039635
	-0.013547	0.021356	-0.000284	-0.006644	-0.000375	0.031584	0.007970	-0.021439
	-0.013966	0.017877	0.008172	-0.002943	0.003825	0.044819	0.016124	0.005261
	-0.014533	0.012405	0.021058	0.000840	0.004823	0.051944	0.023749	0.034776
	-0.015899	0.004856	0.034753	0.003593	0.002556	0.051449	0.029774	0.060792
	-0.018385	-0.004036	0.045301	0.004511	-0.002389	0.043978	0.032755	0.077929
	-0.021751	-0.012757	0.049655	0.003462	-0.008795	0.032084	0.031172	0.082997
	-0.025160	-0.019408	0.046632	0.001154	-0.014977	0.019395	0.023917	0.075602
	-0.027397	-0.022307	0.037256	-0.001007	-0.019079	0.009438	0.010820	0.058018
	-0.027282	-0.020583	0.024402	-0.001352	-0.019481	0.004535	-0.006983	0.034380
	-0.024133	-0.014528	0.011830	0.001463	-0.015218	0.005107	-0.027021	0.009509
	-0.018120	-0.005556	0.002952	0.007895	-0.006300	0.009626	-0.045852	-0.012290
	-0.010335	0.004222	-0.000282	0.017201	0.006172	0.015213	-0.059785	-0.028111
	-0.002539	0.012667	0.001983	0.027498	0.020156	0.018676	-0.065768	-0.036808
	0.003380	0.018288	0.007561	0.036218	0.033087	0.017638	-0.062199	-0.038822
	0.006051	0.020671	0.012947	0.040843	0.042457	0.011384	-0.049411	-0.035614
	0.005144	0.020516	0.014466	0.039683	0.046430	0.001123	-0.029682	-0.028970
	0.001578	0.019257	0.009481	0.032466	0.044310	-0.010389	-0.006737	-0.020442
	-0.002699	0.018420	-0.002718	0.020517	0.036720	-0.019763	0.015121	-0.011102
	-0.005324	0.018952	-0.020616	0.006468	0.025447	-0.024104	0.032022	-0.001637
	-0.004328	0.020791	-0.040852	-0.006447	0.012960	-0.021973	0.041403	0.007326
	0.001110	0.022836	-0.059141	-0.015276	0.001770	-0.013871	0.042508	0.014897
	0.010246	0.023354	-0.071443	-0.018166	-0.006224	-0.002075	0.036411	0.019789
	0.020862	0.020665	-0.075024	-0.014836	-0.010174	0.010103	0.025571	0.020522
	0.029856	0.013871	-0.069121	-0.006585	-0.010400	0.019400	0.013094	0.015934
	0.034187	0.003340	-0.055025	0.004175	-0.008155	0.023642	0.001917	0.005815
	0.031864	-0.009245	-0.035632	0.014675	-0.005106	0.022417	-0.005854	-0.008596
	0.022654	-0.021313	-0.014627	0.022594	-0.002720	0.017140	-0.009286	-0.024495
	0.008280	-0.030178	0.004420	0.026649	-0.001745	0.010508	-0.008616	-0.037959
	-0.008006	-0.033894	0.018797	0.026783	-0.001968	0.005519	-0.004948	-0.044874
	-0.022325	-0.031891	0.027047	0.023926	-0.002337	0.004394	0.000196	-0.042138
	-0.031289	-0.025173	0.028984	0.019446	-0.001395	0.007775	0.005311	-0.028765
	-0.032985	-0.015998	0.025421	0.014522	0.002105	0.014450	0.009209	-0.006506
	-0.027487	-0.007145	0.017754	0.009679	0.008620	0.021718	0.011142	0.020284
	-0.016775	-0.001033	0.007581	0.004676	0.017484	0.026277	0.010776	0.045566
	-0.004062	0.001019	-0.003542	-0.001221	0.026948	0.025333	0.008104	0.063133
	0.007213	-0.000873	-0.014188	-0.008692	0.034610	0.017580	0.003374	0.068310
	0.014407	-0.005334	-0.023051	-0.017762	0.038114	0.003731	-0.002905	0.059320
	0.016370	-0.010332	-0.028947	-0.027424	0.035906	-0.013588	-0.009906	0.037909
	0.013604	-0.013981	-0.030893	-0.035664	0.027797	-0.030539	-0.016444	0.008984
	0.007868	-0.015238	-0.028298	-0.039940	0.015147	-0.043162	-0.021040	-0.020647
	0.001401	-0.014247	-0.021191	-0.037994	0.000578	-0.048521	-0.022155	-0.044096
	-0.003943	-0.012201	-0.010387	-0.028724	-0.012716	-0.045551	-0.018578	-0.056254
	-0.007320	-0.010785	0.002528	-0.012816	-0.021858	-0.035362	-0.009893	-0.055104
	-0.009066	-0.011428	0.015461	0.007128	-0.025124	-0.020917	0.003159	-0.042291
	-0.010362	-0.014646	0.026273	0.027067	-0.022450	-0.006202	0.018564	-0.022274
	-0.012549	-0.019757	0.033330	0.042494	-0.015457	0.004870	0.033292	-0.001175
	-0.016366	-0.025068	0.035941	0.049643	-0.006963	0.009488	0.043923	0.015160
	-0.021434	-0.028498	0.034525	0.046561	-0.000120	0.006627	0.047518	0.022769
	-0.026206	-0.028382	0.030409	0.033698	0.002551	-0.002780	0.042502	0.020564
	-0.028426	-0.024176	0.025309	0.013830	-0.000035	-0.016198	0.029274	0.010406
	-0.025958	-0.016755	0.020645	-0.008694	-0.007170	-0.030228	0.010331	-0.003718
	-0.017674	-0.008193	0.016953	-0.029132	-0.016529	-0.041494	-0.010200	-0.017100
	-0.004067	-0.001061	0.013623	-0.043630	-0.024856	-0.047442	-0.027551	-0.025826
	0.012667	0.002498	0.009093	-0.050176	-0.028947	-0.046850	-0.037554	-0.027917
	0.029159	0.001588	0.001496	-0.048979	-0.026644	-0.039955	-0.037816	-0.023756
	0.041848	-0.003038	-0.010458	-0.042160	-0.017531	-0.028236	-0.028448	-0.015709
	0.048113	-0.009174	-0.026652	-0.032891	-0.003138	-0.013950	-0.012140	-0.007130
	0.047147	-0.013900	-0.045126	-0.024285	0.013436	0.000416	0.006504	-0.001109
	0.040272	-0.014623	-0.062242	-0.018413	0.028343	0.012651	0.022178	0.000570
	0.030549	-0.010057	-0.073491	-0.015763	0.038032	0.021171	0.030322	-0.002043
	0.021805	-0.000763	-0.074747	-0.015292	0.040192	0.025197	0.028384	-0.007235
	0.017366	0.010946	-0.063614	-0.015037	0.034341	0.024774	0.016532	-0.012365
	0.018937	0.021747	-0.040415	-0.013013	0.021889	0.020663	-0.002380	-0.014892
	0.026007	0.028441	-0.008498	-0.008100	0.005678	0.014151	-0.023599	-0.013290
	0.035975	0.029103	0.026344	-0.000563	-0.010849	0.006822	-0.041759	-0.007557
	0.044979	0.023814	0.057189	0.007951	-0.024586	0.000286	-0.052312	0.000877
	0.049159	0.014722	0.077741	0.014958	-0.033537	-0.004104	-0.052693	0.009753
	0.045914	0.005363	0.083986	0.018013	-0.037198	-0.005512	-0.042891	0.016863
	0.034765	-0.000535	0.075283	0.015613	-0.036474	-0.003815	-0.025306	0.020870
	0.017513	-0.000365	0.054545	0.007815	-0.033186	0.000337	-0.003967	0.021760
	-0.002324	0.006392	0.027437	-0.003665	-0.029353	0.005644	0.016622	0.020763
	-0.020622	0.017892	0.000830	-0.015902	-0.026497	0.010463	0.032664	0.019807
	-0.033896	0.030465	-0.019067	-0.025614	-0.025198	0.013258	0.041915	0.020695
	-0.040296	0.039812	-0.028324	-0.030138	-0.025023	0.013071	0.044005	0.024349
	-0.039997	0.042456	-0.026210	-0.028221	-0.024828	0.009871	0.040184	0.030397
	-0.034917	0.036969	-0.015163	-0.020358	-0.023310	0.004657	0.032640	0.037260
	-0.027872	0.024544	0.000149	-0.008606	-0.019598	-0.000774	0.023659	0.042710
	-0.021516	0.008701	0.014360	0.004066	-0.013670	-0.004340	0.014906	0.044685
	-0.017446	-0.005784	0.023042	0.014657	-0.006439	-0.004352	0.007068	0.042050
	-0.015802	-0.014392	0.023962	0.020949	0.000508	-0.000143	-0.000090	0.035028
	-0.015466	-0.014311	0.017575	0.022036	0.005451	0.007585	-0.007300	0.025121
	-0.014765	-0.005344	0.006678	0.018403	0.007138	0.016817	-0.015217	0.014576
	-0.012363	0.010013	-0.004655	0.011599	0.005264	0.024746	-0.023921	0.005568
	-0.007987	0.027357	-0.012453	0.003641	0.000626	0.028605	-0.032697	-0.000559
	-0.002669	0.041754	-0.014110	-0.003617	-0.005094	0.026577	-0.040178	-0.003726
	0.001608	0.049248	-0.009138	-0.008953	-0.009866	0.018487	-0.044786	-0.005049
	0.002730	0.048019	0.000806	-0.011948	-0.011994	0.006017	-0.045321	-0.006291
	-0.000576	0.038814	0.012573	-0.012869	-0.010701	-0.007665	-0.041442	-0.009050
	-0.008003	0.024549	0.022617	-0.012345	-0.006432	-0.018780	-0.033881	-0.013997
	-0.017500	0.009243	0.028137	-0.011015	-0.000735	-0.024086	-0.024271	-0.020469
	-0.025797	-0.003327	0.027924	-0.009285	0.004249	-0.021928	-0.014653	-0.026609
	-0.029479	-0.010794	0.022626	-0.007264	0.006533	-0.012842	-0.006812	-0.030020
	-0.026262	-0.012812	0.014409	-0.004880	0.005037	0.000497	-0.001682	-0.028718
	-0.016006	-0.010930	0.006145	-0.002079	0.000081	0.014027	0.000964	-0.022029
	-0.001054	-0.007829	0.000425	0.001021	-0.006563	0.023518	0.002414	-0.011091
	0.014271	-0.006220	-0.001274	0.004113	-0.012095	0.025904	0.004533	0.001276
	0.024923	-0.007812	0.000993	0.006840	-0.013507	0.020294	0.009037	0.011327
	0.026750	-0.012716	0.005751	0.009025	-0.008538	0.008321	0.016774	0.015560
	0.017955	-0.019464	0.010679	0.010885	0.003511	-0.006310	0.027270	0.011904
	-0.000113	-0.025618	0.013432	0.013086	0.021389	-0.018946	0.038704	0.000523
	-0.023146	-0.028710	0.012431	0.016581	0.042050	-0.025459	0.048365	-0.016061
	-0.045027	-0.027163	0.007376	0.022246	0.061369	-0.023581	0.053454	-0.033613
	-0.059608	-0.020850	-0.000675	0.030437	0.075212	-0.013682	0.051996	-0.047408
	-0.062566	-0.011123	-0.009656	0.040642	0.080557	0.001296	0.043561	-0.053653
	-0.052737	-0.000310	-0.017145	0.051392	0.076360	0.016717	0.029559	-0.050658
	-0.032496	0.009094	-0.021100	0.060519	0.063871	0.027713	0.012973	-0.039364
	-0.007039	0.015240	-0.020452	0.065717	0.046330	0.030739	-0.002398	-0.023068
	0.017189	0.017436	-0.015392	0.065258	0.028087	0.024735	-0.012987	-0.006419
	0.034432	0.016182	-0.007293	0.058608	0.013416	0.011519	-0.016491	0.005976
	0.041301	0.012762	0.001684	0.046735	0.005343	-0.004739	-0.012553	0.010904
	0.037656	0.008568	0.009158	0.031955	0.004845	-0.018790	-0.002900	0.007425
	0.026432	0.004461	0.013112	0.017338	0.010630	-0.025937	0.009134	-0.002978
	0.012501	0.000425	0.012333	0.005840	0.019577	-0.023506	0.019557	-0.016984
	0.000972	-0.004345	0.006628	-0.000573	0.027694	-0.011689	0.024881	-0.030529
	-0.004484	-0.010946	-0.003207	-0.001510	0.031309	0.006497	0.023129	-0.040023
	-0.002729	-0.020091	-0.015617	0.001743	0.028156	0.026129	0.014408	-0.043305
	0.004678	-0.031531	-0.028625	0.006662	0.018019	0.041858	0.000859	-0.040026
	0.014258	-0.043841	-0.040209	0.010311	0.002776	0.049498	-0.013983	-0.031433
	0.022029	-0.054694	-0.048632	0.010308	-0.014175	0.047210	-0.026243	-0.019662
	0.025030	-0.061561	-0.052699	0.005587	-0.028931	0.035933	-0.032839	-0.006878
	0.022404	-0.062578	-0.051913	-0.003285	-0.038218	0.018956	-0.032369	0.005409
	0.015656	-0.057270	-0.046539	-0.014346	-0.040329	0.000793	-0.025474	0.016617
	0.007994	-0.046831	-0.037566	-0.024936	-0.035584	-0.014238	-0.014590	0.026881
	0.003020	-0.033815	-0.026556	-0.032623	-0.026194	-0.023284	-0.003163	0.036502
	0.003238	-0.021325	-0.015401	-0.036015	-0.015583	-0.025660	0.005421	0.045337
	0.008949	-0.011964	-0.005991	-0.035193	-0.007385	-0.022809	0.008855	0.052431
	0.017951	-0.006926	0.000155	-0.031609	-0.004418	-0.017578	0.006579	0.056089
	0.026191	-0.005569	0.002224	-0.027492	-0.007928	-0.013098	-0.000102	0.054424
	0.029167	-0.005667	0.000318	-0.024989	-0.017311	-0.011672	-0.008481	0.046181
	0.023610	-0.004276	-0.004527	-0.025344	-0.030372	-0.014047	-0.015321	0.031527
	0.008852	0.001072	-0.010549	-0.028420	-0.044014	-0.019309	-0.017877	0.012466
	-0.012606	0.011260	-0.015668	-0.032740	-0.055128	-0.025371	-0.014726	-0.007350
	-0.035585	0.024982	-0.018006	-0.036028	-0.061415	-0.029871	-0.006182	-0.023431
	-0.053649	0.038918	-0.016379	-0.036076	-0.061910	-0.031106	0.005838	-0.031680
	-0.061032	0.048663	-0.010631	-0.031611	-0.057072	-0.028673	0.018426	-0.029650
	-0.054468	0.050166	-0.001700	-0.022862	-0.048462	-0.023577	0.028553	-0.017417
	-0.034326	0.041203	0.008614	-0.011618	-0.038139	-0.017789	0.033939	0.002256
	-0.004679	0.022387	0.018115	-0.000741	-0.027984	-0.013437	0.033628	0.024562
	0.027729	-0.002655	0.024797	0.006708	-0.019184	-0.011934	0.028121	0.043941
	0.055325	-0.028053	0.027369	0.008433	-0.012002	-0.013390	0.019058	0.055620
	0.071776	-0.047218	0.025581	0.003643	-0.005900	-0.016527	0.008575	0.056946
	0.073680	-0.054680	0.020248	-0.006683	0.000085	-0.019142	-0.001409	0.048087
	0.061379	-0.047676	0.012979	-0.020068	0.006840	-0.018944	-0.009741	0.031879
	0.038693	-0.027007	0.005696	-0.033268	0.014752	-0.014469	-0.016229	0.012892
	0.011684	0.003108	0.000097	-0.043187	0.023491	-0.005717	-0.021454	-0.003978
	-0.013109	0.036142	-0.002780	-0.047703	0.032064	0.005721	-0.026290	-0.014938
	-0.030435	0.064991	-0.002762	-0.046127	0.039110	0.017122	-0.031339	-0.018300
	-0.037565	0.083822	-0.000476	-0.039217	0.043316	0.025525	-0.036520	-0.014745
	-0.034690	0.089490	0.002955	-0.028755	0.043803	0.028744	-0.040974	-0.006821
	-0.024449	0.082138	0.006333	-0.016917	0.040361	0.026156	-0.043350	0.002113
	-0.010821	0.064861	0.008782	-0.005632	0.033461	0.018952	-0.042354	0.009104
	0.002195	0.042581	0.009992	0.003814	0.024065	0.009773	-0.037374	0.012561
	0.011688	0.020542	0.010243	0.010871	0.013324	0.001817	-0.028903	0.012621
	0.016409	0.002877	0.010212	0.015526	0.002274	-0.002263	-0.018599	0.010830
	0.016718	-0.008313	0.010654	0.017970	-0.008342	-0.001297	-0.008891	0.009300
	0.014023	-0.013171	0.012065	0.018322	-0.018085	0.003967	-0.002240	0.009677
	0.009997	-0.013590	0.014461	0.016545	-0.026680	0.011086	-0.000294	0.012322
	0.005892	-0.012257	0.017333	0.012597	-0.033793	0.016763	-0.003221	0.016026
	0.002206	-0.011598	0.019804	0.006745	-0.038867	0.018014	-0.009490	0.018387
	-0.001243	-0.012975	0.020916	-0.000158	-0.041086	0.013273	-0.016206	0.016709
	-0.004899	-0.016365	0.019966	-0.006585	-0.039524	0.003054	-0.019943	0.009111
	-0.008966	-0.020575	0.016766	-0.010571	-0.033459	-0.010075	-0.017823	-0.004558
	-0.013053	-0.023858	0.011749	-0.010240	-0.022726	-0.022218	-0.008516	-0.022369
	-0.016157	-0.024666	0.005898	-0.004477	-0.007997	-0.029353	0.007196	-0.040672
	-0.017006	-0.022259	0.000515	0.006514	0.009145	-0.028630	0.026478	-0.055092
	-0.014637	-0.016983	-0.003088	0.020993	0.026399	-0.019337	0.045161	-0.061850
	-0.008968	-0.010121	-0.003898	0.035963	0.041185	-0.003217	0.058904	-0.058987
	-0.001109	-0.003428	-0.001421	0.047909	0.051212	0.015977	0.064455	-0.047073
	0.006756	0.001499	0.004229	0.053809	0.055034	0.033556	0.060618	-0.029156
	0.011927	0.003754	0.012368	0.052079	0.052417	0.045250	0.048618	-0.009945
	0.012029	0.003424	0.021889	0.043146	0.044400	0.048440	0.031743	0.005531
	0.005863	0.001536	0.031456	0.029411	0.033045	0.042854	0.014365	0.013390
	-0.006035	-0.000288	0.039711	0.014581	0.020914	0.030548	0.000666	0.012015
	-0.021353	-0.000351	0.045452	0.002572	0.010449	0.015185	-0.006542	0.002506
	-0.036521	0.002577	0.047771	-0.003691	0.003407	0.000857	-0.006532	-0.011686
	-0.047664	0.008871	0.046158	-0.003152	0.000506	-0.009154	-0.000702	-0.025807
	-0.051709	0.017895	0.040570	0.003096	0.001370	-0.013283	0.008056	-0.035216
	-0.047293	0.028109	0.031455	0.012252	0.004757	-0.011993	0.016412	-0.036735
	-0.035204	0.037393	0.019735	0.020805	0.008980	-0.007410	0.021721	-0.029542
	-0.018191	0.043497	0.006713	0.025764	0.012385	-0.002440	0.022823	-0.015351
	-0.000212	0.044523	-0.006095	0.025690	0.013747	0.000312	0.020273	0.002132
	0.014662	0.039344	-0.017196	0.021147	0.012479	-0.000551	0.015928	0.018294
	0.023359	0.027893	-0.025381	0.014439	0.008636	-0.004784	0.012082	0.028921
	0.024609	0.011281	-0.029958	0.008686	0.002756	-0.010670	0.010458	0.031321
	0.019208	-0.008299	-0.030891	0.006591	-0.004378	-0.015721	0.011458	0.025000
	0.009693	-0.027873	-0.028786	0.009325	-0.011956	-0.017651	0.013924	0.011704
	-0.000455	-0.044187	-0.024732	0.015957	-0.019261	-0.015270	0.015532	-0.005119
	-0.007834	-0.054331	-0.020011	0.023651	-0.025688	-0.009005	0.013677	-0.021257
	-0.010058	-0.056400	-0.015775	0.028588	-0.030681	-0.000838	0.006523	-0.032811
	-0.006375	-0.050016	-0.012769	0.027325	-0.033677	0.006293	-0.006144	-0.037115
	0.002204	-0.036594	-0.011201	0.018105	-0.034102	0.009457	-0.022594	-0.033304
	0.013244	-0.019196	-0.010789	0.001664	-0.031479	0.006727	-0.039505	-0.022418
	0.023569	-0.001963	-0.010985	-0.018793	-0.025607	-0.002120	-0.052888	-0.007082
	0.030093	0.010799	-0.011287	-0.038464	-0.016762	-0.015429	-0.059301	0.009154
	0.030561	0.015686	-0.011536	-0.052417	-0.005814	-0.030082	-0.056934	0.022612
	0.024054	0.011132	-0.012081	-0.057170	0.005804	-0.042365	-0.046225	0.030280
	0.011159	-0.002054	-0.013743	-0.051854	0.016326	-0.049034	-0.029771	0.030432
	-0.006174	-0.020746	-0.017559	-0.038551	0.024028	-0.048216	-0.011573	0.022984
	-0.025039	-0.040195	-0.024389	-0.021672	0.027670	-0.039901	0.004147	0.009527
	-0.042104	-0.055194	-0.034493	-0.006554	0.026848	-0.025858	0.014151	-0.006953
	-0.054190	-0.061424	-0.047228	0.002266	0.022153	-0.009035	0.017052	-0.022648
	-0.058800	-0.056593	-0.060977	0.002543	0.015051	0.007355	0.013546	-0.033668
	-0.054526	-0.041032	-0.073359	-0.004933	0.007511	0.020770	0.005979	-0.036865
	-0.041312	-0.017572	-0.081690	-0.016580	0.001462	0.029995	-0.002570	-0.030549
	-0.020524	0.009273	-0.083575	-0.027205	-0.001747	0.035317	-0.009363	-0.014962
	0.005191	0.034569	-0.077485	-0.031734	-0.001733	0.038204	-0.012837	0.007633
	0.032274	0.054275	-0.063158	-0.026922	0.000832	0.040594	-0.012940	0.033294
	0.056809	0.066214	-0.041722	-0.012505	0.004445	0.044063	-0.010865	0.057158
	0.075207	0.070403	-0.015507	0.008611	0.007262	0.049152	-0.008338	0.074459
	0.084891	0.068670	0.012394	0.031172	0.007698	0.055088	-0.006754	0.081589
	0.084826	0.063724	0.038701	0.049151	0.004952	0.059997	-0.006512	0.076949
	0.075758	0.058018	0.060512	0.057575	-0.000708	0.061529	-0.006826	0.061360
	0.060065	0.052820	0.075731	0.054018	-0.007997	0.057704	-0.006087	0.037915
	0.041217	0.047833	0.083285	0.039298	-0.014982	0.047689	-0.002631	0.011288
	0.022973	0.041473	0.083121	0.017176	-0.019680	0.032237	0.004385	-0.013336
	0.008481	0.031717	0.076042	-0.006824	-0.020669	0.013642	0.014381	-0.031439
	-0.000450	0.017185	0.063449	-0.027083	-0.017556	-0.004814	0.025281	-0.040151
	-0.003720	-0.001968	0.047094	-0.039486	-0.011136	-0.019741	0.034068	-0.038788
	-0.002829	-0.023703	0.028871	-0.042481	-0.003200	-0.028606	0.037804	-0.028823
	-0.000317	-0.044476	0.010679	-0.037268	0.003952	-0.030468	0.034752	-0.013329
	0.001090	-0.060239	-0.005685	-0.027126	0.008159	-0.026260	0.025187	0.003916
	-0.000642	-0.067754	-0.018647	-0.016138	0.008005	-0.018514	0.011553	0.019403
	-0.006208	-0.065750	-0.027001	-0.007769	0.003219	-0.010618	-0.002156	0.030653
	-0.014761	-0.055489	-0.030095	-0.003771	-0.005243	-0.005801	-0.011638	0.036585
	-0.024216	-0.040524	-0.027998	-0.003775	-0.015445	-0.006175	-0.013752	0.037436
	-0.031964	-0.025656	-0.021586	-0.005643	-0.024975	-0.012107	-0.007721	0.034319
	-0.035768	-0.015433	-0.012472	-0.006456	-0.031550	-0.022119	0.004395	0.028616
	-0.034550	-0.012676	-0.002753	-0.003740	-0.033567	-0.033354	0.018166	0.021441
	-0.028807	-0.017531	0.005407	0.003493	-0.030452	-0.042457	0.028106	0.013341
	-0.020512	-0.027404	0.010275	0.014249	-0.022737	-0.046611	0.029451	0.004328
	-0.012521	-0.037817	0.010992	0.025770	-0.011871	-0.044418	0.019830	-0.005829
	-0.007666	-0.043920	0.007832	0.034396	0.000147	-0.036348	0.000245	-0.017184
	-0.007826	-0.042175	0.002174	0.036764	0.011230	-0.024618	-0.024984	-0.029273
	-0.013261	-0.031615	-0.003830	0.030957	0.019611	-0.012553	-0.049369	-0.040991
	-0.022444	-0.014275	-0.007824	0.017220	0.024133	-0.003596	-0.066155	-0.050761
	-0.032442	0.005401	-0.007914	-0.001991	0.024380	-0.000293	-0.070401	-0.056936
	-0.039747	0.021977	-0.003244	-0.022640	0.020649	-0.003541	-0.060569	-0.058295
	-0.041304	0.030817	0.005697	-0.040224	0.013822	-0.012335	-0.039097	-0.054444
	-0.035438	0.029639	0.017124	-0.051027	0.005176	-0.024081	-0.011739	-0.045973
	-0.022388	0.019322	0.028376	-0.053119	-0.003816	-0.035369	0.014132	-0.034319
	-0.004309	0.003678	0.036603	-0.046837	-0.011679	-0.042977	0.031747	-0.021356
	0.015265	-0.011744	0.039523	-0.034595	-0.017106	-0.044789	0.036986	-0.008887
	0.032330	-0.021437	0.036053	-0.020118	-0.019125	-0.040342	0.029596	0.001811
	0.043434	-0.021698	0.026630	-0.007340	-0.017247	-0.030873	0.013194	0.010214
	0.046518	-0.011809	0.013121	0.000699	-0.011575	-0.018827	-0.005941	0.016496
	0.041372	0.005762	-0.001640	0.002652	-0.002861	-0.007041	-0.020898	0.021231
	0.029595	0.026185	-0.014574	-0.000861	0.007557	0.002169	-0.026338	0.024980
	0.014110	0.043848	-0.023131	-0.007541	0.017929	0.007691	-0.020157	0.027944
	-0.001602	0.054142	-0.025914	-0.014155	0.026395	0.009874	-0.004093	0.029826
	-0.014330	0.054878	-0.022973	-0.017506	0.031345	0.010282	0.016907	0.029958
	-0.021813	0.046868	-0.015712	-0.015354	0.031780	0.011030	0.036341	0.027645
	-0.023124	0.033504	-0.006434	-0.007041	0.027563	0.013956	0.048258	0.022591
	-0.018707	0.019515	0.002316	0.006323	0.019482	0.019875	0.049154	0.015202
	-0.010123	0.009340	0.008449	0.022139	0.009105	0.028211	0.039024	0.006645
	0.000395	0.005678	0.010855	0.036970	-0.001566	0.037105	0.021262	-0.001416
	0.010449	0.008705	0.009614	0.047385	-0.010562	0.043993	0.001469	-0.007318
	0.017927	0.016196	0.005872	0.050779	-0.016400	0.046453	-0.014428	-0.009982
	0.021338	0.024467	0.001408	0.046001	-0.018412	0.043059	-0.022096	-0.009350
	0.020002	0.029790	-0.001952	0.033620	-0.016853	0.033954	-0.020139	-0.006497
	0.014111	0.029753	-0.002912	0.015827	-0.012762	0.020934	-0.010430	-0.003345
	0.004668	0.024091	-0.001091	-0.004032	-0.007615	0.007026	0.002648	-0.002048
	-0.006669	0.014711	0.002864	-0.022147	-0.002877	-0.004348	0.013779	-0.004231
	-0.017837	0.004914	0.007489	-0.035030	0.000405	-0.010347	0.018558	-0.010348
	-0.026704	-0.001886	0.010953	-0.040226	0.001863	-0.009531	0.014979	-0.019396
	-0.031458	-0.003468	0.011617	-0.036785	0.001821	-0.002282	0.004088	-0.029101
	-0.031002	0.000331	0.008554	-0.025431	0.001095	0.009314	-0.010415	-0.036555
	-0.025251	0.007515	0.001870	-0.008359	0.000626	0.022082	-0.023468	-0.039118
	-0.015259	0.014625	-0.007260	0.011255	0.001094	0.032675	-0.030383	-0.035282
	-0.003096	0.017992	-0.016839	0.029956	0.002628	0.038520	-0.028447	-0.025232
	0.008551	0.015093	-0.024540	0.044732	0.004735	0.038501	-0.017847	-0.010890
	0.016963	0.005538	-0.028290	0.053618	0.006459	0.033188	-0.001629	0.004581
	0.020063	-0.008678	-0.026812	0.056017	0.006736	0.024553	0.015299	0.017667
	0.016966	-0.023747	-0.019984	0.052695	0.004828	0.015291	0.027766	0.025505
	0.008694	0.029734	-0.025143	0.013645	-0.024298	0.029599	-0.000157	0.015643
	0.022293	0.029175	-0.004311	0.002580	-0.020946	0.010526	-0.015984	0.022287
	0.033258	0.026244	0.014901	-0.014496	-0.015777	-0.011172	-0.028801	0.024571
	0.040209	0.021243	0.028631	-0.033104	-0.008715	-0.030932	-0.034820	0.021760
	0.042392	0.015342	0.034615	-0.048205	-0.000124	-0.045121	-0.032325	0.015080
	0.039667	0.010345	0.032639	-0.055764	0.008951	-0.051898	-0.022095	0.007314
	0.032427	0.008124	0.024346	-0.053976	0.016815	-0.051494	-0.007075	0.001833
	0.021494	0.009893	0.012520	-0.043760	0.021468	-0.045855	0.008605	0.001374
	0.008033	0.015601	0.000134	-0.028370	0.021184	-0.037773	0.020913	0.007001
	-0.006520	0.023713	-0.010516	-0.012268	0.015157	-0.029842	0.027101	0.017619
	-0.020553	0.031491	-0.018309	0.000328	0.003977	-0.023577	0.026428	0.030210
	-0.032417	0.035764	-0.023312	0.006749	-0.010263	-0.019010	0.020216	0.040761
	-0.040640	0.033936	-0.026370	0.006587	-0.024327	-0.014883	0.011255	0.045553
	-0.044182	0.024917	-0.028478	0.001614	-0.034598	-0.009366	0.002793	0.042405
	-0.042664	0.009632	-0.030218	-0.005039	-0.038063	-0.001009	-0.002538	0.031433
	-0.036514	-0.009082	-0.031456	-0.010107	-0.033217	0.010417	-0.003515	0.015072
	-0.026928	-0.027211	-0.031432	-0.011379	-0.020622	0.023547	-0.000576	-0.002660
	-0.015644	-0.040724	-0.029155	-0.008419	-0.002905	0.035673	0.004515	-0.017429
	-0.004559	-0.046774	-0.023946	-0.002580	0.015827	0.043588	0.009423	-0.025941
	0.004717	-0.044571	-0.015871	0.003675	0.031023	0.044738	0.012161	-0.026962
	0.011233	-0.035610	-0.005902	0.007867	0.038891	0.038286	0.011811	-0.021647
	0.014884	-0.023183	0.004298	0.008585	0.037416	0.025695	0.008818	-0.013080
	0.016351	-0.011313	0.012862	0.006144	0.026924	0.010557	0.004764	-0.005184
	0.016803	-0.003465	0.018329	0.002540	0.009999	-0.002342	0.001715	-0.001375
	0.017455	-0.001453	0.020123	0.000722	-0.009209	-0.008454	0.001398	-0.003408
	0.019138	-0.004912	0.018734	0.003401	-0.026084	-0.004987	0.004501	-0.010813
	0.022011	-0.011502	0.015525	0.011861	-0.036753	0.008024	0.010358	-0.021088
	0.025524	-0.017768	0.012239	0.025193	-0.039055	0.027453	0.017130	-0.030594
	0.028627	-0.020367	0.010384	0.040280	-0.033020	0.047785	0.022418	-0.035818
	0.030157	-0.017240	0.010721	0.052588	-0.020746	0.062616	0.024096	-0.034597
	0.029261	-0.008328	0.013031	0.057536	-0.005741	0.066525	0.021067	-0.026869
	0.025691	0.004412	0.016243	0.051997	0.008053	0.056748	0.013691	-0.014711
	0.019880	0.017673	0.018863	0.035459	0.017276	0.034134	0.003721	-0.001673
	0.012774	0.027941	0.019524	0.010407	0.019931	0.003064	-0.006226	0.008389
	0.005485	0.032686	0.017473	-0.018191	0.015745	-0.029672	-0.013480	0.012551
	-0.001089	0.031218	0.012797	-0.044187	0.006061	-0.056729	-0.016156	0.009741
	-0.006517	0.024898	0.006341	-0.061932	-0.006639	-0.072229	-0.013736	0.001043
	-0.010875	0.016650	-0.000646	-0.067824	-0.019428	-0.073369	-0.007209	-0.010709
	-0.014538	0.009940	-0.006968	-0.061256	-0.029617	-0.061128	0.001252	-0.021865
	-0.017825	0.007591	-0.011867	-0.044675	-0.035277	-0.039887	0.008974	-0.029112
	-0.020648	0.010825	-0.015167	-0.022771	-0.035497	-0.016076	0.013591	-0.030449
	-0.022333	0.018885	-0.017153	-0.001077	-0.030394	0.003695	0.013720	-0.025675
	-0.021729	0.029324	-0.018232	0.015583	-0.020288	0.014484	0.009305	-0.016265
	-0.017609	0.038874	-0.018545	0.024305	-0.008649	0.014277	0.001552	-0.004725
	-0.009241	0.044565	-0.017732	0.024652	0.004614	0.004321	-0.007501	0.006318
	0.003067	0.044696	-0.014953	0.018411	0.016954	-0.011508	-0.015608	0.014946
	0.017689	0.039333	-0.009214	0.008732	0.026608	-0.028058	-0.020939	0.020415
	0.031814	0.030158	0.000125	-0.001027	0.032147	-0.040516	-0.022506	0.023123
	0.042031	0.019746	0.012850	-0.008330	0.032672	-0.045767	-0.020307	0.024137
	0.045235	0.010550	0.027622	-0.012058	0.028010	-0.043110	-0.015178	0.024506
	0.039588	0.003967	0.042097	-0.012515	0.018855	-0.034150	-0.008465	0.024654
	0.025236	-0.000158	0.053437	-0.010931	0.006778	-0.021993	-0.001629	0.024110
	0.004515	-0.003403	0.059092	-0.008715	-0.005960	-0.010055	0.004066	0.021703
	-0.018478	-0.008060	0.057612	-0.006773	-0.016804	-0.000918	0.007742	0.016128
	-0.038859	-0.016097	0.049192	-0.005177	-0.023463	0.004396	0.008945	0.006687
	-0.052242	-0.028179	0.035752	-0.003285	-0.024497	0.006522	0.007602	-0.006132
	-0.055945	-0.043124	0.020489	-0.000236	-0.019768	0.007246	0.003960	-0.020477
	-0.049768	-0.058019	0.006996	0.004407	-0.010593	0.008632	-0.001442	-0.033477
	-0.036076	-0.069000	-0.001771	0.010168	0.000494	0.012113	-0.007771	-0.042036
	-0.019155	-0.072468	-0.004354	0.015554	0.010341	0.017899	-0.013915	-0.043819
	-0.003995	-0.066322	-0.001218	0.018433	0.016017	0.024877	-0.018574	-0.038084
	0.005128	-0.050807	0.005432	0.016781	0.015642	0.031040	-0.020481	-0.026061
	0.005880	-0.028665	0.012367	0.009531	0.008980	0.034255	-0.018726	-0.010704
	-0.001488	-0.004502	0.016367	-0.002789	-0.002410	0.033071	-0.013119	0.004122
	-0.014245	0.016444	0.015243	-0.017922	-0.015530	0.027288	-0.004439	0.014789
	-0.028022	0.029759	0.008511	-0.032333	-0.026726	0.018053	0.005554	0.018995
	-0.038120	0.033079	-0.002488	-0.042166	-0.032693	0.007493	0.014416	0.016453
	-0.040908	0.026703	-0.015050	-0.044409	-0.031389	-0.002009	0.019617	0.008927
	-0.034891	0.013402	-0.025997	-0.037878	-0.022614	-0.008599	0.019291	-0.000386
	-0.021130	-0.002490	-0.032684	-0.023704	-0.008064	-0.011540	0.012913	-0.007934
	-0.002929	-0.016424	-0.033811	-0.005098	0.009157	-0.011378	0.001662	-0.010985
	0.015130	-0.024963	-0.029762	0.013527	0.025405	-0.009649	-0.011693	-0.008495
	0.028489	-0.026689	-0.022398	0.027851	0.037483	-0.008228	-0.023425	-0.001395
	0.033881	-0.022420	-0.014374	0.034929	0.043461	-0.008572	-0.029868	0.007811
	0.030188	-0.014694	-0.008236	0.034069	0.043072	-0.011113	-0.028526	0.015970
	0.018681	-0.006729	-0.005589	0.027002	0.037603	-0.015042	-0.018942	0.020417
	0.002587	-0.001231	-0.006618	0.017299	0.029331	-0.018538	-0.003025	0.019909
	-0.013853	0.000550	-0.010101	0.009196	0.020732	-0.019387	0.015325	0.015045
	-0.026543	-0.000808	-0.013887	0.006207	0.013709	-0.015765	0.031224	0.008009
	-0.032583	-0.003187	-0.015666	0.009977	0.009124	-0.006936	0.040189	0.001752
	-0.030918	-0.003781	-0.013773	0.019719	0.006747	0.006384	0.039481	-0.001111
	-0.022456	-0.000203	-0.007756	0.032441	0.005615	0.022100	0.029013	0.000710
	-0.009649	0.008535	0.001455	0.043887	0.004647	0.037239	0.011495	0.006671
	0.004301	0.021507	0.011814	0.049889	0.003257	0.048708	-0.008243	0.014542
	0.016341	0.035985	0.020762	0.047710	0.001721	0.054082	-0.024592	0.021180
	0.024345	0.048164	0.025952	0.036959	0.001147	0.052195	-0.032774	0.023663
	0.027547	0.054264	0.025884	0.019784	0.003036	0.043360	-0.030256	0.020374
	0.026556	0.051660	0.020265	0.000274	0.008596	0.029213	-0.017522	0.011671
	0.022984	0.039708	0.010021	-0.016726	0.018051	0.012232	0.002028	-0.000125
	0.018833	0.020006	-0.003007	-0.027045	0.030226	-0.004881	0.023040	-0.011441
	0.015837	-0.003962	-0.016559	-0.028411	0.042590	-0.019775	0.039743	-0.018619
	0.014944	-0.027694	-0.028492	-0.021114	0.051801	-0.030847	0.047612	-0.019166
	0.016091	-0.046785	-0.037199	-0.007897	0.054607	-0.037374	0.044649	-0.012658
	0.018309	-0.057966	-0.041852	0.006869	0.048845	-0.039421	0.031917	-0.000964
	0.020121	-0.059805	-0.042427	0.018477	0.034206	-0.037597	0.013158	0.012281
	0.020097	-0.052899	-0.039579	0.023265	0.012501	-0.032782	-0.006353	0.022819
	0.017407	-0.039560	-0.034409	0.019656	-0.012674	-0.025905	-0.021384	0.027142
	0.012189	-0.023125	-0.028220	0.008586	-0.036810	-0.017819	-0.028255	0.023662
	0.005628	-0.007088	-0.022275	-0.006816	-0.055642	-0.009265	-0.025840	0.013273
	-0.000319	0.005682	-0.017590	-0.022168	-0.066247	-0.000881	-0.015774	-0.000875
	-0.003479	0.013488	-0.014763	-0.033124	-0.067749	0.006790	-0.001828	-0.014336
	-0.002163	0.016015	-0.013855	-0.036621	-0.061432	0.013322	0.011326	-0.022755
	0.004181	0.014201	-0.014335	-0.031737	-0.050216	0.018449	0.019573	-0.023239
	0.014577	0.009867	-0.015151	-0.019921	-0.037707	0.022098	0.020573	-0.015287
	0.026527	0.005216	-0.014931	-0.004543	-0.027091	0.024367	0.014391	-0.000968
	0.036498	0.002326	-0.012328	0.010090	-0.020260	0.025453	0.003366	0.015690
	0.040778	0.002733	-0.006440	0.019957	-0.017422	0.025520	-0.008719	0.029898
	0.036532	0.007152	0.002806	0.022446	-0.017295	0.024586	-0.017872	0.037533
	0.022758	0.015363	0.014432	0.017044	-0.017805	0.022480	-0.021161	0.036320
	0.000865	0.026260	0.026479	0.005441	-0.017017	0.018914	-0.017613	0.026443
	-0.025356	0.038041	0.036391	-0.009000	-0.013958	0.013674	-0.008492	0.010395
	-0.050428	0.048529	0.041664	-0.022222	-0.009041	0.006857	0.003107	-0.007831
	-0.068431	0.055563	0.040594	-0.030635	-0.003935	-0.000935	0.013213	-0.023951
	-0.074508	0.057430	0.032881	-0.032115	-0.000910	-0.008562	0.018181	-0.034603
	-0.066225	0.053231	0.019892	-0.026584	-0.001905	-0.014536	0.015777	-0.038188
	-0.044403	0.043126	0.004437	-0.016000	-0.007630	-0.017419	0.005850	-0.035126
	-0.013129	0.028368	-0.009925	-0.003763	-0.017058	-0.016321	-0.009608	-0.027482
	0.021105	0.011106	-0.019868	0.006275	-0.027505	-0.011336	-0.026989	-0.018136
	0.050956	-0.006027	-0.023280	0.010937	-0.035320	-0.003730	-0.042033	-0.009805
	0.070078	-0.020454	-0.019933	0.008655	-0.036991	0.004230	-0.050951	-0.004226
	0.074756	-0.030193	-0.011577	-0.000058	-0.030325	0.009832	-0.051386	-0.001764
	0.064856	-0.034268	-0.001411	-0.012721	-0.015309	0.010718	-0.042991	-0.001520
	0.043818	-0.032865	0.006955	-0.025568	0.005647	0.005691	-0.027474	-0.001855
	0.017652	-0.027214	0.010721	-0.034616	0.028195	-0.004723	-0.008137	-0.001122
	-0.006767	-0.019224	0.008903	-0.036814	0.047167	-0.018214	0.010950	0.001669
	-0.023623	-0.010987	0.002777	-0.030952	0.057845	-0.031178	0.025924	0.006473
	-0.029740	-0.004295	-0.004435	-0.018078	0.057991	-0.039692	0.034001	0.012233
	-0.025352	-0.000296	-0.008576	-0.001275	0.047198	-0.040688	0.034062	0.017263
	-0.013848	0.000612	-0.005961	0.015130	0.028379	-0.032993	0.026815	0.019843
	-0.000576	-0.001318	0.005260	0.026735	0.006311	-0.017862	0.014545	0.018815
	0.008911	-0.005435	0.024246	0.030270	-0.013526	0.001181	0.000520	0.013968
	0.010612	-0.010970	0.047434	0.024521	-0.026424	0.019213	-0.011794	0.006114
	0.003300	-0.017217	0.069401	0.010699	-0.029690	0.031265	-0.019520	-0.003151
	-0.011163	-0.023579	0.084374	-0.007843	-0.023280	0.033774	-0.020995	-0.011905
	-0.028504	-0.029473	0.087954	-0.026485	-0.009669	0.025682	-0.016095	-0.018410
	-0.043460	-0.034173	0.078511	-0.040551	0.006972	0.008845	-0.006216	-0.021513
	-0.051486	-0.036734	0.057782	-0.046524	0.022037	-0.012417	0.006092	-0.020833
	-0.050176	-0.036059	0.030474	-0.042940	0.031782	-0.032495	0.017743	-0.016724
	-0.039971	-0.031170	0.002966	-0.030695	0.034293	-0.046079	0.025838	-0.010063
	-0.023922	-0.021609	-0.018518	-0.012725	0.029855	-0.049656	0.028350	-0.001973
	-0.006639	-0.007832	-0.029679	0.006868	0.020661	-0.042500	0.024594	0.006404
	0.007218	0.008576	-0.029338	0.023953	0.009988	-0.026819	0.015394	0.014030
	0.014396	0.025008	-0.019670	0.035452	0.001141	-0.007047	0.002886	0.019984
	0.013963	0.038301	-0.005413	0.040064	-0.003515	0.011497	-0.009975	0.023415
	0.007409	0.045500	0.007674	0.038434	-0.003157	0.024180	-0.020120	0.023529
	-0.002054	0.044694	0.014625	0.032751	0.001427	0.028349	-0.025082	0.019649
	-0.010738	0.035691	0.012770	0.025934	0.008239	0.023974	-0.023581	0.011396
	-0.015784	0.020270	0.002457	0.020654	0.014796	0.013462	-0.015808	-0.001093
	-0.016097	0.001889	-0.013201	0.018526	0.018910	0.000732	-0.003355	-0.016959
	-0.012565	-0.015122	-0.029451	0.019676	0.019284	-0.010118	0.011190	-0.034574
	-0.007545	-0.026689	-0.041512	0.022827	0.015760	-0.016115	0.024890	-0.051684
	-0.003800	-0.030115	-0.046122	0.025833	0.009205	-0.016253	0.035149	-0.065772
	-0.003322	-0.024865	-0.042532	0.026471	0.001110	-0.011630	0.040305	-0.074555
	-0.006478	-0.012753	-0.032640	0.023248	-0.006905	-0.004872	0.039939	-0.076493
	-0.011804	0.002554	-0.020247	0.015943	-0.013525	0.000951	0.034867	-0.071153
	-0.016534	0.016586	-0.009714	0.005737	-0.017968	0.003498	0.026807	-0.059318
	-0.017671	0.025372	-0.004478	-0.005096	-0.019986	0.002033	0.017844	-0.042803
	-0.013210	0.026611	-0.005933	-0.013845	-0.019693	-0.002311	0.009853	-0.024023
	-0.003043	0.020343	-0.013025	-0.018141	-0.017340	-0.006942	0.004031	-0.005437
	0.010784	0.008918	-0.022676	-0.016628	-0.013157	-0.008774	0.000672	0.010965
	0.024614	-0.003739	-0.030867	-0.009346	-0.007329	-0.005371	-0.000781	0.023990
	0.034333	-0.013349	-0.034004	0.002285	-0.000105	0.004095	-0.001440	0.033312
	0.036759	-0.016607	-0.030099	0.015831	0.008029	0.018416	-0.002535	0.039277
	0.030786	-0.012213	-0.019393	0.028447	0.016232	0.034598	-0.004991	0.042555
	0.017858	-0.001292	-0.004223	0.037524	0.023328	0.048703	-0.009127	0.043769
	0.001601	0.012932	0.011768	0.041217	0.028006	0.057008	-0.014565	0.043243
	-0.013281	0.026103	0.024817	0.038727	0.029160	0.057103	-0.020367	0.040964
	-0.022490	0.034037	0.032182	0.030314	0.026248	0.048583	-0.025327	0.036750
	-0.023490	0.033973	0.032901	0.017090	0.019540	0.033120	-0.028335	0.030557
	-0.016286	0.025390	0.027910	0.000694	0.010147	0.013917	-0.028690	0.022785
	-0.003353	0.010151	0.019550	-0.017040	-0.000216	-0.005255	-0.026282	0.014444
	0.011244	-0.008056	0.010648	-0.034342	-0.009663	-0.021108	-0.021597	0.007090
	0.023240	-0.024794	0.003533	-0.049662	-0.016641	-0.031647	-0.015563	0.002511
	0.029585	-0.036144	-0.000691	-0.061734	-0.020340	-0.036493	-0.009302	0.002248
	0.029391	-0.039775	-0.002366	-0.069606	-0.020859	-0.036665	-0.003851	0.007099
	0.024107	-0.035526	-0.002966	-0.072672	-0.019079	-0.033938	0.000057	0.016765
	0.016863	-0.025336	-0.004379	-0.070725	-0.016284	-0.030053	0.002106	0.029765
	0.011235	-0.012579	-0.008081	-0.064019	-0.013674	-0.026062	0.002404	0.043690
	0.009884	-0.001031	-0.014501	-0.053292	-0.011929	-0.022034	0.001375	0.055720
	0.013546	0.006214	-0.022798	-0.039700	-0.011010	-0.017216	-0.000392	0.063298
	0.020752	0.007576	-0.031124	-0.024648	-0.010241	-0.010538	-0.002307	0.064745
	0.028359	0.003323	-0.037255	-0.009538	-0.008657	-0.001269	-0.003918	0.059676
	0.032721	-0.004628	-0.039368	0.004507	-0.005483	0.010466	-0.004995	0.049069
	0.031065	-0.013373	-0.036674	0.016855	-0.000546	0.023494	-0.005549	0.035001
	0.022586	-0.019911	-0.029693	0.027425	0.005532	0.035826	-0.005801	0.020097
	0.008860	-0.022000	-0.020089	0.036570	0.011456	0.045222	-0.006104	0.006882
	-0.006584	-0.018748	-0.010124	0.044802	0.015652	0.049893	-0.006841	-0.002817
	-0.019400	-0.010786	-0.001941	0.052450	0.016807	0.049083	-0.008296	-0.008238
	-0.025881	-0.000022	0.003090	0.059367	0.014342	0.043317	-0.010542	-0.009744
	-0.024229	0.010935	0.004741	0.064817	0.008644	0.034232	-0.013354	-0.008586
	-0.015211	0.019496	0.003915	0.067587	0.000955	0.024041	-0.016178	-0.006452
	-0.001952	0.023762	0.002271	0.066330	-0.007047	0.014835	-0.018188	-0.004941
	0.011048	0.022965	0.001645	0.060031	-0.013835	0.007956	-0.018429	-0.005128
	0.019362	0.017606	0.003461	0.048455	-0.018561	0.003666	-0.016045	-0.007330
	0.020050	0.009264	0.008322	0.032414	-0.021324	0.001224	-0.010535	-0.011118
	0.012573	0.000155	0.015875	0.013742	-0.023063	-0.000688	-0.001983	-0.015567
	-0.001099	-0.007438	0.024979	-0.005040	-0.025093	-0.003353	0.008822	-0.019635
	-0.017197	-0.011718	0.034047	-0.021294	-0.028465	-0.007453	0.020435	-0.022557
	-0.031431	-0.011791	0.041455	-0.032910	-0.033376	-0.012780	0.030990	-0.024130
	-0.040393	-0.007846	0.045867	-0.038833	-0.038888	-0.018314	0.038598	-0.024797
	-0.042605	-0.001072	0.046402	-0.039302	-0.043085	-0.022645	0.041815	-0.025522
	-0.038881	0.006669	0.042658	-0.035726	-0.043669	-0.024570	0.040055	-0.027483
	-0.031897	0.013335	0.034652	-0.030229	-0.038792	-0.023616	0.033833	-0.031674
	-0.025133	0.017245	0.022752	-0.024992	-0.027855	-0.020289	0.024731	-0.038538
	-0.021599	0.017545	0.007675	-0.021608	-0.011955	-0.015930	0.015078	-0.047741
	-0.022750	0.014459	-0.009454	-0.020634	0.006205	-0.012214	0.007389	-0.058140
	-0.028002	0.009268	-0.027048	-0.021492	0.022977	-0.010487	0.003715	-0.067980
	-0.034957	0.003988	-0.043087	-0.022738	0.034803	-0.011190	0.005055	-0.075262
	-0.040272	0.000804	-0.055320	-0.022615	0.039319	-0.013610	0.011029	-0.078200
	-0.040836	0.001420	-0.061659	-0.019707	0.036132	-0.016087	0.019889	-0.075653
	-0.034858	0.006468	-0.060687	-0.013483	0.027004	-0.016636	0.028907	-0.067409
	-0.022488	0.015189	-0.052141	-0.004548	0.015344	-0.013783	0.035052	-0.054272
	-0.005788	0.025478	-0.037193	0.005472	0.005145	-0.007299	0.035767	-0.037904
	0.011932	0.034338	-0.018382	0.014391	-0.000295	0.001452	0.029663	-0.020468
	0.027149	0.038650	0.000854	0.020127	0.000558	0.009735	0.016930	-0.004167
	0.037194	0.036057	0.016953	0.021342	0.006979	0.014217	-0.000654	0.009224
	0.040991	0.025723	0.027134	0.017886	0.016252	0.012083	-0.020106	0.018695
	0.039268	0.008724	0.030147	0.010868	0.024623	0.002131	-0.037926	0.024152
	0.034177	-0.012070	0.026647	0.002353	0.028636	-0.014541	-0.050901	0.026318
	0.028530	-0.032625	0.019030	-0.005242	0.026396	-0.034528	-0.056822	0.026450
	0.024899	-0.048748	0.010773	-0.009872	0.018320	-0.052868	-0.054938	0.025931
	0.024890	-0.057188	0.005426	-0.010483	0.007091	-0.064377	-0.046040	0.025869
	0.028796	-0.056516	0.005578	-0.007346	-0.003183	-0.065181	-0.032189	0.026810
	0.035693	-0.047533	0.012081	-0.001996	-0.008357	-0.053981	-0.016174	0.028642
	0.043860	-0.033055	0.023788	0.003214	-0.005718	-0.032632	-0.000866	0.030715
	0.051354	-0.017127	0.037883	0.005813	0.004973	-0.005818	0.011367	0.032130
	0.056503	-0.003885	0.050693	0.003969	0.021219	0.020123	0.019056	0.032103
	0.058190	0.003607	0.058752	-0.002900	0.038448	0.038906	0.021759	0.030280
	0.055878	0.004205	0.059777	-0.013869	0.051366	0.046048	0.019949	0.026915
	0.049469	-0.001043	0.053277	-0.026644	0.055722	0.040135	0.014727	0.022833
	0.039134	-0.009277	0.040617	-0.038097	0.049502	0.023225	0.007470	0.019205
	0.025232	-0.016735	0.024559	-0.045049	0.033813	0.000265	-0.000474	0.017192
	0.008392	-0.019928	0.008422	-0.045093	0.012501	-0.022317	-0.007996	0.017581
	-0.010317	-0.016715	-0.004840	-0.037254	-0.008988	-0.038411	-0.014306	0.020513
	-0.029239	-0.006954	-0.013375	-0.022309	-0.025272	-0.043898	-0.018914	0.025409
	-0.046166	0.007457	-0.016769	-0.002673	-0.032663	-0.037699	-0.021571	0.031099
	-0.058652	0.023153	-0.015923	0.018107	-0.030230	-0.021906	-0.022201	0.036124
	-0.064581	0.036304	-0.012566	0.036141	-0.019971	-0.001000	-0.020881	0.039104
	-0.062835	0.043734	-0.008583	0.048069	-0.006036	0.019591	-0.017842	0.039067
	-0.053844	0.043815	-0.005427	0.051808	0.006709	0.035127	-0.013480	0.035639
	-0.039747	0.036890	-0.003768	0.046991	0.014284	0.042871	-0.008351	0.029043
	-0.024062	0.025099	-0.003487	0.035002	0.014827	0.042717	-0.003108	0.019938
	-0.010850	0.011710	-0.003953	0.018599	0.009048	0.036962	0.001609	0.009164
	-0.003603	0.000157	-0.004436	0.001235	-0.000232	0.029337	0.005301	-0.002489
	-0.004179	-0.006901	-0.004490	-0.013762	-0.009262	0.023651	0.007722	-0.014407
	-0.012139	-0.008235	-0.004134	-0.023925	-0.014839	0.022486	0.008924	-0.026120
	-0.024749	-0.004256	-0.003796	-0.028143	-0.015535	0.026368	0.009213	-0.037145
	-0.037688	0.003256	-0.004043	-0.026777	-0.012242	0.033657	0.009031	-0.046776
	-0.046303	0.011763	-0.005252	-0.021391	-0.007825	0.041159	0.008787	-0.053953
	-0.047023	0.018715	-0.007349	-0.014191	-0.006002	0.045250	0.008717	-0.057300
	-0.038497	0.022201	-0.009758	-0.007325	-0.009848	0.043113	0.008811	-0.055376
	-0.022074	0.021338	-0.011575	-0.002257	-0.020452	0.033708	0.008846	-0.047113
	-0.001461	0.016325	-0.011921	0.000621	-0.036218	0.018149	0.008520	-0.032305
	0.018364	0.008214	-0.010314	0.002010	-0.053102	-0.000584	0.007627	-0.011989
	0.032647	-0.001482	-0.006924	0.003379	-0.065725	-0.018524	0.006221	0.011448
	0.038280	-0.011201	-0.002592	0.006375	-0.069044	-0.031853	0.004684	0.034544
	0.034706	-0.019635	0.001413	0.012175	-0.060023	-0.037973	0.003666	0.053387
	0.024010	-0.025875	0.003813	0.020953	-0.038772	-0.036157	0.003895	0.064498
	0.010176	-0.029422	0.003775	0.031672	-0.008753	-0.027633	0.005910	0.065714
	-0.002234	-0.030116	0.001215	0.042253	0.024029	-0.015090	0.009806	0.056847
	-0.009550	-0.028061	-0.003150	0.050109	0.052609	-0.001812	0.015080	0.039884
	-0.010113	-0.023608	-0.008044	0.052876	0.070935	0.009277	0.020638	0.018642
	-0.004690	-0.017368	-0.012079	0.049151	0.075467	0.016355	0.025001	-0.002079
	0.003941	-0.010235	-0.014250	0.038991	0.066024	0.019030	0.026643	-0.017655
	0.012066	-0.003344	-0.014306	0.024022	0.045648	0.018185	0.024390	-0.024802
	0.016401	0.002079	-0.012844	0.007109	0.019587	0.015462	0.017759	-0.022435
	0.015259	0.004967	-0.011101	-0.008336	-0.006262	0.012577	0.007150	-0.011976
	0.009129	0.004703	-0.010513	-0.019214	-0.026932	0.010722	-0.006181	0.002993
	0.000467	0.001358	-0.012184	-0.023527	-0.039531	0.010239	-0.020352	0.017653
	-0.007202	-0.004227	-0.016481	-0.020858	-0.043625	0.010658	-0.033228	0.027221
	-0.010564	-0.010568	-0.022870	-0.012426	-0.040856	0.011029	-0.042851	0.028224
	-0.007713	-0.015881	-0.030081	-0.000687	-0.033993	0.010409	-0.047797	0.019441
	0.001142	-0.018528	-0.036514	0.011371	-0.025813	0.008300	-0.047405	0.002249
	0.013714	-0.017466	-0.040760	0.021042	-0.018209	0.004870	-0.041828	-0.019710
	0.026392	-0.012534	-0.042044	0.026564	-0.011812	0.000889	-0.031920	-0.041468
	0.035447	-0.004501	-0.040431	0.027455	-0.006190	-0.002598	-0.019018	-0.058019
	0.038269	0.005150	-0.036735	0.024434	-0.000471	-0.004710	-0.004694	-0.065609
	0.034203	0.014618	-0.032168	0.018986	0.005913	-0.005125	0.009475	-0.062689
	0.024715	0.022249	-0.027879	0.012738	0.012692	-0.004258	0.022072	-0.050290
	0.012823	0.026897	-0.024544	0.006863	0.018656	-0.003157	0.031940	-0.031724
	0.002018	0.028099	-0.022165	0.001729	0.022051	-0.003139	0.038239	-0.011706
	-0.004943	0.026021	-0.020147	-0.003118	0.021290	-0.005296	0.040485	0.004858
	-0.006960	0.021238	-0.017604	-0.008615	0.015712	-0.010038	0.038591	0.014098
	-0.004899	0.014455	-0.013780	-0.015651	0.006057	-0.016847	0.032892	0.014095
	-0.001202	0.006299	-0.008401	-0.024517	-0.005539	-0.024342	0.024148	0.005276
	0.001053	-0.002733	-0.001817	-0.034575	-0.016088	-0.030646	0.013474	-0.009815
	-0.000699	-0.012169	0.005111	-0.044264	-0.022637	-0.033949	0.002195	-0.027256
	-0.007555	-0.021376	0.011345	-0.051476	-0.023226	-0.033090	-0.008368	-0.042796
	-0.018728	-0.029402	0.016088	-0.054184	-0.017544	-0.027969	-0.017143	-0.052909
	-0.031792	-0.034993	0.019107	-0.051130	-0.007076	-0.019653	-0.023499	-0.055588
	-0.043503	-0.036819	0.020823	-0.042331	0.005350	-0.010128	-0.027334	-0.050685
	-0.050885	-0.033878	0.022133	-0.029236	0.016449	-0.001767	-0.029005	-0.039727
	-0.052203	-0.025953	0.024001	-0.014453	0.023513	0.003333	-0.029121	-0.025316
	-0.047479	-0.013934	0.027006	-0.001125	0.025231	0.003945	-0.028248	-0.010299
	-0.038385	0.000164	0.031003	0.007879	0.022020	0.000062	-0.026647	0.003037
	-0.027566	0.013548	0.035075	0.010699	0.015769	-0.007093	-0.024137	0.013510
	-0.017648	0.023322	0.037812	0.006945	0.009100	-0.015405	-0.020151	0.021184
	-0.010305	0.027300	0.037833	-0.002260	0.004412	-0.022449	-0.014006	0.027092
	-0.005716	0.024688	0.034380	-0.014640	0.003061	-0.026144	-0.005294	0.032652
	-0.002606	0.016415	0.027746	-0.027412	0.004958	-0.025295	0.005739	0.038975
	0.001150	0.004945	0.019359	-0.038004	0.008727	-0.019882	0.017976	0.046310
	0.007589	-0.006401	0.011462	-0.044634	0.012327	-0.011016	0.029499	0.053800
	0.017735	-0.014426	0.006451	-0.046584	0.013927	-0.000613	0.037977	0.059666
	0.031035	-0.017028	0.006098	-0.044133	0.012660	0.009133	0.041291	0.061751
	0.045361	-0.013850	0.010916	-0.038213	0.009000	0.016295	0.038230	0.058285
	0.057608	-0.006361	0.019901	-0.029954	0.004591	0.019646	0.029019	0.048607
	0.064662	0.002666	0.030767	-0.020293	0.001600	0.018861	0.015487	0.033618
	0.064436	0.010135	0.040612	-0.009793	0.001825	0.014474	0.000766	0.015781
	0.056589	0.013735	0.046821	0.001284	0.005892	0.007612	-0.011456	-0.001371
	0.042694	0.012799	0.047889	0.012715	0.012868	-0.000368	-0.017935	-0.014117
	0.025797	0.008603	0.043898	0.024005	0.020441	-0.008229	-0.016847	-0.019570
	0.009513	0.003972	0.036461	0.034197	0.025643	-0.015091	-0.008433	-0.016567
	-0.003031	0.002300	0.028158	0.041917	0.025872	-0.020496	0.004912	-0.006120
	-0.010051	0.006298	0.021632	0.045695	0.019866	-0.024312	0.019191	0.008705
	-0.011487	0.016900	0.018654	0.044464	0.008262	-0.026542	0.029866	0.023523
	-0.008807	0.032705	0.019490	0.038053	-0.006465	-0.027132	0.033157	0.033765
	-0.004330	0.050195	0.022775	0.027502	-0.020701	-0.025860	0.027199	0.035950
	-0.000326	0.064679	0.025957	0.015009	-0.030816	-0.022367	0.012709	0.028704
	0.001774	0.071706	0.026171	0.003490	-0.034326	-0.016319	-0.007074	0.013243
	0.001791	0.068489	0.021243	-0.004160	-0.030725	-0.007649	-0.027172	-0.006853
	0.000707	0.054870	0.010494	-0.005899	-0.021674	0.003221	-0.042199	-0.026531
	0.000121	0.033507	-0.004943	-0.001195	-0.010471	0.015271	-0.047852	-0.040601
	0.001490	0.009193	-0.022380	0.008713	-0.000974	0.026960	-0.042143	-0.045154
	0.005435	-0.012497	-0.038341	0.021084	0.003687	0.036493	-0.026020	-0.038660
	0.011388	-0.026815	-0.049581	0.032405	0.002170	0.042236	-0.003178	-0.022449
	0.017711	-0.031199	-0.054010	0.039399	-0.004598	0.043162	0.020887	-0.000403
	0.022241	-0.025960	-0.051247	0.040006	-0.013698	0.039202	0.040312	0.022031
	0.023054	-0.014094	-0.042619	0.034027	-0.021163	0.031377	0.050391	0.039276
	0.019179	-0.000291	-0.030655	0.023225	-0.023300	0.021658	0.048762	0.047087
	0.010985	0.010534	-0.018249	0.010824	-0.017952	0.012546	0.035943	0.043660
	0.000105	0.014702	-0.007802	0.000547	-0.005292	0.006479	0.015083	0.030072
	-0.011082	0.010781	-0.000628	-0.004528	0.012112	0.005217	-0.008954	0.009956
	-0.020225	-0.000157	0.003209	-0.002934	0.029995	0.009349	-0.030897	-0.011497
	-0.025759	-0.015067	0.004598	0.004682	0.043626	0.018102	-0.046383	-0.028928
	-0.027374	-0.030038	0.004800	0.015705	0.049196	0.029479	-0.052925	-0.038194
	-0.026045	-0.041560	0.004814	0.026305	0.044925	0.040735	-0.050300	-0.037401
	-0.023605	-0.047557	0.004954	0.032575	0.031554	0.049051	-0.040317	-0.027311
	-0.022042	-0.047834	0.004788	0.031731	0.012077	0.052247	-0.026099	-0.011047
	-0.022763	-0.043854	0.003446	0.023000	-0.009168	0.049322	-0.011139	0.006774
	-0.026097	-0.037977	0.000152	0.007933	-0.027762	0.040698	0.001585	0.021240
	-0.031204	-0.032481	-0.005263	-0.009966	-0.040404	0.028080	0.010195	0.028344
	-0.036415	-0.028730	-0.012095	-0.026178	-0.045703	0.013982	0.014103	0.025883
	-0.039867	-0.026791	-0.018889	-0.036413	-0.044325	0.001057	0.013822	0.013866
	-0.040184	-0.025618	-0.023919	-0.037803	-0.038509	-0.008593	0.010562	-0.005615
	-0.036966	-0.023690	-0.025861	-0.029701	-0.031139	-0.013918	0.005765	-0.028972
	-0.030896	-0.019830	-0.024392	-0.013870	-0.024712	-0.015115	0.000756	-0.051962
	-0.023449	-0.013867	-0.020461	0.005986	-0.020542	-0.013465	-0.003425	-0.070577
	-0.016315	-0.006865	-0.016095	0.025184	-0.018450	-0.010876	-0.006024	-0.081775
	-0.010771	-0.000820	-0.013756	0.039265	-0.017001	-0.009284	-0.006502	-0.083946
	-0.007243	0.002080	-0.015467	0.045080	-0.014202	-0.010085	-0.004493	-0.077051
	-0.005232	0.000345	-0.021998	0.041490	-0.008366	-0.013779	0.000145	-0.062490
	-0.003618	-0.006117	-0.032428	0.029516	0.001137	-0.019902	0.007176	-0.042758
	-0.001239	-0.015772	-0.044259	0.011936	0.013511	-0.027255	0.015813	-0.020979
	0.002506	-0.025823	-0.054093	-0.007514	0.026660	-0.034336	0.024650	-0.000396
	0.007278	-0.033063	-0.058663	-0.025097	0.037766	-0.039818	0.031781	0.016144
	0.011806	-0.034933	-0.055898	-0.037922	0.044118	-0.042918	0.034381	0.026624
	0.014325	-0.030418	-0.045638	-0.044485	0.043929	-0.043548	0.032325	0.030203
	0.013284	-0.020452	-0.029774	-0.044786	0.036881	-0.042208	0.025182	0.027378
	0.008081	-0.007676	-0.011733	-0.040072	0.024240	-0.039691	0.011807	0.019922
	-0.000467	0.004388	0.004536	-0.032316	0.008531	-0.036723	-0.004855	0.010573
	-0.010133	0.012485	0.015728	-0.023614	-0.007118	-0.033663	-0.021705	0.002478
	-0.017813	0.014702	0.020136	-0.015673	-0.019755	-0.030407	-0.035328	-0.001522
	-0.020442	0.011117	0.018074	-0.009513	-0.027268	-0.026495	-0.042879	0.000406
	-0.016008	0.003786	0.011639	-0.005424	-0.028768	-0.021407	-0.042862	0.008544
	-0.004329	-0.003914	0.003920	-0.003125	-0.024628	-0.014899	-0.035570	0.021451
	0.012693	-0.008383	-0.002076	-0.002064	-0.016206	-0.007254	-0.023029	0.036211
	0.031461	-0.006961	-0.004387	-0.001719	-0.005391	0.000671	-0.008434	0.049126
	0.047614	0.001226	-0.002634	-0.001815	0.005872	0.007647	0.004744	0.056659
	0.057241	0.015011	0.002043	-0.002419	0.015941	0.012473	0.013726	0.056424
	0.057992	0.031581	0.007594	-0.003872	0.023653	0.014435	0.017157	0.047903
	0.049757	0.047395	0.011973	-0.006631	0.028317	0.013650	0.015377	0.032691
	0.034687	0.059266	0.013996	-0.011051	0.029612	0.011162	0.010163	0.014147
	0.016564	0.065287	0.013824	-0.017181	0.027467	0.008709	0.004026	-0.003463
	-0.000281	0.065267	0.012873	-0.024636	0.022012	0.008205	-0.000678	-0.016124
	-0.012165	0.060585	0.013206	-0.032569	0.013610	0.011093	-0.002532	-0.021181
	-0.016997	0.053542	0.016612	-0.039745	0.002949	0.017766	-0.001462	-0.018085
	-0.014697	0.046467	0.023754	-0.044735	-0.008886	0.027267	0.001356	-0.008538
	-0.006997	0.040913	0.033694	-0.046167	-0.020446	0.037403	0.004045	0.004018
	0.003259	0.037217	0.044030	-0.043013	-0.030084	0.045271	0.004824	0.015422
	0.013072	0.034559	0.051604	-0.034849	-0.036257	0.048075	0.002758	0.022020
	0.020157	0.031459	0.053569	-0.022032	-0.037879	0.043999	-0.001825	0.021743
	0.023480	0.026510	0.048433	-0.005739	-0.034618	0.032869	-0.007396	0.014687
	0.023305	0.019038	0.036715	0.012154	-0.027033	0.016384	-0.011760	0.003040
	0.020816	0.009440	0.020950	0.029354	-0.016474	-0.002183	-0.012878	-0.009620
	0.017494	-0.000920	0.005014	0.043561	-0.004779	-0.018770	-0.009672	-0.019442
	0.014503	-0.010230	-0.007025	0.052902	0.006180	-0.029577	-0.002516	-0.023473
	0.012319	-0.016931	-0.012161	0.056315	0.014943	-0.032116	0.006780	-0.020536
	0.010714	-0.020350	-0.009403	0.053763	0.020778	-0.025940	0.015523	-0.011539
	0.009064	-0.020997	-0.000092	0.046216	0.023753	-0.012839	0.021037	0.000857
	0.006803	-0.020399	0.012497	0.035403	0.024563	0.003557	0.021625	0.013090
	0.003842	-0.020532	0.024165	0.023383	0.024164	0.018693	0.017233	0.021793
	0.000718	-0.023026	0.031053	0.012049	0.023342	0.028248	0.009582	0.024790
	-0.001557	-0.028467	0.030772	0.002712	0.022391	0.029258	0.001676	0.021685
	-0.001927	-0.036021	0.023032	-0.004124	0.020992	0.020870	-0.003161	0.013887
	0.000201	-0.043576	0.009606	-0.008723	0.018366	0.004558	-0.002428	0.004096
	0.004575	-0.048342	-0.006328	-0.011840	0.013640	-0.016275	0.004620	-0.004570
	0.010037	-0.047745	-0.021202	-0.014294	0.006304	-0.037162	0.016567	-0.009506
	0.014820	-0.040310	-0.032088	-0.016558	-0.003419	-0.053679	0.030129	-0.009335
	0.017136	-0.026240	-0.037391	-0.018498	-0.014418	-0.062501	0.041066	-0.004199
	0.015826	-0.007499	-0.037031	-0.019383	-0.024849	-0.062122	0.045459	0.004404
	0.010829	0.012638	-0.032113	-0.018161	-0.032576	-0.053089	0.040943	0.014157
	0.003267	0.030423	-0.024269	-0.013922	-0.035762	-0.037712	0.027510	0.022603
	-0.004916	0.042609	-0.014970	-0.006388	-0.033444	-0.019378	0.007622	0.027761
	-0.011663	0.047246	-0.005087	0.003759	-0.025898	-0.001652	-0.014419	0.028489
	-0.015601	0.044087	0.005160	0.014864	-0.014653	0.012560	-0.033657	0.024543
	-0.016637	0.034512	0.015868	0.024628	-0.002151	0.021597	-0.045862	0.016379
	-0.016098	0.021020	0.026926	0.030719	0.008881	0.025246	-0.048690	0.004850
	-0.016318	0.006496	0.037568	0.031489	0.016150	0.024553	-0.042286	-0.009061
	-0.019780	-0.006515	0.046237	0.026551	0.018405	0.021334	-0.029145	-0.024358
	-0.028095	-0.016311	0.050881	0.017034	0.015736	0.017558	-0.013312	-0.039982
	-0.041176	-0.022221	0.049603	0.005374	0.009492	0.014775	0.000823	-0.054677
	-0.056941	-0.024468	0.041439	-0.005289	0.001820	0.013750	0.009767	-0.066902
	-0.071706	-0.023845	0.026957	-0.011986	-0.005006	0.014373	0.011819	-0.074907
	-0.081197	-0.021343	0.008408	-0.012766	-0.009274	0.015842	0.007390	-0.076944
	-0.081894	-0.017885	-0.010686	-0.007281	-0.010308	0.017044	-0.001321	-0.072199
	-0.072277	-0.014208	-0.026425	0.003097	-0.008599	0.016993	-0.011142	-0.060340
	-0.053539	-0.010889	-0.035637	0.015670	-0.005541	0.015202	-0.018945	-0.042761
	-0.029492	-0.008416	-0.036826	0.027202	-0.002870	0.011861	-0.022546	-0.022078
	-0.005636	-0.007212	-0.030641	0.034859	-0.001992	0.007791	-0.021219	-0.001772
	0.012370	-0.007555	-0.019679	0.037002	-0.003436	0.004187	-0.015703	0.014588
	0.020379	-0.009409	-0.007672	0.033588	-0.006597	0.002217	-0.007768	0.024255
	0.017045	-0.012259	0.001677	0.026060	-0.009885	0.002622	0.000485	0.026070
	0.004320	-0.015071	0.005838	0.016768	-0.011225	0.005413	0.007317	0.020824
	-0.013031	-0.016456	0.004181	0.008133	-0.008767	0.009779	0.011818	0.011075
	-0.028773	-0.015067	-0.001944	0.001829	-0.001569	0.014244	0.014007	0.000450
	-0.037009	-0.010111	-0.009786	-0.001720	0.009963	0.017031	0.014588	-0.007388
	-0.033908	-0.001825	-0.016232	-0.003376	0.024040	0.016560	0.014486	-0.009782
	-0.018830	0.008321	-0.018909	-0.004837	0.037653	0.011936	0.014370	-0.005821
	0.005495	0.017797	-0.016996	-0.007868	0.048382	0.003286	0.014346	0.003458
	0.033777	0.023615	-0.011434	-0.013493	0.053049	-0.008158	0.013937	0.015472
	0.059714	0.023209	-0.004505	-0.021447	0.050595	-0.020267	0.012345	0.026956
	0.077796	0.015328	0.001063	-0.030091	0.041370	-0.030502	0.008878	0.035016
	0.084619	0.000646	0.003116	-0.036856	0.027261	-0.036531	0.003358	0.038010
	0.080628	-0.018159	0.000847	-0.039082	0.011190	-0.036843	-0.003649	0.035989
	0.067999	-0.036962	-0.004974	-0.034968	-0.003661	-0.031169	-0.010900	0.030548
	0.051562	-0.051256	-0.012370	-0.024328	-0.014685	-0.020597	-0.016829	0.024162
	0.036309	-0.057433	-0.018989	-0.008862	-0.020480	-0.007320	-0.020063	0.019251
	0.026072	-0.053892	-0.023052	0.008160	-0.021119	0.005912	-0.019933	0.017294
	0.022464	-0.041603	-0.024050	0.022737	-0.017985	0.016506	-0.016778	0.018317
	0.024598	-0.023902	-0.022908	0.031253	-0.013245	0.022697	-0.011929	0.020925
	0.029621	-0.005568	-0.021537	0.031527	-0.009133	0.023987	-0.007332	0.022866
	0.033835	0.008591	-0.021936	0.023464	-0.007266	0.021214	-0.004936	0.021933
	0.034025	0.015182	-0.025209	0.009115	-0.008194	0.016234	-0.006023	0.016867
	0.028546	0.013267	-0.030878	-0.007897	-0.011318	0.011298	-0.010693	0.007949
	0.017831	0.004650	-0.036821	-0.023382	-0.015169	0.008309	-0.017693	-0.002949
	0.004180	-0.006699	-0.039902	-0.033746	-0.017967	0.008196	-0.024660	-0.012886
	-0.009054	-0.015892	-0.037122	-0.036935	-0.018246	0.010602	-0.028729	-0.018782
	-0.018601	-0.018674	-0.026888	-0.032911	-0.015383	0.013985	-0.027358	-0.018457
	-0.022339	-0.012768	-0.009930	-0.023532	-0.009831	0.016136	-0.019113	-0.011421
	-0.019947	0.001405	0.010517	-0.011903	-0.003019	0.014941	-0.004211	0.000848
	-0.012969	0.020868	0.029416	-0.001415	0.003074	0.009166	0.015362	0.015246
	-0.004268	0.041029	0.041345	0.005217	0.006510	-0.000992	0.036203	0.027895
	0.002891	0.057107	0.042209	0.006652	0.006005	-0.013772	0.054219	0.035240
	0.005856	0.065597	0.030691	0.003172	0.001346	-0.026217	0.065576	0.035051
	0.003359	0.065274	0.008929	-0.003544	-0.006473	-0.034933	0.067600	0.027021
	-0.004179	0.057454	-0.017846	-0.011003	-0.015468	-0.037056	0.059415	0.012785
	-0.014849	0.045429	-0.042655	-0.016633	-0.023155	-0.031132	0.042162	-0.004603
	-0.025893	0.033308	-0.058716	-0.018451	-0.027183	-0.017638	0.018753	-0.021565
	-0.034530	0.024648	-0.061394	-0.015498	-0.025959	0.000997	-0.006784	-0.034943
	-0.038722	0.021357	-0.049564	-0.007962	-0.019091	0.020921	-0.030175	-0.042734
	-0.037655	0.023197	-0.025940	0.002967	-0.007538	0.037781	-0.047791	-0.044391
	-0.031831	0.028044	0.003718	0.015417	0.006556	0.047801	-0.057343	-0.040675
	-0.022793	0.032774	0.032270	0.027208	0.020311	0.048708	-0.058228	-0.033170
	-0.012610	0.034434	0.053228	0.036203	0.030744	0.040265	-0.051476	-0.023669
	-0.003309	0.031292	0.062506	0.040577	0.035430	0.024269	-0.039348	-0.013687
	0.003589	0.023397	0.059393	0.039043	0.033055	0.004043	-0.024705	-0.004227
	0.007303	0.012476	0.046474	0.031053	0.023735	-0.016439	-0.010328	0.004151
	0.007799	0.001235	0.028593	0.016981	0.009047	-0.033524	0.001641	0.011065
	0.005612	-0.007665	0.011238	-0.001744	-0.008266	-0.044694	0.010023	0.016034
	0.001589	-0.012568	-0.001101	-0.022633	-0.024826	-0.049021	0.014639	0.018350
	-0.003350	-0.013373	-0.006099	-0.042360	-0.037315	-0.047166	0.016095	0.017223
	-0.008367	-0.011489	-0.003949	-0.057258	-0.043162	-0.040976	0.015430	0.012139
	-0.012776	-0.009207	0.003126	-0.064053	-0.041113	-0.032828	0.013734	0.003310
	-0.016047	-0.008757	0.011945	-0.060704	-0.031521	-0.024926	0.011871	-0.008008
	-0.017792	-0.011390	0.019610	-0.047111	-0.016311	-0.018757	0.010366	-0.019524
	-0.017781	-0.016840	0.024451	-0.025458	0.001399	-0.014832	0.009460	-0.028314
	-0.015981	-0.023379	0.026390	0.000008	0.017958	-0.012749	0.009273	-0.031567
	-0.012610	-0.028437	0.026625	0.023796	0.029975	-0.011517	0.009973	-0.027453
	-0.008145	-0.029586	0.026856	0.040433	0.035064	-0.010017	0.011856	-0.015840
	-0.003270	-0.025516	0.028357	0.045879	0.032383	-0.007431	0.015283	0.001432
	0.001254	-0.016641	0.031323	0.038690	0.022809	-0.003531	0.020475	0.020830
	0.004775	-0.005116	0.034705	0.020558	0.008705	0.001253	0.027239	0.037956
	0.006911	0.005790	0.036634	-0.003973	-0.006665	0.005986	0.034756	0.048686
	0.007651	0.012729	0.035220	-0.028596	-0.019941	0.009533	0.041545	0.050293
	0.007334	0.013401	0.029425	-0.046864	-0.028484	0.010936	0.045669	0.042201
	0.006512	0.007350	0.019635	-0.053902	-0.030981	0.009731	0.045193	0.026134
	0.005743	-0.003824	0.007712	-0.047707	-0.027692	0.006149	0.038772	0.005604
	0.005385	-0.016938	-0.003551	-0.029653	-0.020264	0.001137	0.026211	-0.015096
	0.005481	-0.028228	-0.011347	-0.004041	-0.011174	-0.003810	0.008779	-0.032084
	0.005772	-0.034537	-0.013848	0.023165	-0.002961	-0.006958	-0.010845	-0.042886
	0.005840	-0.034318	-0.010872	0.046050	0.002525	-0.006738	-0.029074	-0.046939
	0.005336	-0.028094	-0.003993	0.060359	0.004630	-0.002160	-0.042243	-0.045459
	0.004186	-0.018253	0.003979	0.064551	0.004031	0.006863	-0.047591	-0.040763
	0.002699	-0.008241	0.009960	0.059965	0.002441	0.019347	-0.044087	-0.035308
	0.001507	-0.001440	0.011666	0.050105	0.001999	0.033292	-0.032852	-0.030785
	0.001353	-0.000100	0.008405	0.039288	0.004526	0.045989	-0.016998	-0.027599
	0.002782	-0.004672	0.001297	0.031148	0.010887	0.054539	-0.000891	-0.024896
	0.005859	-0.013742	-0.007162	0.027472	0.020654	0.056509	0.010999	-0.021101
	0.010012	-0.024555	-0.014033	0.027766	0.032174	0.050570	0.015336	-0.014748
	0.014090	-0.033928	-0.017051	0.029662	0.043013	0.036975	0.010895	-0.005275
	0.016632	-0.039231	-0.015496	0.029987	0.050644	0.017702	-0.001038	0.006537
	0.016290	-0.039109	-0.010519	0.026114	0.053150	-0.003805	-0.016981	0.018654
	0.012265	-0.033733	-0.004777	0.017078	0.049743	-0.023295	-0.032229	0.028401
	0.004635	-0.024546	-0.001496	0.004072	0.040931	-0.036658	-0.042207	0.033381
	-0.005559	-0.013637	-0.003288	-0.009875	0.028322	-0.040928	-0.043816	0.032363
	-0.016481	-0.003006	-0.011130	-0.020928	0.014126	-0.035091	-0.036367	0.025816
	-0.025917	0.006014	-0.023865	-0.025824	0.000551	-0.020456	-0.021810	0.015868
	-0.031793	0.012984	-0.038429	-0.023108	-0.010730	-0.000448	-0.004181	0.005678
	-0.032667	0.018205	-0.050720	-0.013781	-0.018858	0.020149	0.011586	-0.001570
	-0.028066	0.022288	-0.056857	-0.001115	-0.023776	0.036349	0.021111	-0.003719
