	-0.033757	0.033305	0.010747	-0.016072	0.028570	-0.004778	-0.000757	0.011193
	-0.030307	0.036453	-0.000249	-0.029626	0.028833	-0.025297	0.019312	0.004138
	-0.021967	0.031505	-0.009969	-0.038494	0.027396	-0.038947	0.036285	-0.003884
	-0.012293	0.021192	-0.014999	-0.039256	0.024618	-0.041002	0.048111	-0.011395
	-0.004806	0.009546	-0.013008	-0.030166	0.020820	-0.029608	0.053449	-0.017123
	-0.001882	0.000585	-0.003283	-0.011656	0.016410	-0.006270	0.051878	-0.020257
	-0.004052	-0.002895	0.013162	0.013672	0.011978	0.024552	0.044028	-0.020545
	-0.009929	-0.000042	0.033894	0.041556	0.008310	0.056578	0.031572	-0.018224
	-0.016774	0.007976	0.055626	0.066962	0.006263	0.083261	0.017027	-0.013844
	-0.021493	0.018529	0.074872	0.085144	0.006517	0.099340	0.003365	-0.008086
	-0.021737	0.028464	0.088534	0.092641	0.009300	0.101984	-0.006553	-0.001634
	-0.016718	0.035113	0.094328	0.087999	0.014165	0.091291	-0.010587	0.004872
	-0.007479	0.037032	0.091031	0.072059	0.019969	0.070057	-0.007846	0.010811
	0.003462	0.034277	0.078583	0.047770	0.025069	0.042937	0.001024	0.015539
	0.012966	0.028183	0.058073	0.019564	0.027741	0.015251	0.013906	0.018411
	0.018332	0.020783	0.031645	-0.007568	0.026697	-0.008238	0.027652	0.018867
	0.018192	0.014100	0.002304	-0.029090	0.021548	-0.024290	0.038801	0.016601
	0.012934	0.009557	-0.026405	-0.041829	0.013034	-0.031695	0.044412	0.011725
	0.004529	0.007688	-0.050854	-0.044551	0.002934	-0.031251	0.042779	0.004871
	-0.004181	0.008186	-0.067911	-0.038114	-0.006375	-0.025281	0.033837	-0.002871
	-0.010476	0.010215	-0.075527	-0.025142	-0.012590	-0.016857	0.019160	-0.010163
	-0.012683	0.012819	-0.073202	-0.009319	-0.014187	-0.008939	0.001523	-0.015754
	-0.010710	0.015248	-0.062185	0.005533	-0.010939	-0.003639	-0.015797	-0.018831
	-0.006010	0.017106	-0.045279	0.016348	-0.004052	-0.001782	-0.029802	-0.019248
	-0.000985	0.018266	-0.026272	0.021489	0.004136	-0.002829	-0.038409	-0.017551
	0.001949	0.018674	-0.009091	0.020997	0.010845	-0.005165	-0.040772	-0.014762
	0.001307	0.018134	0.003121	0.016396	0.013711	-0.006651	-0.037231	-0.011979
	-0.002848	0.016227	0.008727	0.010111	0.011551	-0.005292	-0.028979	-0.009941
	-0.008844	0.012407	0.007930	0.004666	0.004773	0.000142	-0.017571	-0.008725
	-0.013926	0.006266	0.002590	0.001925	-0.004711	0.009706	-0.004493	-0.007697
	-0.015203	-0.002167	-0.004406	0.002578	-0.014078	0.022186	0.009085	-0.005776
	-0.010693	-0.012218	-0.010057	0.006018	-0.020504	0.035335	0.022310	-0.001938
	-0.000110	-0.022569	-0.012147	0.010649	-0.022107	0.046407	0.034450	0.004234
	0.014879	-0.031520	-0.009867	0.014486	-0.018607	0.052834	0.044662	0.012141
	0.031038	-0.037435	-0.003965	0.015859	-0.011466	0.052882	0.051845	0.020121
	0.044469	-0.039233	0.003600	0.013974	-0.003449	0.046113	0.054739	0.025814
	0.051754	-0.036746	0.010376	0.009151	0.002292	0.033528	0.052234	0.026873
	0.050990	-0.030806	0.014253	0.002661	0.003299	0.017327	0.043831	0.021819
	0.042363	-0.023013	0.014139	-0.003777	-0.001293	0.000376	0.030047	0.010715
	0.028109	-0.015253	0.010256	-0.008647	-0.010362	-0.014513	0.012584	-0.004569
	0.011860	-0.009126	0.003968	-0.011205	-0.021056	-0.025264	-0.005867	-0.020687
	-0.002400	-0.005485	-0.002772	-0.011762	-0.029670	-0.031006	-0.022191	-0.033679
	-0.011442	-0.004254	-0.008149	-0.011558	-0.032859	-0.032199	-0.033646	-0.040144
	-0.013638	-0.004575	-0.011122	-0.012277	-0.028807	-0.030386	-0.038650	-0.038357
	-0.009284	-0.005238	-0.011737	-0.015363	-0.017953	-0.027654	-0.037281	-0.028954
	-0.000349	-0.005220	-0.011018	-0.021395	-0.003012	-0.025972	-0.031317	-0.014911
	0.010244	-0.004130	-0.010487	-0.029747	0.011757	-0.026608	-0.023736	-0.000779
	0.019555	-0.002377	-0.011494	-0.038683	0.021838	-0.029797	-0.017822	0.008655
	0.025463	-0.000995	-0.014621	-0.045873	0.023889	-0.034757	-0.016140	0.009868
	0.027171	-0.001181	-0.019383	-0.049174	0.016880	-0.040021	-0.019711	0.001794
	0.025229	-0.003729	-0.024342	-0.047398	0.002536	-0.043969	-0.027660	-0.013693
	0.021124	-0.008573	-0.027599	-0.040803	-0.015076	-0.045372	-0.037481	-0.032208
	0.016601	-0.014653	-0.027493	-0.031102	-0.030717	-0.043768	-0.045836	-0.048102
	0.012967	-0.020163	-0.023244	-0.020963	-0.039559	-0.039546	-0.049641	-0.056179
	0.010601	-0.023147	-0.015302	-0.013141	-0.038691	-0.033726	-0.047099	-0.053341
	0.008833	-0.022212	-0.005270	-0.009522	-0.028051	-0.027527	-0.038317	-0.039651
	0.006215	-0.017124	0.004587	-0.010410	-0.010509	-0.021880	-0.025320	-0.018436
	0.001067	-0.009032	0.012080	-0.014311	0.008991	-0.017086	-0.011437	0.004630
	-0.007874	-0.000210	0.015817	-0.018320	0.024927	-0.012723	-0.000273	0.023216
	-0.020913	0.006637	0.015660	-0.019020	0.032917	-0.007869	0.005409	0.032281
	-0.037134	0.009279	0.012738	-0.013622	0.031078	-0.001538	0.004521	0.029686
	-0.054483	0.006788	0.009012	-0.000976	0.020631	0.006811	-0.002072	0.016947
	-0.070175	-0.000022	0.006540	0.017867	0.005519	0.016894	-0.011886	-0.001123
	-0.081304	-0.008718	0.006704	0.039760	-0.008826	0.027498	-0.021666	-0.017804
	-0.085505	-0.015945	0.009670	0.060207	-0.017197	0.036714	-0.028417	-0.026473
	-0.081500	-0.018472	0.014292	0.074561	-0.016265	0.042450	-0.030290	-0.022635
	-0.069410	-0.014276	0.018496	0.079313	-0.005649	0.043074	-0.027027	-0.005345
	-0.050779	-0.003305	0.020038	0.073074	0.011934	0.037972	-0.019842	0.022402
	-0.028300	0.012373	0.017366	0.056984	0.031496	0.027830	-0.010818	0.054441
	-0.005323	0.029082	0.010294	0.034406	0.047312	0.014554	-0.002072	0.083133
	0.014783	0.042591	0.000233	0.010024	0.054702	0.000813	0.004997	0.101359
	0.029268	0.049368	-0.010116	-0.011392	0.051476	-0.010644	0.010102	0.104249
	0.036539	0.047661	-0.017531	-0.026176	0.038623	-0.017709	0.013974	0.093193
	0.036488	0.038025	-0.019278	-0.032589	0.020000	-0.019452	0.017850	0.068909
	0.030518	0.023154	-0.014024	-0.031050	0.001152	-0.016318	0.022760	0.038119
	0.021253	0.007041	-0.002375	-0.023765	-0.012395	-0.009939	0.028922	0.007807
	0.011949	-0.006250	0.013154	-0.013913	-0.016811	-0.002622	0.035497	-0.015863
	0.005718	-0.013819	0.028749	-0.004650	-0.011121	0.003329	0.040824	-0.029104
	0.004728	-0.014764	0.040290	0.001739	0.002527	0.006241	0.043048	-0.031276
	0.009576	-0.010367	0.044476	0.004325	0.019537	0.005486	0.040917	-0.024705
	0.019034	-0.003564	0.039719	0.003552	0.034259	0.001565	0.034420	-0.013679
	0.030264	0.002098	0.026580	0.000845	0.041694	-0.004131	0.025002	-0.002989
	0.039523	0.003690	0.007625	-0.002022	0.038948	-0.009792	0.015242	0.003509
	0.043189	-0.000108	-0.013243	-0.003567	0.026055	-0.013732	0.008068	0.003899
	0.038871	-0.008552	-0.031763	-0.003046	0.005904	-0.014844	0.005792	-0.001494
	0.026268	-0.019085	-0.044335	-0.000593	-0.016652	-0.012843	0.009284	-0.010514
	0.007493	-0.028170	-0.048807	0.002944	-0.036227	-0.008246	0.017627	-0.020080
	-0.013285	-0.032452	-0.044839	0.006378	-0.048417	-0.002129	0.028367	-0.027264
	-0.030857	-0.029852	-0.033806	0.008621	-0.050975	0.004251	0.038302	-0.030172
	-0.040391	-0.020253	-0.018313	0.009034	-0.044303	0.009840	0.044542	-0.028378
	-0.038876	-0.005556	-0.001494	0.007592	-0.031175	0.014061	0.045450	-0.022832
	-0.026146	0.010882	0.013690	0.004840	-0.015812	0.016918	0.041130	-0.015351
	-0.005141	0.025247	0.024998	0.001692	-0.002620	0.018905	0.033277	-0.007910
	0.018727	0.034366	0.031190	-0.000853	0.005021	0.020774	0.024441	-0.002007
	0.038974	0.036557	0.032047	-0.001978	0.005594	0.023229	0.016981	0.001686
	0.049839	0.031996	0.028187	-0.001233	-0.000310	0.026648	0.012104	0.003323
	0.047958	0.022490	0.020790	0.001381	-0.010344	0.030893	0.009370	0.003569
	0.033397	0.010797	0.011317	0.005425	-0.021189	0.035266	0.006876	0.003161
	0.009728	-0.000278	0.001286	0.010111	-0.029526	0.038629	0.002077	0.002520
	-0.016930	-0.008697	-0.007876	0.014427	-0.032890	0.039653	-0.007042	0.001580
	-0.039627	-0.013657	-0.014943	0.017306	-0.030212	0.037144	-0.020894	-0.000109
	-0.052557	-0.015594	-0.018976	0.017804	-0.021927	0.030385	-0.037737	-0.003071
	-0.052709	-0.015766	-0.019423	0.015302	-0.009714	0.019413	-0.053928	-0.007533
	-0.040679	-0.015597	-0.016223	0.009698	0.004043	0.005147	-0.064946	-0.013146
	-0.020404	-0.016035	-0.009860	0.001541	0.016853	-0.010670	-0.066903	-0.018942
	0.002104	-0.017162	-0.001361	-0.007948	0.026646	-0.025727	-0.058006	-0.023547
	0.020614	-0.018172	0.007842	-0.017029	0.032112	-0.037589	-0.039469	-0.025587
	0.030554	-0.017722	0.016143	-0.023765	0.032820	-0.044216	-0.015478	-0.024139
	0.030315	-0.014504	0.022075	-0.026484	0.029144	-0.044467	0.007847	-0.019069
	0.021577	-0.007831	0.024611	-0.024270	0.022080	-0.038441	0.024218	-0.011116
	0.008591	0.001992	0.023390	-0.017339	0.012991	-0.027549	0.029126	-0.001701
	-0.003349	0.013630	0.018778	-0.007149	0.003360	-0.014266	0.021335	0.007477
	-0.009714	0.025037	0.011769	0.003812	-0.005437	-0.001589	0.003409	0.014924
	-0.008240	0.034024	0.003735	0.012578	-0.012326	0.007680	-0.018948	0.019739
	0.000371	0.038871	-0.003896	0.016465	-0.016687	0.011647	-0.038561	0.021788
	0.012758	0.038805	-0.009940	0.013837	-0.018433	0.009833	-0.048957	0.021607
	0.024110	0.034175	-0.013663	0.004659	-0.018009	0.003329	-0.046353	0.020096
	0.029840	0.026293	-0.014837	-0.009362	-0.016265	-0.005488	-0.030823	0.018122
	0.027168	0.017003	-0.013664	-0.025100	-0.014222	-0.013593	-0.006273	0.016188
	0.016078	0.008132	-0.010611	-0.038764	-0.012766	-0.018167	0.020787	0.014291
	-0.000659	0.001006	-0.006226	-0.046867	-0.012336	-0.017399	0.043249	0.012017
	-0.018391	-0.003831	-0.001014	-0.047148	-0.012735	-0.011011	0.055563	0.008830
	-0.032109	-0.006623	0.004594	-0.039184	-0.013119	-0.000346	0.055344	0.004428
	-0.038059	-0.008168	0.010190	-0.024521	-0.012227	0.012020	0.043922	-0.000981
	-0.034911	-0.009439	0.015290	-0.006267	-0.008801	0.023034	0.025696	-0.006602
	-0.024102	-0.011214	0.019261	0.011709	-0.002095	0.030040	0.006545	-0.011228
	-0.009262	-0.013831	0.021328	0.025766	0.007699	0.031525	-0.008160	-0.013623
	0.005048	-0.017125	0.020696	0.033362	0.019261	0.027492	-0.015260	-0.012978
	0.014860	-0.020554	0.016764	0.033598	0.030303	0.019354	-0.014671	-0.009277
	0.018030	-0.023425	0.009363	0.027289	0.038080	0.009389	-0.009155	-0.003443
	0.014803	-0.025131	-0.001054	0.016599	0.040128	-0.000036	-0.003118	0.002828
	0.007517	-0.025304	-0.013362	0.004366	0.035038	-0.007230	-0.000884	0.007491
	-0.000394	-0.023844	-0.025896	-0.006645	0.023014	-0.011651	-0.005069	0.008730
	-0.005718	-0.020833	-0.036752	-0.014365	0.006024	-0.013942	-0.015630	0.005505
	-0.006632	-0.016411	-0.044196	-0.017757	-0.012552	-0.015517	-0.029887	-0.002100
	-0.003289	-0.010665	-0.047064	-0.016835	-0.028700	-0.017867	-0.043512	-0.012845
	0.002357	-0.003621	-0.045054	-0.012420	-0.038789	-0.021827	-0.052099	-0.024627
	0.007419	0.004662	-0.038805	-0.005769	-0.040539	-0.027104	-0.052755	-0.035016
	0.009284	0.013936	-0.029748	0.001787	-0.033647	-0.032235	-0.045136	-0.041871
	0.006711	0.023609	-0.019740	0.009084	-0.019890	-0.035032	-0.031576	-0.043858
	0.000388	0.032683	-0.010607	0.015230	-0.002653	-0.033368	-0.016254	-0.040729
	-0.007251	0.039847	-0.003692	0.019585	0.013978	-0.026037	-0.003706	-0.033278
	-0.012906	0.043723	0.000443	0.021716	0.026302	-0.013388	0.002781	-0.023030
	-0.013676	0.043205	0.002085	0.021377	0.031948	0.002520	0.002336	-0.011755
	-0.008234	0.037807	0.002195	0.018546	0.030418	0.018329	-0.003190	-0.000970
	0.002523	0.027892	0.002039	0.013511	0.023071	0.030260	-0.009899	0.008409
	0.015601	0.014701	0.002733	0.006923	0.012593	0.035197	-0.013260	0.016189
	0.026810	0.000163	0.004856	-0.000235	0.002126	0.031630	-0.009778	0.022764
	0.032130	-0.013495	0.008227	-0.006806	-0.005656	0.020170	0.001656	0.028790
	0.029094	-0.024219	0.011951	-0.011726	-0.009253	0.003438	0.019215	0.034792
	0.017680	-0.030567	0.014699	-0.014301	-0.008615	-0.014628	0.038580	0.040845
	0.000413	-0.032006	0.015162	-0.014402	-0.004957	-0.029843	0.054259	0.046417
	-0.018383	-0.028972	0.012539	-0.012480	-0.000191	-0.038894	0.061329	0.050453
	-0.033933	-0.022719	0.006914	-0.009363	0.003776	-0.040166	0.057062	0.051654
	-0.042506	-0.014984	-0.000622	-0.005910	0.005662	-0.034027	0.041872	0.048872
	-0.042548	-0.007576	-0.008136	-0.002628	0.005132	-0.022531	0.019301	0.041518
	-0.035072	-0.001993	-0.013305	0.000576	0.002751	-0.008648	-0.004961	0.029835
	-0.023184	0.000848	-0.014032	0.004388	-0.000381	0.004695	-0.024721	0.014982
	-0.010920	0.000724	-0.009069	0.009793	-0.003146	0.015439	-0.035052	-0.001131
	-0.001818	-0.001937	0.001537	0.017574	-0.004861	0.022829	-0.033663	-0.016202
	0.002266	-0.006223	0.016305	0.027773	-0.005506	0.027353	-0.021468	-0.028023
	0.001681	-0.010972	0.032559	0.039354	-0.005634	0.030246	-0.002195	-0.034970
	-0.001327	-0.015011	0.046997	0.050216	-0.006031	0.032786	0.018779	-0.036374
	-0.003644	-0.017381	0.056456	0.057643	-0.007249	0.035649	0.036004	-0.032690
	-0.002642	-0.017502	0.058692	0.059071	-0.009233	0.038573	0.045438	-0.025409
	0.002656	-0.015281	0.052950	0.052964	-0.011191	0.040450	0.045433	-0.016721
	0.011036	-0.011159	0.040190	0.039486	-0.011779	0.039795	0.036951	-0.008998
	0.019411	-0.006062	0.022877	0.020710	-0.009568	0.035408	0.023047	-0.004221
	0.023920	-0.001269	0.004402	0.000239	-0.003616	0.026969	0.007819	-0.003468
	0.021417	0.001820	-0.011725	-0.017704	0.006048	0.015323	-0.004811	-0.006613
	0.010836	0.001997	-0.022712	-0.029466	0.018216	0.002345	-0.012112	-0.012312
	-0.006091	-0.001412	-0.027121	-0.033062	0.030674	-0.009588	-0.013100	-0.018301
	-0.025055	-0.008265	-0.025146	-0.028823	0.040714	-0.018340	-0.008534	-0.021967
	-0.040319	-0.017454	-0.018471	-0.019355	0.045853	-0.022702	-0.000443	-0.021046
	-0.046461	-0.026984	-0.009750	-0.008784	0.044537	-0.022788	0.008610	-0.014290
	-0.040136	-0.034309	-0.001865	-0.001499	0.036599	-0.019978	0.016284	-0.001916
	-0.021295	-0.036874	0.002840	-0.000783	0.023358	-0.016434	0.020993	0.014298
	0.006590	-0.032771	0.003139	-0.007762	0.007295	-0.014337	0.022137	0.031330
	0.037373	-0.021332	-0.000830	-0.021032	-0.008563	-0.015116	0.020010	0.045584
	0.063929	-0.003487	-0.007694	-0.037073	-0.021392	-0.018930	0.015490	0.053768
	0.080168	0.018245	-0.015302	-0.051362	-0.029220	-0.024580	0.009649	0.053747
	0.082732	0.040185	-0.021367	-0.059797	-0.031316	-0.029899	0.003422	0.045149
	0.071858	0.058255	-0.024105	-0.060001	-0.028236	-0.032476	-0.002592	0.029536
	0.051150	0.068928	-0.022705	-0.052071	-0.021548	-0.030486	-0.008170	0.010087
	0.026351	0.070092	-0.017507	-0.038532	-0.013349	-0.023344	-0.013373	-0.009154
	0.003538	0.061612	-0.009861	-0.023510	-0.005739	-0.011973	-0.018386	-0.024267
	-0.012665	0.045415	-0.001737	-0.011406	-0.000379	0.001410	-0.023351	-0.032414
	-0.020302	0.025045	0.004819	-0.005496	0.001760	0.013905	-0.028231	-0.032523
	-0.020352	0.004801	0.008199	-0.006918	0.000468	0.022754	-0.032723	-0.025490
	-0.016031	-0.011323	0.007612	-0.014367	-0.003803	0.026110	-0.036256	-0.013866
	-0.011408	-0.020618	0.003236	-0.024582	-0.010105	0.023521	-0.038046	-0.001122
	-0.009844	-0.022288	-0.003882	-0.033451	-0.017176	0.016002	-0.037237	0.009300
	-0.012803	-0.017553	-0.012123	-0.037360	-0.023624	0.005680	-0.033115	0.014860
	-0.019432	-0.009214	-0.019703	-0.034343	-0.028081	-0.004842	-0.025359	0.014486
	-0.027021	-0.000802	-0.025098	-0.024658	-0.029396	-0.013192	-0.014291	0.008696
	-0.032153	0.004442	-0.027366	-0.010634	-0.026846	-0.017815	-0.001036	-0.000746
	-0.032101	0.004466	-0.026325	0.004143	-0.020358	-0.018255	0.012490	-0.011473
	-0.025961	-0.001067	-0.022550	0.016025	-0.010671	-0.015113	0.023824	-0.021260
	-0.015110	-0.010754	-0.017187	0.022457	0.000645	-0.009711	0.030427	-0.028604
	-0.002815	-0.021913	-0.011650	0.022741	0.011400	-0.003623	0.030309	-0.032987
	0.006875	-0.031385	-0.007245	0.018173	0.019229	0.001782	0.022647	-0.034763
	0.010557	-0.036416	-0.004801	0.011548	0.022199	0.005661	0.008214	-0.034749
	0.006727	-0.035374	-0.004408	0.006223	0.019428	0.007798	-0.010549	-0.033704
	-0.003591	-0.028110	-0.005301	0.005051	0.011512	0.008529	-0.029904	-0.031911
	-0.017070	-0.015875	-0.005967	0.009540	0.000567	0.008520	-0.045597	-0.029020
	-0.029096	-0.000871	-0.004461	0.019465	-0.010184	0.008528	-0.053851	-0.024225
	-0.035242	0.014404	0.001094	0.033013	-0.017244	0.009187	-0.052336	-0.016693
	-0.032718	0.027797	0.011940	0.047367	-0.017874	0.010889	-0.040813	-0.006084
	-0.021296	0.037946	0.028155	0.059503	-0.011041	0.013737	-0.021254	0.007057
	-0.003431	0.044400	0.048350	0.066951	0.002058	0.017549	0.002624	0.021204
	0.016484	0.047445	0.069686	0.068302	0.018101	0.021892	0.026295	0.034122
	0.033459	0.047724	0.088279	0.063379	0.032422	0.026119	0.045566	0.043449
	0.043410	0.045832	0.099965	0.053091	0.040299	0.029425	0.057592	0.047393
	0.044341	0.042044	0.101259	0.039097	0.038390	0.030940	0.061465	0.045311
	0.036821	0.036282	0.090290	0.023411	0.025890	0.029879	0.058212	0.037975
	0.023647	0.028317	0.067467	0.008087	0.005011	0.025737	0.050231	0.027390
	0.008825	0.018124	0.035644	-0.005012	-0.019398	0.018495	0.040354	0.016233
	-0.003762	0.006217	-0.000296	-0.014346	-0.041051	0.008756	0.030894	0.007062
	-0.011543	-0.006181	-0.034397	-0.018826	-0.053935	-0.002250	0.022955	0.001568
	-0.013915	-0.017250	-0.060929	-0.017960	-0.054034	-0.012836	0.016268	0.000105
	-0.012192	-0.024973	-0.075691	-0.012021	-0.040561	-0.021192	0.009567	0.001670
	-0.008877	-0.027702	-0.076998	-0.002163	-0.016317	-0.025811	0.001349	0.004329
	-0.006582	-0.024736	-0.066065	0.009607	0.012975	-0.025877	-0.009259	0.005947
	-0.006970	-0.016694	-0.046673	0.020703	0.040165	-0.021513	-0.021889	0.004976
	-0.010118	-0.005531	-0.024189	0.028463	0.058595	-0.013772	-0.034786	0.001023
	-0.014511	0.005841	-0.004199	0.030807	0.063881	-0.004378	-0.045242	-0.005003
	-0.017671	0.014252	0.008880	0.026858	0.055045	0.004727	-0.050444	-0.011221
	-0.017167	0.017120	0.012822	0.017301	0.034671	0.011889	-0.048479	-0.015467
	-0.011652	0.013173	0.007993	0.004321	0.008086	0.016132	-0.039112	-0.016117
	-0.001530	0.002847	-0.002982	-0.008935	-0.018195	0.017324	-0.024079	-0.012748
	0.010988	-0.011778	-0.016144	-0.019255	-0.038251	0.016048	-0.006743	-0.006391
	0.022492	-0.027508	-0.027446	-0.024362	-0.048255	0.013247	0.008796	0.000721
	0.029443	-0.040881	-0.033919	-0.023683	-0.047265	0.009767	0.018847	0.005849
	0.029347	-0.049092	-0.034442	-0.018613	-0.037125	0.005980	0.021203	0.006667
	0.021645	-0.050721	-0.029881	-0.012136	-0.021588	0.001643	0.015761	0.002098
	0.007990	-0.046065	-0.022616	-0.007877	-0.004991	-0.003958	0.004530	-0.007222
	-0.008177	-0.036969	-0.015615	-0.008876	0.009058	-0.011602	-0.008997	-0.019013
	-0.022649	-0.026215	-0.011385	-0.016473	0.018563	-0.021623	-0.020878	-0.029960
	-0.031729	-0.016659	-0.011140	-0.029690	0.023371	-0.033482	-0.027848	-0.036679
	-0.033365	-0.010388	-0.014433	-0.045370	0.024736	-0.045619	-0.028169	-0.036748
	-0.027757	-0.008142	-0.019359	-0.059049	0.024454	-0.055663	-0.021982	-0.029470
	-0.017246	-0.009176	-0.023228	-0.066317	0.023940	-0.060987	-0.011078	-0.016136
	-0.005508	-0.011601	-0.023483	-0.064244	0.023586	-0.059443	0.001788	0.000304
	0.003685	-0.013069	-0.018538	-0.052381	0.022654	-0.050068	0.013766	0.016053
	0.007747	-0.011598	-0.008282	-0.033007	0.019710	-0.033504	0.022693	0.027530
	0.006170	-0.006251	0.005898	-0.010501	0.013405	-0.012001	0.027525	0.032347
	0.000742	0.002532	0.021549	0.009952	0.003300	0.011036	0.028353	0.029930
	-0.004998	0.013060	0.035884	0.023930	-0.009634	0.031833	0.026057	0.021593
	-0.006925	0.022921	0.046540	0.029080	-0.023042	0.047133	0.021790	0.010090
	-0.001739	0.029746	0.052135	0.025748	-0.033769	0.054933	0.016521	-0.001224
	0.011805	0.031952	0.052452	0.016712	-0.038839	0.054848	0.010802	-0.009337
	0.032250	0.029215	0.048242	0.006126	-0.036470	0.048030	0.004824	-0.012368
	0.055591	0.022533	0.040771	-0.001954	-0.026783	0.036670	-0.001326	-0.009975
	0.076228	0.013852	0.031288	-0.004963	-0.011930	0.023288	-0.007361	-0.003297
	0.088453	0.005391	0.020649	-0.002641	0.004430	0.010030	-0.012627	0.005498
	0.088063	-0.001107	0.009214	0.002996	0.018165	-0.001792	-0.016189	0.013903
	0.073624	-0.004939	-0.002970	0.008520	0.025894	-0.011807	-0.017161	0.019767
	0.047016	-0.006626	-0.015792	0.010471	0.026005	-0.020332	-0.015146	0.021811
	0.013089	-0.007646	-0.028710	0.006761	0.019149	-0.027903	-0.010583	0.019833
	-0.021501	-0.009811	-0.040568	-0.002423	0.008034	-0.034782	-0.004813	0.014598
	-0.049967	-0.014482	-0.049700	-0.014529	-0.003400	-0.040640	0.000222	0.007504
	-0.067119	-0.021914	-0.054346	-0.025432	-0.011175	-0.044547	0.002611	0.000139
	-0.070676	-0.030955	-0.053215	-0.030837	-0.012466	-0.045271	0.001210	-0.006099
	-0.061797	-0.039244	-0.046017	-0.027801	-0.006420	-0.041767	-0.003763	-0.010262
	-0.044694	-0.043857	-0.033739	-0.015846	0.005633	-0.033673	-0.010560	-0.011919
	-0.025415	-0.042223	-0.018536	0.002736	0.020616	-0.021619	-0.016269	-0.011106
	-0.010155	-0.033024	-0.003240	0.023525	0.034632	-0.007221	-0.017666	-0.008183
	-0.003547	-0.016773	0.009393	0.041331	0.044078	0.007261	-0.012305	-0.003704
	-0.007398	0.004131	0.017452	0.051838	0.046615	0.019496	0.000503	0.001678
	-0.020245	0.025919	0.020411	0.052953	0.041714	0.027696	0.019186	0.007258
	-0.037813	0.044410	0.019260	0.045422	0.030660	0.031081	0.040087	0.012307
	-0.054283	0.056129	0.016162	0.032479	0.016069	0.030034	0.058349	0.016113
	-0.063980	0.059250	0.013746	0.018678	0.001096	0.025905	0.069250	0.018063
	-0.063032	0.054073	0.014256	0.008292	-0.011400	0.020543	0.069610	0.017759
	-0.050507	0.042885	0.018815	0.003848	-0.019489	0.015703	0.058821	0.015130
	-0.028720	0.029233	0.027060	0.005288	-0.022483	0.012544	0.039145	0.010492
	-0.002611	0.016857	0.037235	0.010056	-0.020881	0.011352	0.015172	0.004515
	0.021632	0.008584	0.046732	0.014064	-0.016048	0.011585	-0.007437	-0.001911
	0.038313	0.005552	0.052880	0.013208	-0.009781	0.012188	-0.023532	-0.007886
	0.043826	0.006988	0.053740	0.004906	-0.003889	0.012047	-0.029920	-0.012713
	0.037673	0.010618	0.048655	-0.010880	0.000097	0.010436	-0.026219	-0.016052
	0.022576	0.013548	0.038395	-0.031467	0.001087	0.007284	-0.014872	-0.017960
	0.003671	0.013344	0.024873	-0.052210	-0.001506	0.003187	-0.000323	-0.018792
	-0.012984	0.008930	0.010542	-0.067911	-0.007744	-0.000808	0.012362	-0.019019
	-0.022168	0.001015	-0.002304	-0.074424	-0.017125	-0.003570	0.019017	-0.019016
	-0.020985	-0.008096	-0.012110	-0.069924	-0.028551	-0.004261	0.017545	-0.018921
	-0.009653	-0.015276	-0.018343	-0.055420	-0.040351	-0.002586	0.008408	-0.018591
	0.008630	-0.017652	-0.021422	-0.034394	-0.050430	0.001149	-0.005688	-0.017707
	0.028707	-0.013666	-0.022356	-0.011686	-0.056594	0.006167	-0.020765	-0.015948
	0.045055	-0.003729	-0.022262	0.007965	-0.057033	0.011479	-0.032873	-0.013182
	0.053451	0.009735	-0.021940	0.021242	-0.050854	0.016153	-0.039274	-0.009583
	0.052214	0.022915	-0.021665	0.027021	-0.038511	0.019507	-0.039173	-0.005614
	0.042628	0.031717	-0.021249	0.026387	-0.021949	0.021175	-0.033769	-0.001894
	0.028445	0.033015	-0.020323	0.021951	-0.004358	0.021047	-0.025692	0.001022
	0.014605	0.025659	-0.018701	0.016767	0.010482	0.019156	-0.018035	0.002839
	0.005597	0.010910	-0.016660	0.013247	0.019127	0.015582	-0.013339	0.003623
	0.003988	-0.007831	-0.014995	0.012462	0.019420	0.010447	-0.012861	0.003752
	0.009578	-0.025941	-0.014814	0.014030	0.011204	0.003994	-0.016332	0.003729
	0.019471	-0.038860	-0.017119	0.016566	-0.003468	-0.003274	-0.022243	0.003937
	0.029030	-0.043353	-0.022332	0.018483	-0.020717	-0.010501	-0.028501	0.004441
	0.033427	-0.038382	-0.029940	0.018793	-0.035756	-0.016497	-0.033196	0.004931
	0.029273	-0.025321	-0.038404	0.017583	-0.044115	-0.019928	-0.035205	0.004853
	0.015825	-0.007481	-0.045408	0.015999	-0.042832	-0.019648	-0.034433	0.003688
	-0.004652	0.010904	-0.048389	0.015756	-0.031267	-0.015085	-0.031643	0.001286
	-0.027467	0.025887	-0.045212	0.018371	-0.011305	-0.006551	-0.027994	-0.001909
	-0.046884	0.034858	-0.034783	0.024448	0.013127	0.004664	-0.024464	-0.004844
	-0.057838	0.037109	-0.017427	0.033291	0.037084	0.016480	-0.021419	-0.006117
	-0.057475	0.033779	0.005088	0.043009	0.055896	0.026476	-0.018458	-0.004443
	-0.046007	0.027238	0.029899	0.051083	0.066331	0.032504	-0.014611	0.000811
	-0.026633	0.020144	0.053641	0.055189	0.067345	0.033271	-0.008778	0.009228
	-0.004552	0.014515	0.073147	0.053962	0.060195	0.028724	-0.000245	0.019255
	0.014601	0.011106	0.086042	0.047428	0.047936	0.020082	0.010922	0.028521
	0.026411	0.009298	0.091101	0.036942	0.034463	0.009510	0.023754	0.034484
	0.028884	0.007496	0.088316	0.024663	0.023410	-0.000492	0.036571	0.035247
	0.022853	0.003875	0.078685	0.012772	0.017209	-0.007806	0.047423	0.030253
	0.011483	-0.002814	0.063846	0.002725	0.016571	-0.011283	0.054624	0.020617
	-0.000920	-0.012673	0.045676	-0.005164	0.020484	-0.011034	0.057208	0.008934
	-0.010383	-0.024516	0.025985	-0.011664	0.026682	-0.008320	0.055156	-0.001436
	-0.014508	-0.036211	0.006345	-0.018123	0.032398	-0.005089	0.049351	-0.007394
	-0.013092	-0.045378	-0.011935	-0.025721	0.035171	-0.003308	0.041294	-0.007135
	-0.007940	-0.050192	-0.027754	-0.034775	0.033466	-0.004309	0.032694	-0.000840
	-0.001986	-0.049990	-0.040177	-0.044401	0.026981	-0.008357	0.025061	0.009234
	0.001931	-0.045486	-0.048451	-0.052663	0.016598	-0.014584	0.019430	0.019346
	0.002185	-0.038491	-0.052112	-0.057205	0.004058	-0.021302	0.016255	0.025368
	-0.001047	-0.031259	-0.051136	-0.056122	-0.008511	-0.026578	0.015453	0.024098
	-0.005924	-0.025668	-0.046075	-0.048768	-0.019074	-0.028898	0.016548	0.014327
	-0.009756	-0.022556	-0.038078	-0.036181	-0.026068	-0.027674	0.018814	-0.002662
	-0.010168	-0.021439	-0.028765	-0.020946	-0.028630	-0.023463	0.021395	-0.023367
	-0.006186	-0.020725	-0.019939	-0.006525	-0.026679	-0.017804	0.023359	-0.043056
	0.001199	-0.018380	-0.013215	0.003756	-0.020897	-0.012751	0.023757	-0.057148
	0.009233	-0.012797	-0.009652	0.007690	-0.012615	-0.010249	0.021713	-0.062585
	0.014321	-0.003579	-0.009516	0.004829	-0.003653	-0.011552	0.016587	-0.058726
	0.013374	0.008060	-0.012236	-0.003454	0.003927	-0.016863	0.008183	-0.047485
	0.005111	0.019445	-0.016584	-0.014490	0.008142	-0.025291	-0.003045	-0.032667
	-0.009189	0.027137	-0.021023	-0.025235	0.007473	-0.035113	-0.015917	-0.018708
	-0.025788	0.027978	-0.024116	-0.033255	0.001267	-0.044251	-0.028638	-0.009246
	-0.039492	0.020161	-0.024885	-0.037420	-0.009957	-0.050794	-0.039147	-0.005984
	-0.045259	0.003994	-0.023005	-0.038068	-0.024403	-0.053416	-0.045630	-0.008221
	-0.039918	-0.017922	-0.018801	-0.036590	-0.039194	-0.051593	-0.047078	-0.013203
	-0.023415	-0.041172	-0.013066	-0.034634	-0.050899	-0.045585	-0.043675	-0.017159
	0.000865	-0.060558	-0.006774	-0.033239	-0.056295	-0.036246	-0.036884	-0.016661
	0.026859	-0.071408	-0.000798	-0.032272	-0.053209	-0.024757	-0.029120	-0.009847
	0.047492	-0.070774	0.004267	-0.030414	-0.041199	-0.012386	-0.023084	0.002906
	0.056762	-0.058199	0.008143	-0.025739	-0.021866	-0.000338	-0.020908	0.019103
	0.051592	-0.035828	0.010772	-0.016680	0.001361	0.010305	-0.023397	0.034963
	0.032886	-0.007850	0.012159	-0.003013	0.023944	0.018591	-0.029624	0.046704
	0.005413	0.020580	0.012232	0.013560	0.041310	0.023740	-0.037041	0.051788
	-0.023457	0.044491	0.010825	0.029527	0.049999	0.025252	-0.042154	0.049737
	-0.045810	0.059964	0.007778	0.040447	0.048570	0.023096	-0.041565	0.042200
	-0.055420	0.067046	0.003159	0.042383	0.037991	0.017912	-0.033109	0.032294
	-0.049504	0.066524	-0.002515	0.033423	0.021384	0.011124	-0.016709	0.023441
	-0.029474	0.059542	-0.008150	0.014769	0.003187	0.004853	0.005344	0.018130
	-0.000490	0.050310	-0.012141	-0.009068	-0.012036	0.001583	0.028814	0.017059
	0.030041	0.042144	-0.012678	-0.031128	-0.020801	0.003591	0.048570	0.018955
	0.054548	0.037378	-0.008228	-0.043789	-0.021585	0.012280	0.059982	0.021155
	0.067326	0.036874	0.001922	-0.040990	-0.015125	0.027601	0.060262	0.020720
	0.065954	0.039981	0.017230	-0.020235	-0.004071	0.047768	0.049329	0.015687
	0.051713	0.044888	0.035742	0.016253	0.007883	0.069412	0.029938	0.005988
	0.028945	0.049241	0.054310	0.061673	0.017109	0.088209	0.006998	-0.006323
	0.003635	0.050826	0.069169	0.106097	0.021068	0.099853	-0.013729	-0.017639
	-0.018335	0.048146	0.076774	0.138927	0.018938	0.101148	-0.027184	-0.024016
	-0.032723	0.040759	0.074684	0.151660	0.011689	0.090914	-0.030379	-0.022601
	-0.037824	0.029339	0.062244	0.139946	0.001620	0.070430	-0.023153	-0.012795
	-0.034564	0.015488	0.040888	0.105635	-0.008447	0.043257	-0.008136	0.003284
	-0.025836	0.001364	0.013932	0.056108	-0.016051	0.014451	0.010082	0.021234
	-0.015398	-0.010770	-0.014105	0.000757	-0.019764	-0.010642	0.026308	0.035588
	-0.006690	-0.018988	-0.038480	-0.048552	-0.019452	-0.027698	0.036221	0.041461
	-0.001962	-0.022062	-0.055283	-0.082278	-0.016097	-0.034465	0.037539	0.036073
	-0.001889	-0.019704	-0.062276	-0.095042	-0.011271	-0.031269	0.030546	0.019676
	-0.005717	-0.012649	-0.059313	-0.086730	-0.006502	-0.020819	0.017852	-0.004438
	-0.011779	-0.002567	-0.048238	-0.062164	-0.002749	-0.007384	0.003500	-0.030852
	-0.018139	0.008200	-0.032302	-0.029490	-0.000177	0.004424	-0.008294	-0.053569
	-0.023126	0.017044	-0.015276	0.002193	0.001707	0.010912	-0.014367	-0.067705
	-0.025622	0.021597	-0.000505	0.025271	0.003650	0.010262	-0.013460	-0.070799
	-0.025080	0.020240	0.009829	0.035442	0.006154	0.002897	-0.006445	-0.063343
	-0.021381	0.012513	0.015064	0.032466	0.009097	-0.008799	0.004075	-0.048408
	-0.014664	-0.000704	0.015955	0.019718	0.011632	-0.021315	0.014651	-0.030529
	-0.005275	-0.017298	0.014193	0.002778	0.012432	-0.031129	0.022038	-0.014249
	0.006156	-0.034336	0.011708	-0.012459	0.010178	-0.035756	0.024113	-0.002804
	0.018547	-0.048712	0.010006	-0.021556	0.004142	-0.034431	0.020375	0.002639
	0.030263	-0.057871	0.009720	-0.022675	-0.005383	-0.028230	0.011932	0.002985
	0.039211	-0.060427	0.010522	-0.016828	-0.016965	-0.019628	0.001023	0.000536
	0.043215	-0.056486	0.011379	-0.007223	-0.028297	-0.011655	-0.009736	-0.002069
	0.040614	-0.047570	0.011056	0.001994	-0.036792	-0.006924	-0.018131	-0.002893
	0.030916	-0.036153	0.008678	0.007175	-0.040314	-0.006843	-0.022910	-0.001335
	0.015282	-0.024928	0.004148	0.006320	-0.037825	-0.011232	-0.023972	0.001829
	-0.003406	-0.016020	-0.001719	-0.000378	-0.029723	-0.018449	-0.022187	0.004984
	-0.020996	-0.010403	-0.007386	-0.010718	-0.017767	-0.025956	-0.018933	0.006528
	-0.033000	-0.007692	-0.011056	-0.021289	-0.004594	-0.031129	-0.015535	0.005686
	-0.035783	-0.006397	-0.011245	-0.028589	0.007017	-0.032046	-0.012810	0.002955
	-0.027671	-0.004570	-0.007287	-0.030103	0.014913	-0.028021	-0.010860	-0.000010
	-0.009622	-0.000620	0.000409	-0.025024	0.018128	-0.019739	-0.009146	-0.001026
	0.014780	0.005965	0.010402	-0.014424	0.017067	-0.008976	-0.006819	0.001700
	0.040077	0.014262	0.020582	-0.000877	0.013285	0.001981	-0.003153	0.008745
	0.060258	0.022055	0.028710	0.012314	0.008921	0.011004	0.002071	0.019034
	0.070299	0.026492	0.032984	0.022036	0.005993	0.016680	0.008354	0.030025
	0.067492	0.025041	0.032463	0.026143	0.005777	0.018594	0.014534	0.038437
	0.052174	0.016461	0.027233	0.023923	0.008442	0.017286	0.019068	0.041321
	0.027642	0.001468	0.018292	0.016129	0.013072	0.013931	0.020475	0.037065
	-0.000723	-0.017172	0.007211	0.004651	0.018014	0.009883	0.017787	0.026005
	-0.026870	-0.035187	-0.004299	-0.008052	0.021454	0.006239	0.010893	0.010390
	-0.045628	-0.047858	-0.014778	-0.019579	0.022012	0.003573	0.000654	-0.006278
	-0.053963	-0.051317	-0.023263	-0.028089	0.019176	0.001896	-0.011215	-0.020332
	-0.051589	-0.043685	-0.029335	-0.032598	0.013443	0.000814	-0.022500	-0.029058
	-0.040817	-0.025722	-0.033006	-0.033019	0.006140	-0.000190	-0.030967	-0.031484
	-0.025724	-0.000775	-0.034528	-0.029991	-0.001000	-0.001491	-0.034855	-0.028561
	-0.010912	0.025996	-0.034211	-0.024594	-0.006371	-0.003156	-0.033277	-0.022692
	-0.000254	0.048880	-0.032339	-0.018030	-0.008960	-0.004950	-0.026425	-0.016786
	0.004045	0.063039	-0.029186	-0.011353	-0.008608	-0.006462	-0.015558	-0.013186
	0.001821	0.065684	-0.025111	-0.005292	-0.006003	-0.007306	-0.002752	-0.012858
	-0.005256	0.056684	-0.020638	-0.000190	-0.002408	-0.007294	0.009506	-0.015130
	-0.014374	0.038474	-0.016457	0.003972	0.000765	-0.006490	0.018813	-0.018052
	-0.022472	0.015301	-0.013307	0.007473	0.002412	-0.005157	0.023335	-0.019254
	-0.027069	-0.007926	-0.011747	0.010702	0.002084	-0.003599	0.022178	-0.016948
	-0.026815	-0.026864	-0.011919	0.013999	0.000119	-0.001995	0.015568	-0.010708
	-0.021645	-0.038685	-0.013380	0.017494	-0.002464	-0.000303	0.004821	-0.001720
	-0.012583	-0.042525	-0.015129	0.021013	-0.004272	0.001710	-0.007920	0.007607
	-0.001310	-0.039373	-0.015842	0.024046	-0.003972	0.004314	-0.020111	0.014540
	0.010314	-0.031493	-0.014277	0.025841	-0.000711	0.007604	-0.029321	0.017102
	0.020648	-0.021621	-0.009730	0.025592	0.005587	0.011317	-0.033726	0.014933
	0.028480	-0.012190	-0.002377	0.022711	0.014116	0.014790	-0.032470	0.009596
	0.033088	-0.004800	0.006634	0.017102	0.023322	0.017086	-0.025818	0.004176
	0.034173	-0.000053	0.015423	0.009354	0.031243	0.017291	-0.015065	0.002279
	0.031779	0.002305	0.021889	0.000756	0.035973	0.014861	-0.002216	0.006752
	0.026247	0.003022	0.024362	-0.006902	0.036152	0.009912	0.010475	0.018552
	0.018208	0.002959	0.022180	-0.011750	0.031352	0.003302	0.021004	0.036176
	0.008595	0.002814	0.015985	-0.012361	0.022275	-0.003540	0.028022	0.055871
	-0.001400	0.003020	0.007607	-0.008262	0.010685	-0.009025	0.031057	0.072593
	-0.010460	0.003809	-0.000445	-0.000224	-0.000917	-0.011930	0.030501	0.081435
	-0.017389	0.005340	-0.005752	0.009755	-0.009837	-0.011850	0.027389	0.079080
	-0.021389	0.007787	-0.006774	0.018869	-0.013813	-0.009418	0.023034	0.064830
	-0.022301	0.011317	-0.003386	0.024208	-0.011614	-0.006168	0.018648	0.040871
	-0.020686	0.015953	0.003028	0.023603	-0.003434	-0.004064	0.015040	0.011713
	-0.017702	0.021380	0.009979	0.016334	0.009022	-0.004824	0.012498	-0.017038
	-0.014762	0.026814	0.014657	0.003481	0.022808	-0.009260	0.010845	-0.040173
	-0.013086	0.031033	0.014861	-0.012240	0.034338	-0.016878	0.009658	-0.054200
	-0.013265	0.032606	0.009754	-0.027159	0.040194	-0.025898	0.008533	-0.058096
	-0.015010	0.030294	0.000192	-0.037682	0.037949	-0.033737	0.007317	-0.053312
	-0.017184	0.023494	-0.011500	-0.041382	0.026815	-0.037824	0.006191	-0.043077
	-0.018133	0.012561	-0.022233	-0.037802	0.007930	-0.036487	0.005608	-0.031276
	-0.016240	-0.001111	-0.029130	-0.028690	-0.015810	-0.029620	0.006069	-0.021278
	-0.010518	-0.015335	-0.030418	-0.017547	-0.040347	-0.018870	0.007862	-0.015084
	-0.001066	-0.027638	-0.025966	-0.008577	-0.061360	-0.007234	0.010831	-0.013011
	0.010801	-0.035893	-0.017241	-0.005314	-0.075253	0.001841	0.014298	-0.013952
	0.022794	-0.038867	-0.006727	-0.009365	-0.079962	0.005600	0.017172	-0.016048
	0.032224	-0.036510	0.003008	-0.019657	-0.075404	0.002986	0.018218	-0.017483
	0.036752	-0.029877	0.010273	-0.032493	-0.063420	-0.004819	0.016431	-0.017121
	0.035073	-0.020706	0.014868	-0.042459	-0.047250	-0.014562	0.011371	-0.014770
	0.027349	-0.010814	0.018137	-0.043973	-0.030677	-0.021774	0.003368	-0.011048
	0.015226	-0.001506	0.022407	-0.033042	-0.017071	-0.022102	-0.006491	-0.006948
	0.001436	0.006772	0.029985	-0.008716	-0.008597	-0.012707	-0.016589	-0.003329
	-0.010913	0.014412	0.042070	0.026243	-0.005790	0.006687	-0.025161	-0.000551
	-0.019151	0.022265	0.057966	0.065715	-0.007604	0.033472	-0.030714	0.001603
	-0.021738	0.031036	0.074923	0.101567	-0.011889	0.062669	-0.032362	0.003691
	-0.018625	0.040701	0.088693	0.124943	-0.016142	0.088177	-0.029989	0.006201
	-0.011212	0.050179	0.094702	0.131438	-0.018302	0.104388	-0.024189	0.009152
	-0.001900	0.057427	0.089462	0.118133	-0.017346	0.107698	-0.016040	0.011911
	0.006593	0.059961	0.071780	0.086301	-0.013510	0.097466	-0.006797	0.013329
	0.011971	0.055672	0.043368	0.042489	-0.008105	0.076131	0.002391	0.012184
	0.012949	0.043659	0.008611	-0.004838	-0.002968	0.048464	0.010636	0.007764
	0.009523	0.024784	-0.026457	-0.046879	0.000224	0.020200	0.017311	0.000358
	0.002892	0.001737	-0.055687	-0.076618	0.000598	-0.003530	0.021930	-0.008551
	-0.004936	-0.021473	-0.074396	-0.090133	-0.001559	-0.019485	0.023983	-0.016531
	-0.011723	-0.040475	-0.080513	-0.088396	-0.004829	-0.026945	0.022859	-0.020842
	-0.015595	-0.051669	-0.074964	-0.074344	-0.007071	-0.027535	0.017899	-0.019294
	-0.015500	-0.053193	-0.061193	-0.053952	-0.006103	-0.024351	0.008640	-0.011048
	-0.011424	-0.045428	-0.043988	-0.033225	-0.000430	-0.020721	-0.004851	0.002913
	-0.004338	-0.030869	-0.028026	-0.016785	0.010187	-0.019036	-0.021655	0.019850
	0.004097	-0.013417	-0.016575	-0.006810	0.024512	-0.020032	-0.039843	0.035862
	0.011962	0.002701	-0.010775	-0.002843	0.040038	-0.022753	-0.056610	0.046889
	0.017544	0.014051	-0.009660	-0.002431	0.053568	-0.025147	-0.068720	0.049815
	0.019732	0.018812	-0.010867	-0.002325	0.062023	-0.025058	-0.073202	0.043355
	0.018246	0.017064	-0.011733	0.000198	0.063263	-0.021214	-0.068126	0.028460
	0.013672	0.010510	-0.010361	0.006345	0.056579	-0.013851	-0.053224	0.008111
	0.007306	0.001756	-0.006287	0.015449	0.043439	-0.004724	-0.030178	-0.013434
	0.000842	-0.006579	-0.000526	0.025311	0.026229	0.003495	-0.002415	-0.031724
	-0.004028	-0.012607	0.004983	0.033096	0.008686	0.008210	0.025546	-0.043226
	-0.006012	-0.015556	0.008283	0.036413	-0.005466	0.007926	0.049080	-0.046146
	-0.004532	-0.015698	0.008304	0.034210	-0.013272	0.002905	0.064503	-0.040767
	0.000124	-0.013923	0.005390	0.027167	-0.013224	-0.004790	0.069907	-0.029241
	0.006854	-0.011162	0.001238	0.017459	-0.005576	-0.011932	0.065549	-0.014925
	0.013994	-0.007935	-0.001735	0.007999	0.007746	-0.015224	0.053680	-0.001490
	0.019728	-0.004203	-0.001379	0.001433	0.023637	-0.012498	0.037868	0.007959
	0.022548	0.000419	0.003226	-0.000754	0.038543	-0.003585	0.022012	0.011526
	0.021656	0.006179	0.011207	0.001283	0.049274	0.009463	0.009322	0.008797
	0.017179	0.012695	0.019980	0.005854	0.053686	0.022908	0.001560	0.000750
	0.010137	0.018665	0.025988	0.010361	0.051078	0.032461	-0.001244	-0.010623
	0.002144	0.022010	0.025885	0.012236	0.042235	0.034663	-0.000564	-0.022844
	-0.005070	0.020439	0.017754	0.009850	0.029113	0.028045	0.001292	-0.033458
	-0.010187	0.012295	0.001952	0.003085	0.014279	0.013677	0.002046	-0.040449
	-0.012704	-0.002606	-0.018751	-0.006630	0.000237	-0.005096	0.000238	-0.042492
	-0.013080	-0.022485	-0.039811	-0.016803	-0.011153	-0.023660	-0.004303	-0.039057
	-0.012554	-0.043698	-0.056170	-0.024745	-0.019059	-0.037569	-0.010449	-0.030410
	-0.012675	-0.061489	-0.063730	-0.028480	-0.023746	-0.043935	-0.016204	-0.017530
	-0.014685	-0.071221	-0.060600	-0.027415	-0.026355	-0.042320	-0.019427	-0.001978
	-0.018956	-0.069759	-0.047684	-0.022524	-0.028453	-0.034830	-0.018604	0.014289
	-0.024693	-0.056539	-0.028441	-0.016002	-0.031494	-0.025372	-0.013424	0.029173
	-0.030032	-0.033982	-0.007869	-0.010502	-0.036349	-0.018310	-0.004972	0.040741
	-0.032542	-0.007040	0.008956	-0.008214	-0.043024	-0.016963	0.004511	0.047555
	-0.030005	0.018026	0.018340	-0.010109	-0.050638	-0.022442	0.012224	0.048965
	-0.021239	0.035316	0.018973	-0.015585	-0.057669	-0.033207	0.015582	0.045273
	-0.006685	0.040925	0.012178	-0.022653	-0.062168	-0.045515	0.012928	0.037706
	0.011452	0.034046	0.001353	-0.028590	-0.063288	-0.054610	0.003999	0.028169
	0.029614	0.017199	-0.009193	-0.030854	-0.059583	-0.056296	-0.009985	0.018824
	0.043763	-0.004487	-0.015622	-0.027962	-0.051322	-0.048381	-0.026602	0.011582
	0.050480	-0.024751	-0.015731	-0.020050	-0.039413	-0.031521	-0.042788	0.007653
	0.047963	-0.037962	-0.009543	-0.008925	-0.025369	-0.009195	-0.055505	0.007267
	0.036612	-0.040682	0.000822	0.002410	-0.010937	0.013218	-0.062346	0.009666
	0.018999	-0.032534	0.011927	0.010623	0.002289	0.029976	-0.061955	0.013360
	-0.000799	-0.016162	0.020173	0.013054	0.013168	0.036671	-0.054190	0.016574
	0.034541	-0.028306	-0.006117	-0.025418	0.009259	0.019477	0.010317	-0.002321
	0.052246	-0.017433	-0.017892	-0.030169	0.017393	0.025109	0.009958	0.014290
	0.059803	-0.010148	-0.027873	-0.030874	0.024648	0.030792	0.006540	0.028096
	0.056804	-0.009064	-0.034302	-0.028905	0.028271	0.034538	0.002486	0.035774
	0.045507	-0.015135	-0.036345	-0.025967	0.026150	0.034335	-0.000002	0.035942
	0.030188	-0.027213	-0.034329	-0.023499	0.017579	0.028865	0.000319	0.029608
	0.015940	-0.042232	-0.029666	-0.022268	0.003624	0.018047	0.003407	0.019821
	0.007261	-0.056009	-0.024475	-0.022267	-0.013048	0.003199	0.008080	0.010621
	0.006819	-0.064433	-0.020974	-0.022906	-0.028859	-0.013243	0.012529	0.005625
	0.014740	-0.064665	-0.020822	-0.023382	-0.040321	-0.028370	0.014982	0.006721
	0.028617	-0.055984	-0.024583	-0.023051	-0.045043	-0.039599	0.014285	0.013333
	0.044230	-0.039984	-0.031471	-0.021658	-0.042404	-0.045371	0.010210	0.022519
	0.056765	-0.020062	-0.039485	-0.019350	-0.033697	-0.045536	0.003424	0.029904
	0.062177	-0.000368	-0.045883	-0.016488	-0.021664	-0.041290	-0.004820	0.031149
	0.058317	0.015456	-0.047911	-0.013378	-0.009602	-0.034713	-0.013128	0.023490
	0.045504	0.025328	-0.043554	-0.010062	-0.000326	-0.028050	-0.020354	0.006810
	0.026390	0.029237	-0.032122	-0.006279	0.004670	-0.022980	-0.025804	-0.016111
	0.005199	0.029059	-0.014487	-0.001639	0.005565	-0.020116	-0.029221	-0.040281
	-0.013442	0.027753	0.007090	0.004073	0.003976	-0.018878	-0.030588	-0.059913
	-0.025728	0.028237	0.029496	0.010587	0.002227	-0.017784	-0.029891	-0.070126
	-0.029613	0.032315	0.049513	0.017008	0.002388	-0.015037	-0.026969	-0.068388
	-0.025212	0.040041	0.064555	0.021939	0.005430	-0.009228	-0.021544	-0.055244
	-0.014607	0.049712	0.073200	0.023883	0.010802	0.000102	-0.013436	-0.034102
	-0.001140	0.058488	0.075363	0.021791	0.016584	0.012204	-0.002860	-0.010175
	0.011556	0.063416	0.072096	0.015567	0.020177	0.025256	0.009313	0.011085
	0.020499	0.062482	0.065097	0.006313	0.019287	0.036843	0.021498	0.025524
	0.024010	0.055343	0.056105	-0.003825	0.012853	0.044616	0.031611	0.031327
	0.021929	0.043472	0.046387	-0.012214	0.001596	0.046939	0.037529	0.029248
	0.015396	0.029690	0.036466	-0.016547	-0.012033	0.043313	0.037683	0.022013
	0.006309	0.017246	0.026184	-0.015645	-0.024509	0.034474	0.031593	0.013158
	-0.003317	0.008781	0.015035	-0.009957	-0.032287	0.022134	0.020139	0.005723
	-0.011897	0.005518	0.002650	-0.001562	-0.032925	0.008490	0.005482	0.001281
	-0.018574	0.006969	-0.010765	0.006401	-0.025900	-0.004355	-0.009418	-0.000394
	-0.023230	0.011229	-0.024210	0.010713	-0.012857	-0.014876	-0.021527	-0.000939
	-0.026251	0.015734	-0.035983	0.009162	0.002817	-0.022370	-0.028523	-0.002488
	-0.028196	0.018199	-0.044083	0.001386	0.016928	-0.026925	-0.029396	-0.006608
	-0.029495	0.017400	-0.046803	-0.010859	0.025663	-0.029153	-0.024675	-0.013514
	-0.030292	0.013516	-0.043326	-0.024113	0.026624	-0.029806	-0.016222	-0.021862
	-0.030456	0.007928	-0.034122	-0.034233	0.019426	-0.029419	-0.006643	-0.029204
	-0.029735	0.002582	-0.021007	-0.037697	0.005690	-0.028104	0.001491	-0.032931
	-0.027948	-0.000850	-0.006811	-0.032788	-0.011540	-0.025566	0.006381	-0.031329
	-0.025124	-0.001663	0.005261	-0.020229	-0.028720	-0.021301	0.007465	-0.024350
	-0.021533	-0.000414	0.012429	-0.003053	-0.042765	-0.014908	0.005475	-0.013756
	-0.017585	0.001311	0.013047	0.014296	-0.051737	-0.006389	0.002106	-0.002585
	-0.013672	0.001559	0.007054	0.027358	-0.055085	0.003686	-0.000615	0.005917
	-0.010018	-0.001144	-0.003988	0.033113	-0.053412	0.014209	-0.001011	0.009492
	-0.006627	-0.007094	-0.017267	0.030996	-0.047910	0.023759	0.001706	0.007761
	-0.003352	-0.015143	-0.029422	0.023131	-0.039737	0.030943	0.007225	0.002450
	-0.000069	-0.023000	-0.037382	0.013670	-0.029558	0.034758	0.014286	-0.003174
	0.003139	-0.028004	-0.039124	0.007425	-0.017444	0.034848	0.021149	-0.005473
	0.005863	-0.028125	-0.034167	0.008219	-0.003132	0.031568	0.026186	-0.001844
	0.007414	-0.022822	-0.023677	0.017491	0.013481	0.025856	0.028402	0.008177
	0.007023	-0.013432	-0.010168	0.033632	0.031822	0.018930	0.027724	0.022503
	0.004165	-0.002904	0.003119	0.052279	0.050363	0.011941	0.024952	0.036994
	-0.001126	0.005050	0.012999	0.067532	0.066707	0.005665	0.021408	0.046736
	-0.008082	0.007156	0.017103	0.073719	0.078070	0.000354	0.018427	0.047693
	-0.015246	0.001722	0.014426	0.067178	0.082025	-0.004229	0.016855	0.038196
	-0.020783	-0.010670	0.005559	0.047501	0.077267	-0.008596	0.016729	0.019734
	-0.022964	-0.027166	-0.007455	0.017840	0.064135	-0.013231	0.017266	-0.003251
	-0.020694	-0.043382	-0.021591	-0.015833	0.044718	-0.018301	0.017141	-0.024549
	-0.013898	-0.054666	-0.033534	-0.046288	0.022467	-0.023493	0.014967	-0.037996
	-0.003625	-0.057495	-0.040424	-0.066985	0.001423	-0.028036	0.009824	-0.039351
	0.008180	-0.050556	-0.040505	-0.073797	-0.014730	-0.030910	0.001633	-0.027642
	0.019192	-0.035183	-0.033517	-0.066049	-0.023514	-0.031184	-0.008727	-0.005524
	0.027340	-0.014996	-0.020751	-0.046562	-0.024180	-0.028365	-0.019612	0.021457
	0.031368	0.005138	-0.004745	-0.020737	-0.017772	-0.022641	-0.029066	0.046483
	0.031135	0.020492	0.011306	0.005007	-0.006745	-0.014929	-0.035374	0.063449
	0.027561	0.027786	0.024310	0.024980	0.005728	-0.006678	-0.037563	0.068694
	0.022240	0.026022	0.032013	0.035621	0.016546	0.000502	-0.035670	0.061953
	0.016859	0.016601	0.033545	0.036197	0.023354	0.005305	-0.030723	0.046250
	0.012642	0.002742	0.029625	0.028642	0.024951	0.007121	-0.024417	0.026802
	0.010006	-0.011584	0.022367	0.016674	0.021361	0.006241	-0.018598	0.009329
	0.008567	-0.022838	0.014712	0.004506	0.013627	0.003784	-0.014709	-0.001683
	0.007472	-0.028831	0.009629	-0.004420	0.003418	0.001355	-0.013365	-0.004216
	0.005933	-0.029118	0.009288	-0.008313	-0.007392	0.000532	-0.014183	0.000916
	0.003747	-0.024785	0.014421	-0.007307	-0.017092	0.002330	-0.015914	0.010615
	0.001570	-0.017777	0.024068	-0.003120	-0.024369	0.006824	-0.016856	0.020733
	0.000808	-0.010046	0.035795	0.001722	-0.028422	0.013056	-0.015395	0.027508
	0.003135	-0.002839	0.046326	0.004801	-0.028987	0.019287	-0.010555	0.028738
	0.009774	0.003608	0.052451	0.004568	-0.026311	0.023536	-0.002358	0.024298
	0.020801	0.009903	0.051943	0.000736	-0.021100	0.024235	0.008079	0.015897
	0.034754	0.016947	0.044214	-0.005772	-0.014441	0.020816	0.018774	0.006216
	0.048727	0.025240	0.030527	-0.013238	-0.007671	0.014009	0.027370	-0.002199
	0.058991	0.034348	0.013672	-0.019750	-0.002176	0.005742	0.031754	-0.007878
	0.061994	0.042756	-0.002801	-0.023775	0.000863	-0.001371	0.030655	-0.010853
	0.055440	0.048190	-0.015583	-0.024549	0.000746	-0.004810	0.024049	-0.012452
	0.039107	0.048324	-0.022535	-0.022179	-0.002542	-0.002984	0.013250	-0.014573
	0.015106	0.041620	-0.023269	-0.017500	-0.008262	0.004160	0.000659	-0.018762
	-0.012524	0.028017	-0.019199	-0.011762	-0.015047	0.014953	-0.010788	-0.025460
	-0.038827	0.009185	-0.013038	-0.006281	-0.021213	0.026352	-0.018335	-0.033735
	-0.059224	-0.011744	-0.007902	-0.002150	-0.025186	0.034738	-0.020118	-0.041606
	-0.070732	-0.030925	-0.006286	-0.000067	-0.025916	0.036962	-0.015672	-0.046831
	-0.072714	-0.044804	-0.009250	-0.000290	-0.023162	0.031319	-0.006099	-0.047862
	-0.066923	-0.051058	-0.016060	-0.002673	-0.017534	0.018159	0.006158	-0.044573
	-0.056836	-0.049189	-0.024418	-0.006736	-0.010294	-0.000093	0.017900	-0.038472
	-0.046482	-0.040581	-0.031202	-0.011748	-0.002949	-0.019523	0.025971	-0.032269
	-0.039144	-0.028024	-0.033490	-0.016816	0.003198	-0.035784	0.028074	-0.028946
	-0.036357	-0.014857	-0.029538	-0.020983	0.007417	-0.045322	0.023373	-0.030636
	-0.037513	-0.004005	-0.019406	-0.023376	0.009695	-0.046387	0.012730	-0.037730
	-0.040203	0.002784	-0.005014	-0.023374	0.010621	-0.039534	-0.001511	-0.048558
	-0.041160	0.005297	0.010378	-0.020777	0.011055	-0.027443	-0.016140	-0.059785
	-0.037483	0.004717	0.023117	-0.015920	0.011711	-0.014086	-0.027927	-0.067418
	-0.027725	0.003083	0.030224	-0.009654	0.012822	-0.003512	-0.034479	-0.068109
	-0.012479	0.002535	0.030257	-0.003182	0.014007	0.001399	-0.034842	-0.060294
	0.005744	0.004610	0.023693	0.002238	0.014419	-0.000187	-0.029692	-0.044785
	0.023291	0.009806	0.012730	0.005652	0.013100	-0.006827	-0.021045	-0.024586
	0.036541	0.017504	0.000580	0.006714	0.009435	-0.015302	-0.011570	-0.003980
	0.043070	0.026260	-0.009510	0.005824	0.003513	-0.021687	-0.003727	0.012820
	0.042426	0.034307	-0.015185	0.004029	-0.003750	-0.022671	0.001010	0.022992
	0.036234	0.040094	-0.015587	0.002715	-0.010785	-0.016693	0.002591	0.025982
	0.027619	0.042687	-0.011443	0.003145	-0.015817	-0.004535	0.002341	0.023604
	0.020128	0.041922	-0.004671	0.006029	-0.017424	0.010837	0.002427	0.019352
	0.016531	0.038308	0.002356	0.011243	-0.015022	0.025153	0.005004	0.017152
	0.017904	0.032761	0.007615	0.017835	-0.009098	0.034156	0.011332	0.019965
	0.023295	0.026290	0.010025	0.024310	-0.001103	0.034975	0.021149	0.028719
	0.030098	0.019770	0.009660	0.029126	0.006973	0.027096	0.032546	0.041934
	0.034976	0.013829	0.007537	0.031231	0.013200	0.012621	0.042422	0.056152
	0.035035	0.008890	0.005095	0.030443	0.016282	-0.004266	0.047409	0.067039
	0.028836	0.005248	0.003574	0.027547	0.015909	-0.018495	0.044980	0.070775
	0.016904	0.003142	0.003551	0.024041	0.012760	-0.025600	0.034409	0.065295
	0.001564	0.002723	0.004776	0.021619	0.008184	-0.023051	0.017231	0.050963
	-0.013813	0.003932	0.006363	0.021552	0.003667	-0.011033	-0.002979	0.030483
	-0.025913	0.006338	0.007231	0.024178	0.000286	0.007577	-0.021477	0.008104
	-0.032517	0.009041	0.006606	0.028706	-0.001630	0.028010	-0.033656	-0.011616
	-0.033143	0.010732	0.004365	0.033390	-0.002527	0.044953	-0.036385	-0.025060
	-0.029058	0.009954	0.001083	0.036056	-0.003324	0.054033	-0.028982	-0.030441
	-0.022691	0.005532	-0.002237	0.034796	-0.004902	0.053012	-0.013497	-0.028064
	-0.016658	-0.002955	-0.004645	0.028609	-0.007606	0.042344	0.005807	-0.019941
	-0.012757	-0.014837	-0.005725	0.017770	-0.010953	0.024966	0.023644	-0.008956
	-0.011306	-0.028278	-0.005858	0.003787	-0.013694	0.005400	0.035202	0.002118
	-0.011062	-0.040585	-0.006146	-0.011028	-0.014229	-0.011536	0.037520	0.011386
	-0.009763	-0.048830	-0.007972	-0.024252	-0.011239	-0.022034	0.030296	0.018156
	-0.005097	-0.050666	-0.012364	-0.034062	-0.004316	-0.024244	0.015900	0.022767
	0.004257	-0.045073	-0.019394	-0.039724	0.005677	-0.018634	-0.001425	0.026050
	0.017871	-0.032811	-0.027870	-0.041708	0.016663	-0.007691	-0.016917	0.028690
	0.033425	-0.016402	-0.035495	-0.041384	0.025859	0.004889	-0.026759	0.030753
	0.047230	0.000410	-0.039487	-0.040412	0.030605	0.015263	-0.029218	0.031584
	0.055294	0.013589	-0.037501	-0.040059	0.029237	0.020442	-0.025064	0.030105
	0.054580	0.019888	-0.028539	-0.040683	0.021729	0.018968	-0.017185	0.025368
	0.044058	0.017765	-0.013535	-0.041575	0.009847	0.011128	-0.009496	0.017134
	0.025173	0.007869	0.004639	-0.041229	-0.003249	-0.001295	-0.005552	0.006212
	0.001586	-0.007076	0.021804	-0.037948	-0.013868	-0.015612	-0.007291	-0.005598
	-0.021782	-0.022956	0.033596	-0.030578	-0.018869	-0.028957	-0.014362	-0.015973
	-0.040082	-0.035351	0.036735	-0.019099	-0.016600	-0.038952	-0.024231	-0.022783
	-0.049857	-0.040707	0.030063	-0.004860	-0.007433	-0.044166	-0.033059	-0.024797
	-0.049927	-0.037275	0.014980	0.009655	0.006313	-0.044300	-0.037027	-0.022112
	-0.041591	-0.025549	-0.004859	0.021477	0.021017	-0.040099	-0.033692	-0.016141
	-0.028084	-0.008090	-0.024542	0.028015	0.032785	-0.033084	-0.022891	-0.009132
	-0.013503	0.011189	-0.039280	0.027868	0.038535	-0.025166	-0.006891	-0.003411
	-0.001534	0.028069	-0.045748	0.021306	0.036819	-0.018255	0.010279	-0.000589
	0.005584	0.039099	-0.042976	0.010273	0.028133	-0.013903	0.024103	-0.001050
	0.007569	0.042402	-0.032504	-0.002113	0.014651	-0.013033	0.031045	-0.003884
	0.005929	0.038002	-0.017775	-0.012412	-0.000513	-0.015761	0.029712	-0.007303
	0.003233	0.027635	-0.002975	-0.017807	-0.014245	-0.021354	0.021342	-0.009378
	0.002072	0.014122	0.008299	-0.016855	-0.024289	-0.028329	0.009415	-0.008812
	0.004100	0.000540	0.014097	-0.009837	-0.029743	-0.034702	-0.001478	-0.005467
	0.009460	-0.010585	0.014562	0.001396	-0.031078	-0.038386	-0.007157	-0.000421
	0.016789	-0.017807	0.011653	0.014004	-0.029721	-0.037654	-0.005279	0.004461
	0.023762	-0.020928	0.008255	0.024976	-0.027377	-0.031597	0.003814	0.007292
	0.027976	-0.020790	0.007009	0.031934	-0.025350	-0.020428	0.017103	0.006973
	0.027854	-0.018803	0.009293	0.033684	-0.024096	-0.005544	0.029769	0.003721
	0.023243	-0.016408	0.014703	0.030378	-0.023149	0.010720	0.036687	-0.000901
	0.015498	-0.014629	0.021216	0.023296	-0.021421	0.025613	0.034065	-0.004505
	0.007040	-0.013851	0.025975	0.014336	-0.017744	0.036653	0.020725	-0.004779
	0.000530	-0.013849	0.026404	0.005423	-0.011433	0.042275	-0.001383	-0.000459
	-0.002057	-0.014029	0.021252	-0.001986	-0.002681	0.042264	-0.027597	0.008004
	-0.000133	-0.013740	0.011177	-0.007147	0.007376	0.037807	-0.051768	0.018355
	0.005263	-0.012557	-0.001338	-0.010012	0.016933	0.031146	-0.067932	0.027097
	0.011754	-0.010429	-0.012746	-0.010989	0.024029	0.024892	-0.071931	0.030574
	0.016369	-0.007652	-0.019595	-0.010623	0.027129	0.021231	-0.062520	0.026214
	0.016489	-0.004713	-0.019706	-0.009320	0.025584	0.021250	-0.041646	0.013522
	0.010685	-0.002070	-0.012946	-0.007231	0.019823	0.024619	-0.013849	-0.005537
	-0.000796	0.000027	-0.001321	-0.004311	0.011234	0.029738	0.015008	-0.026926
	-0.016060	0.001618	0.011664	-0.000490	0.001781	0.034321	0.039290	-0.045611
	-0.032083	0.002982	0.022177	0.004127	-0.006497	0.036235	0.054966	-0.056997
	-0.045545	0.004489	0.027364	0.009147	-0.011971	0.034304	0.060445	-0.058273
	-0.053720	0.006426	0.026349	0.013925	-0.013753	0.028819	0.056671	-0.049244
	-0.055159	0.008861	0.020585	0.017749	-0.011812	0.021546	0.046527	-0.032373
	-0.049990	0.011605	0.013402	0.020092	-0.006887	0.015209	0.033781	-0.012033
	-0.039757	0.014289	0.008910	0.020832	-0.000253	0.012598	0.021919	0.006796
	-0.026905	0.016518	0.010582	0.020333	0.006558	0.015578	0.013237	0.019954
	-0.014080	0.018040	0.019994	0.019329	0.012031	0.024336	0.008409	0.025210
	-0.003473	0.018861	0.036135	0.018649	0.014885	0.037113	0.006614	0.022709
	0.003626	0.019258	0.055528	0.018859	0.014238	0.050559	0.006115	0.014653
	0.006952	0.019672	0.073127	0.019962	0.009740	0.060602	0.005049	0.004374
	0.007108	0.020529	0.083748	0.021282	0.001676	0.063590	0.002155	-0.004874
	0.005198	0.022036	0.083568	0.021600	-0.008981	0.057354	-0.002797	-0.010957
	0.002430	0.024044	0.071251	0.019514	-0.020610	0.041856	-0.008973	-0.013404
	-0.000206	0.026011	0.048366	0.013927	-0.031124	0.019231	-0.014824	-0.013304
	-0.002093	0.027113	0.018966	0.004493	-0.038333	-0.006803	-0.018672	-0.012626
	-0.002977	0.026443	-0.011516	-0.008122	-0.040426	-0.031970	-0.019304	-0.013256
	-0.002847	0.023268	-0.037717	-0.022287	-0.036502	-0.052580	-0.016403	-0.016137
	-0.001795	0.017250	-0.055710	-0.035763	-0.026963	-0.066437	-0.010661	-0.020818
	0.000077	0.008579	-0.063898	-0.046272	-0.013633	-0.073250	-0.003584	-0.025601
	0.002658	-0.002027	-0.063195	-0.052119	0.000516	-0.074433	0.002962	-0.028206
	0.005772	-0.013433	-0.056513	-0.052669	0.012032	-0.072411	0.007288	-0.026691
	0.009115	-0.024293	-0.047733	-0.048513	0.017894	-0.069665	0.008339	-0.020291
	0.012236	-0.033272	-0.040509	-0.041287	0.016448	-0.067854	0.005950	-0.009821
	0.014624	-0.039249	-0.037254	-0.033159	0.008058	-0.067300	0.000826	0.002498
	0.015864	-0.041456	-0.038589	-0.026166	-0.004765	-0.066989	-0.005721	0.013753
	0.015819	-0.039545	-0.043357	-0.021593	-0.017856	-0.065052	-0.012188	0.021333
	0.014746	-0.033601	-0.049154	-0.019589	-0.026456	-0.059558	-0.017312	0.023832
	0.013279	-0.024125	-0.053156	-0.019142	-0.026561	-0.049320	-0.020402	0.021541
	0.012240	-0.012006	-0.052982	-0.018435	-0.016186	-0.034443	-0.021473	0.016320
	0.012332	0.001515	-0.047358	-0.015470	0.003843	-0.016427	-0.021158	0.010892
	0.013798	0.014914	-0.036409	-0.008762	0.029856	0.002185	-0.020437	0.007810
	0.016199	0.026496	-0.021562	0.002098	0.056130	0.018510	-0.020269	0.008482
	0.018389	0.034585	-0.005137	0.016191	0.076326	0.030121	-0.021221	0.012598
	0.018777	0.037794	0.010236	0.031419	0.085198	0.035683	-0.023227	0.018210
	0.015805	0.035314	0.022189	0.045003	0.080073	0.035253	-0.025516	0.022442
	0.008515	0.027192	0.029065	0.054200	0.061687	0.030148	-0.026766	0.022592
	-0.002958	0.014469	0.030159	0.057020	0.034084	0.022478	-0.025423	0.017242
	-0.017177	-0.000855	0.025760	0.052746	0.003605	0.014517	-0.020145	0.006948
	-0.031561	-0.016098	0.017019	0.042113	-0.022775	0.008107	-0.010234	-0.005748
	-0.042935	-0.028374	0.005698	0.027101	-0.039289	0.004303	0.004042	-0.017038
	-0.048323	-0.035187	-0.006130	0.010416	-0.042883	0.003304	0.021326	-0.023073
	-0.045793	-0.035011	-0.016413	-0.005187	-0.033948	0.004657	0.039311	-0.021299
	-0.035081	-0.027709	-0.023440	-0.017542	-0.016088	0.007608	0.055117	-0.011426
	-0.017805	-0.014650	-0.026115	-0.025504	0.004986	0.011428	0.065853	0.004302
	0.002827	0.001512	-0.024161	-0.029073	0.023115	0.015600	0.069232	0.021676
	0.022763	0.017386	-0.018189	-0.029193	0.033389	0.019815	0.064101	0.035755
	0.038112	0.029589	-0.009612	-0.027338	0.033412	0.023810	0.050776	0.042385
	0.046124	0.035516	-0.000377	-0.025004	0.023780	0.027172	0.031054	0.039512
	0.045877	0.033946	0.007447	-0.023275	0.007681	0.029222	0.007933	0.027841
	0.038463	0.025318	0.012140	-0.022581	-0.010229	0.029084	-0.014951	0.010646
	0.026628	0.011610	0.012752	-0.022693	-0.025289	0.025935	-0.034010	-0.007229
	0.013965	-0.004152	0.009361	-0.022926	-0.034188	0.019364	-0.046395	-0.020852
	0.003903	-0.018629	0.003072	-0.022450	-0.035813	0.009697	-0.050510	-0.026684
	-0.001212	-0.028957	-0.004247	-0.020607	-0.031367	-0.001858	-0.046264	-0.023583
	-0.000688	-0.033384	-0.010440	-0.017106	-0.023772	-0.013347	-0.035012	-0.013040
	0.004461	-0.031593	-0.013610	-0.012067	-0.016583	-0.022476	-0.019220	0.001428
	0.011949	-0.024655	-0.012596	-0.005910	-0.012780	-0.027199	-0.001939	0.015482
	0.019014	-0.014620	-0.007238	0.000845	-0.013824	-0.026298	0.013769	0.025348
	0.023287	-0.003905	0.001638	0.007768	-0.019240	-0.019776	0.025354	0.028940
	0.023488	0.005358	0.012496	0.014630	-0.026844	-0.008931	0.031156	0.026341
	0.019718	0.011829	0.023536	0.021370	-0.033489	0.003948	0.030585	0.019533
	0.013287	0.015168	0.033147	0.027957	-0.036086	0.016151	0.024128	0.011518
	0.006159	0.015933	0.040247	0.034193	-0.032564	0.025234	0.013205	0.005144
	0.000211	0.015210	0.044400	0.039567	-0.022493	0.029607	-0.000079	0.002088
	-0.003437	0.014106	0.045713	0.043226	-0.007195	0.028855	-0.013248	0.002334
	-0.004783	0.013299	0.044584	0.044122	0.010646	0.023701	-0.023818	0.004310
	-0.004888	0.012784	0.041418	0.041306	0.027731	0.015662	-0.029668	0.005612
	-0.005422	0.011893	0.036439	0.034284	0.041012	0.006517	-0.029418	0.004025
	-0.007979	0.009597	0.029672	0.023326	0.048418	-0.002206	-0.022736	-0.001538
	-0.013394	0.004975	0.021095	0.009611	0.049255	-0.009578	-0.010524	-0.010534
	-0.021320	-0.002316	0.010889	-0.004873	0.044212	-0.015337	0.005120	-0.020895
	-0.030210	-0.011721	-0.000349	-0.017678	0.035022	-0.019692	0.021181	-0.029714
	-0.037733	-0.021767	-0.011534	-0.026416	0.023908	-0.022978	0.034289	-0.034244
	-0.041500	-0.030352	-0.021226	-0.029318	0.013005	-0.025306	0.041450	-0.032877
	-0.039856	-0.035293	-0.027964	-0.025693	0.003911	-0.026379	0.040803	-0.025724
	-0.032490	-0.034974	-0.030676	-0.016137	-0.002544	-0.025543	0.032206	-0.014619
	-0.020629	-0.028899	-0.029035	-0.002443	-0.006294	-0.022065	0.017450	-0.002534
	-0.006763	-0.017965	-0.023610	0.012786	-0.007857	-0.015538	-0.000010	0.007381
	0.006055	-0.004374	-0.015738	0.026704	-0.008067	-0.006232	-0.015810	0.012794
	0.015093	0.008841	-0.007144	0.036846	-0.007810	0.004756	-0.025756	0.012885
	0.018747	0.018546	0.000582	0.041627	-0.007829	0.015641	-0.026970	0.008507
	0.017011	0.022304	0.006464	0.040620	-0.008609	0.024368	-0.018771	0.001785
	0.011446	0.019020	0.010401	0.034533	-0.010340	0.029182	-0.003019	-0.004685
	0.004654	0.009256	0.013113	0.024944	-0.012928	0.029168	0.016213	-0.008739
	-0.000569	-0.004871	0.015768	0.013849	-0.016019	0.024571	0.033612	-0.009314
	-0.002142	-0.020201	0.019413	0.003179	-0.019054	0.016771	0.043994	-0.006677
	0.000620	-0.033285	0.024413	-0.005612	-0.021351	0.007892	0.043702	-0.002141
	0.006779	-0.041210	0.030113	-0.011792	-0.022225	0.000166	0.031634	0.002583
	0.014078	-0.042243	0.034864	-0.015394	-0.021166	-0.004755	0.009599	0.006127
	0.019667	-0.036167	0.036442	-0.017079	-0.018016	-0.006322	-0.018119	0.008006
	0.021032	-0.024202	0.032760	-0.017884	-0.013115	-0.005247	-0.045883	0.008740
	0.016826	-0.008589	0.022642	-0.018911	-0.007335	-0.003255	-0.068181	0.009510
	0.007326	0.008038	0.006417	-0.021039	-0.001950	-0.002474	-0.081041	0.011497
	-0.005619	0.023304	-0.013893	-0.024701	0.001650	-0.004657	-0.082964	0.015177
	-0.019140	0.035579	-0.034866	-0.029753	0.002365	-0.010486	-0.075126	0.019868
	-0.030215	0.044178	-0.052427	-0.035447	-0.000209	-0.019186	-0.060801	0.023752
	-0.036577	0.049263	-0.062820	-0.040513	-0.005503	-0.028605	-0.044217	0.024408
	-0.037368	0.051506	-0.063565	-0.043355	-0.011945	-0.035745	-0.029210	0.019685
	-0.033331	0.051665	-0.054117	-0.042342	-0.017248	-0.037629	-0.018124	0.008619
	-0.026499	0.050219	-0.036044	-0.036182	-0.018965	-0.032240	-0.011276	-0.007956
	-0.019470	0.047197	-0.012687	-0.024317	-0.015194	-0.019266	-0.007149	-0.027374
	-0.014538	0.042251	0.011595	-0.007251	-0.005240	-0.000401	-0.003211	-0.045741
	-0.012949	0.034925	0.032399	0.013280	0.009981	0.020896	0.002952	-0.059018
	-0.014542	0.025023	0.046189	0.034403	0.027956	0.040155	0.012572	-0.064260
	-0.017874	0.012915	0.050958	0.052506	0.045041	0.052983	0.025105	-0.060582
	-0.020785	-0.000327	0.046484	0.063922	0.057304	0.056184	0.038298	-0.049526
	-0.021201	-0.013047	0.034196	0.065756	0.061535	0.048633	0.048920	-0.034667
	-0.017898	-0.023351	0.016724	0.056697	0.056155	0.031647	0.053896	-0.020556
	-0.010955	-0.029587	-0.002705	0.037555	0.041745	0.008751	0.051469	-0.011327
	-0.001748	-0.030810	-0.020868	0.011344	0.021032	-0.015116	0.041975	-0.009399
	0.007528	-0.027092	-0.035038	-0.017175	-0.001700	-0.034756	0.027951	-0.014709
	0.014630	-0.019561	-0.043299	-0.042457	-0.021643	-0.045942	0.013509	-0.024713
	0.018081	-0.010169	-0.044711	-0.059425	-0.034670	-0.046405	0.003151	-0.035182
	0.017735	-0.001218	-0.039341	-0.064710	-0.038388	-0.036349	0.000389	-0.041525
	0.014883	0.005187	-0.028207	-0.057535	-0.032734	-0.018350	0.006609	-0.040220
	0.011857	0.007645	-0.013153	-0.039978	-0.019958	0.003315	0.020535	-0.029906
	0.011236	0.005750	0.003362	-0.016506	-0.003977	0.023729	0.038491	-0.011784
	0.014933	0.000132	0.018582	0.007131	0.010720	0.038528	0.055379	0.010780
	0.023438	-0.007774	0.029857	0.025357	0.020309	0.044900	0.066094	0.033300
	0.035508	-0.016143	0.035116	0.034191	0.022657	0.042169	0.066962	0.051512
	0.048409	-0.023227	0.033296	0.032221	0.017865	0.031813	0.056766	0.062568
	0.058663	-0.027751	0.024616	0.020869	0.008153	0.016953	0.037069	0.065710
	0.063073	-0.029137	0.010600	0.003864	-0.002854	0.001440	0.011765	0.062236
	0.059718	-0.027528	-0.006220	-0.013915	-0.011238	-0.011168	-0.013999	0.054809
	0.048595	-0.023628	-0.022853	-0.027872	-0.013971	-0.018500	-0.035213	0.046396
	0.031700	-0.018431	-0.036553	-0.034977	-0.009833	-0.019875	-0.048277	0.039209
	0.012516	-0.012953	-0.045459	-0.034523	0.000216	-0.016321	-0.051830	0.034045
	-0.004954	-0.008011	-0.048994	-0.028142	0.013291	-0.010116	-0.046929	0.030203
	-0.017308	-0.004129	-0.047899	-0.019103	0.025410	-0.004019	-0.036572	0.026015
	-0.022696	-0.001532	-0.043873	-0.011145	0.032640	-0.000418	-0.024746	0.019735
	-0.021299	-0.000228	-0.038938	-0.007234	0.032228	-0.000658	-0.015312	0.010463
	-0.015214	-0.000093	-0.034742	-0.008645	0.023407	-0.004729	-0.011019	-0.001270
	-0.007769	-0.000940	-0.032026	-0.014650	0.007646	-0.011404	-0.012918	-0.013486
	-0.002486	-0.002542	-0.030450	-0.022904	-0.011737	-0.018736	-0.020269	-0.023317
	-0.002007	-0.004621	-0.028827	-0.030343	-0.030449	-0.024764	-0.030903	-0.027966
	-0.007303	-0.006842	-0.025707	-0.034299	-0.044373	-0.028171	-0.041883	-0.025711
	-0.017386	-0.008819	-0.020073	-0.033401	-0.050632	-0.028684	-0.050264	-0.016607
	-0.029608	-0.010169	-0.011899	-0.027989	-0.048308	-0.027081	-0.053734	-0.002606
	-0.040435	-0.010594	-0.002346	-0.019867	-0.038611	-0.024813	-0.051024	0.012956
	-0.046460	-0.009953	0.006524	-0.011526	-0.024479	-0.023368	-0.042039	0.026339
	-0.045374	-0.008290	0.012439	-0.005113	-0.009729	-0.023612	-0.027745	0.034535
	-0.036593	-0.005787	0.013799	-0.001523	0.001973	-0.025329	-0.009900	0.036157
	-0.021411	-0.002658	0.010431	0.000027	0.008055	-0.027157	0.009280	0.031799
	-0.002644	0.000995	0.003937	0.001787	0.007630	-0.026956	0.027442	0.023732
	0.016112	0.005284	-0.002551	0.006664	0.001600	-0.022515	0.042379	0.015056
	0.031368	0.010545	-0.005185	0.017092	-0.007714	-0.012377	0.052275	0.008611
	0.040558	0.017211	-0.000562	0.033961	-0.017306	0.003489	0.055900	0.006018
	0.042555	0.025584	0.013094	0.056002	-0.024325	0.023409	0.052779	0.007182
	0.037795	0.035553	0.035144	0.079864	-0.026810	0.044234	0.043296	0.010441
	0.028020	0.046380	0.062386	0.100892	-0.024110	0.061693	0.028710	0.013277
	0.015746	0.056659	0.089663	0.114382	-0.016900	0.073185	0.011041	0.013342
	0.003626	0.064500	0.111079	0.116335	-0.006837	0.075266	-0.007182	0.009414
	-0.006139	0.067945	0.121492	0.107470	0.004024	0.067717	-0.023302	0.001936
	-0.012183	0.065497	0.117860	0.087551	0.013839	0.052167	-0.034961	-0.007085
	-0.014135	0.056640	0.100056	0.060990	0.021452	0.031920	-0.040504	-0.014777
	-0.012520	0.042137	0.070928	0.032782	0.026576	0.011115	-0.039269	-0.018477
	-0.008513	0.024002	0.035588	0.007762	0.029677	-0.006349	-0.031682	-0.016795
	-0.003589	0.005101	0.000159	-0.010622	0.031596	-0.017781	-0.019148	-0.010270
	0.000808	-0.011547	-0.029658	-0.021023	0.033088	-0.022276	-0.003767	-0.001358
	0.003548	-0.023564	-0.049803	-0.024237	0.034413	-0.020766	0.012062	0.006276
	0.003992	-0.029876	-0.058544	-0.022591	0.035145	-0.015536	0.026065	0.008958
	0.002068	-0.031016	-0.056516	-0.018946	0.034259	-0.009402	0.036446	0.004302
	-0.001755	-0.028949	-0.046176	-0.015674	0.030490	-0.004821	0.042129	-0.007846
	-0.006575	-0.026436	-0.030922	-0.013968	0.022830	-0.003208	0.042851	-0.025154
	-0.011242	-0.026119	-0.014176	-0.013699	0.011032	-0.004669	0.039123	-0.043375
	-0.014591	-0.029603	0.001295	-0.013825	-0.004066	-0.008197	0.032071	-0.057583
	-0.015685	-0.036839	0.013677	-0.013142	-0.020520	-0.012220	0.023208	-0.063703
	-0.014046	-0.046026	0.022032	-0.011069	-0.035582	-0.015285	0.014163	-0.059833
	-0.009792	-0.054112	0.026010	-0.008119	-0.046285	-0.016624	0.006394	-0.046933
	-0.003662	-0.057753	0.025527	-0.005857	-0.050157	-0.016393	0.000935	-0.028608
	0.003109	-0.054461	0.020618	-0.006341	-0.045873	-0.015509	-0.001797	-0.010058
	0.009049	-0.043564	0.011519	-0.011235	-0.033679	-0.015171	-0.002080	0.003525
	0.012795	-0.026644	-0.001073	-0.020938	-0.015434	-0.016235	-0.000821	0.008576
	0.013430	-0.007288	-0.015723	-0.034079	0.005722	-0.018710	0.000671	0.004303
	0.010730	0.009849	-0.030174	-0.047610	0.026038	-0.021561	0.001046	-0.007043
	0.005238	0.020383	-0.041577	-0.057539	0.041969	-0.022934	-0.000675	-0.020865
	-0.001864	0.021580	-0.047072	-0.060103	0.050950	-0.020731	-0.004741	-0.031682
	-0.009060	0.013304	-0.044586	-0.053006	0.051932	-0.013360	-0.010482	-0.034903
	-0.014897	-0.001755	-0.033586	-0.036336	0.045533	-0.000415	-0.016400	-0.028349
	-0.018362	-0.018714	-0.015530	-0.012801	0.033801	0.016978	-0.020535	-0.013024
	-0.019122	-0.031830	0.006215	0.012806	0.019626	0.036257	-0.021056	0.007107
	-0.017559	-0.036156	0.027031	0.034803	0.005998	0.053976	-0.016912	0.026314
	-0.014590	-0.029042	0.042159	0.048136	-0.004707	0.066654	-0.008345	0.038872
	-0.011327	-0.011011	0.047959	0.049745	-0.011217	0.071665	0.002934	0.040894
	-0.008691	0.014260	0.042946	0.039404	-0.013517	0.067913	0.013999	0.031623
	-0.007114	0.040892	0.028282	0.019744	-0.012639	0.056088	0.021396	0.013780
	-0.006417	0.062407	0.007534	-0.004502	-0.010188	0.038446	0.022091	-0.007165
	-0.005923	0.073524	-0.014254	-0.027821	-0.007749	0.018190	0.014428	-0.024585
	-0.004757	0.071633	-0.031920	-0.045390	-0.006388	-0.001347	-0.001201	-0.032689
	-0.002232	0.057492	-0.041596	-0.054274	-0.006384	-0.017470	-0.022206	-0.028303
	0.001807	0.034967	-0.041735	-0.054001	-0.007272	-0.028632	-0.044255	-0.011903
	0.006826	0.009886	-0.033480	-0.046402	-0.008172	-0.034560	-0.062265	0.012424
	0.011675	-0.011628	-0.020243	-0.034809	-0.008269	-0.036019	-0.071662	0.038084
	0.014915	-0.024851	-0.006648	-0.022905	-0.007276	-0.034337	-0.069571	0.057824
	0.015290	-0.027678	0.002851	-0.013601	-0.005683	-0.030872	-0.055594	0.065791
	0.012193	-0.021025	0.005256	-0.008289	-0.004698	-0.026611	-0.031945	0.059192
	0.005983	-0.008327	-0.000158	-0.006650	-0.005865	-0.022008	-0.002898	0.039083
	-0.001972	0.005674	-0.011722	-0.007035	-0.010465	-0.017073	0.026280	0.010076
	-0.009577	0.016447	-0.025954	-0.007229	-0.018896	-0.011643	0.050620	-0.020942
	-0.014540	0.021012	-0.038646	-0.005322	-0.030254	-0.005677	0.066576	-0.046678
	-0.015024	0.018708	-0.046114	-0.000385	-0.042281	0.000541	0.072692	-0.061366
	-0.010233	0.011164	-0.046234	0.007253	-0.051765	0.006384	0.069639	-0.062208
	-0.000761	0.001548	-0.038986	0.016162	-0.055322	0.011046	0.059691	-0.049942
	0.011433	-0.006630	-0.026363	0.024336	-0.050349	0.013816	0.045829	-0.028439
	0.023408	-0.010746	-0.011721	0.029843	-0.035911	0.014333	0.030820	-0.003471
	0.031933	-0.009908	0.001202	0.031402	-0.013258	0.012726	0.016546	0.018934
	0.034296	-0.005160	0.009314	0.028687	0.014190	0.009559	0.003786	0.034084
	0.029033	0.001005	0.010932	0.022312	0.041451	0.005621	-0.007546	0.039712
	0.016377	0.005616	0.006117	0.013528	0.063055	0.001630	-0.017859	0.036313
	-0.001694	0.006344	-0.003484	0.003795	0.074320	-0.002018	-0.027297	0.026688
	-0.021829	0.002368	-0.015176	-0.005619	0.072522	-0.005346	-0.035376	0.014906
	-0.040023	-0.005318	-0.025961	-0.013862	0.057628	-0.008709	-0.040989	0.005027
	-0.052508	-0.014242	-0.033252	-0.020514	0.032405	-0.012550	-0.042801	-0.000034
	-0.056601	-0.021337	-0.035407	-0.025436	0.001859	-0.017100	-0.039867	0.000811
	-0.051310	-0.024052	-0.031961	-0.028551	-0.027854	-0.022162	-0.032217	0.006723
	-0.037548	-0.021317	-0.023581	-0.029693	-0.050790	-0.027083	-0.021147	0.015390
	-0.017915	-0.014021	-0.011796	-0.028612	-0.062499	-0.030951	-0.009060	0.023829
	0.003905	-0.004819	0.001374	-0.025122	-0.060937	-0.032954	0.001132	0.029278
	0.023980	0.002669	0.013811	-0.019346	-0.046802	-0.032765	0.006871	0.029902
	0.039001	0.005035	0.023633	-0.011903	-0.023247	-0.030795	0.006781	0.025169
	0.046980	0.000263	0.029457	-0.003950	0.004919	-0.028166	0.001164	0.015828
	0.047613	-0.011491	0.030583	0.003015	0.032322	-0.026388	-0.008037	0.003581
	0.042232	-0.027746	0.027118	0.007552	0.054132	-0.026789	-0.017815	-0.009411
	0.033360	-0.044273	0.020014	0.008772	0.066947	-0.029904	-0.025054	-0.021013
	0.024007	-0.056219	0.010998	0.006747	0.069279	-0.035032	-0.027531	-0.029491
	0.016868	-0.059464	0.002368	0.002684	0.061601	-0.040167	-0.024627	-0.033692
	0.013647	-0.051293	-0.003376	-0.001257	0.046010	-0.042393	-0.017497	-0.033082
	0.014668	-0.033680	-0.004017	-0.002471	0.025636	-0.038671	-0.008634	-0.027690
	0.018877	-0.008050	0.001840	0.001356	0.003959	-0.026829	-0.000963	-0.018036
	0.024222	0.020233	0.014320	0.011496	-0.015813	-0.006433	0.003199	-0.005070
	0.028297	0.045685	0.032049	0.027654	-0.031213	0.020728	0.002968	0.009865
	0.029084	0.063533	0.052248	0.047830	-0.040782	0.050782	-0.000808	0.025099
	0.025560	0.070848	0.071195	0.068650	-0.044138	0.078520	-0.005873	0.038781
	0.018010	0.067165	0.084961	0.086030	-0.041881	0.098623	-0.009408	0.049120
	0.007945	0.054451	0.090288	0.096484	-0.035377	0.107014	-0.009095	0.054700
	-0.002346	0.036464	0.085376	0.097332	-0.026463	0.101969	-0.003996	0.054791
	-0.010495	0.017717	0.070372	0.088042	-0.017098	0.084646	0.005065	0.049551
	-0.014786	0.002339	0.047418	0.070046	-0.009025	0.058856	0.015782	0.040032
	-0.014700	-0.006863	0.020235	0.046482	-0.003458	0.030123	0.025214	0.027947
	-0.011103	-0.008930	-0.006688	0.021442	-0.000876	0.004279	0.030902	0.015250
	-0.006002	-0.004750	-0.029082	-0.000987	-0.000951	-0.014015	0.031858	0.003629
	-0.001938	0.003394	-0.043813	-0.017648	-0.002657	-0.022395	0.029021	-0.005909
	-0.001172	0.012581	-0.049522	-0.026957	-0.004546	-0.021260	0.025008	-0.013241
	-0.004935	0.020075	-0.046799	-0.029134	-0.005144	-0.013455	0.023205	-0.019019
	-0.012953	0.023997	-0.037901	-0.025963	-0.003362	-0.003282	0.026484	-0.024292
	-0.023425	0.023705	-0.026082	-0.020195	0.001169	0.004859	0.036015	-0.029973
	-0.033480	0.019789	-0.014729	-0.014756	0.007966	0.007777	0.050592	-0.036357
	-0.039994	0.013753	-0.006538	-0.011982	0.015794	0.004377	0.066765	-0.042859
	-0.040530	0.007482	-0.002919	-0.013073	0.022998	-0.004139	0.079782	-0.048106
	-0.034128	0.002664	-0.003769	-0.017891	0.027962	-0.014778	0.085052	-0.050378
	-0.021690	0.000315	-0.007637	-0.025109	0.029577	-0.023793	0.079682	-0.048259
	-0.005834	0.000533	-0.012203	-0.032665	0.027557	-0.027920	0.063533	-0.041283
	0.009760	0.002520	-0.014948	-0.038351	0.022510	-0.025413	0.039456	-0.030321
	0.021333	0.004852	-0.013821	-0.040403	0.015741	-0.016584	0.012561	-0.017542
	0.026074	0.005919	-0.007773	-0.037923	0.008834	-0.003687	-0.011251	-0.005914
	0.022884	0.004397	0.002968	-0.031054	0.003162	0.009800	-0.027053	0.001646
	0.012664	-0.000352	0.016913	-0.020896	-0.000521	0.020236	-0.032374	0.003200
	-0.001984	-0.008081	0.031604	-0.009192	-0.002273	0.024904	-0.027921	-0.001507
	-0.017522	-0.017695	0.044107	0.002100	-0.002869	0.022775	-0.017309	-0.010829
	-0.030493	-0.027520	0.051617	0.011238	-0.003453	0.014745	-0.005870	-0.021600
	-0.038468	-0.035734	0.052041	0.017039	-0.005065	0.003288	0.001050	-0.030035
	-0.040641	-0.040845	0.044477	0.019051	-0.008201	-0.008329	-0.000230	-0.032899
	-0.037897	-0.042081	0.029477	0.017538	-0.012562	-0.017015	-0.010620	-0.028562
	-0.032347	-0.039590	0.009041	0.013323	-0.017106	-0.020695	-0.028077	-0.017610
	-0.026495	-0.034379	-0.013673	0.007526	-0.020371	-0.018785	-0.048362	-0.002769
	-0.022321	-0.028024	-0.034896	0.001282	-0.020988	-0.012190	-0.066480	0.011856
	-0.020586	-0.022202	-0.050969	-0.004486	-0.018191	-0.002858	-0.078286	0.022020
	-0.020592	-0.018209	-0.059097	-0.009207	-0.012165	0.006897	-0.081720	0.024674
	-0.020478	-0.016585	-0.057983	-0.012694	-0.004087	0.015092	-0.077275	0.018974
	-0.017966	-0.016971	-0.048176	-0.015078	0.004157	0.020544	-0.067575	0.006619
	-0.011285	-0.018249	-0.032040	-0.016681	0.010517	0.022991	-0.056244	-0.008599
	0.000017	-0.018917	-0.013298	-0.017880	0.013389	0.022879	-0.046506	-0.021920
	0.014686	-0.017598	0.003764	-0.018983	0.012130	0.020924	-0.040033	-0.029062
	0.029934	-0.013509	0.015262	-0.020165	0.007285	0.017668	-0.036444	-0.027551
	0.042159	-0.006752	0.018623	-0.021453	0.000461	0.013204	-0.033641	-0.017478
	0.048013	0.001684	0.013204	-0.022762	-0.006119	0.007185	-0.028833	-0.001470
	0.045465	0.010213	0.000447	-0.023957	-0.010245	-0.000886	-0.019856	0.016147
	0.034554	0.017149	-0.016495	-0.024916	-0.010346	-0.011216	-0.006283	0.030720
	0.017552	0.021254	-0.033559	-0.025579	-0.005927	-0.023318	0.010110	0.038722
	-0.001528	0.022153	-0.046815	-0.025958	0.002308	-0.035833	0.025739	0.038833
	-0.017963	0.020473	-0.053448	-0.026123	0.012669	-0.046686	0.036351	0.032285
	-0.027593	0.017656	-0.052438	-0.026158	0.022937	-0.053575	0.038536	0.022372
	-0.027969	0.015495	-0.044713	-0.026098	0.030943	-0.054640	0.031066	0.013283
	-0.019036	0.015536	-0.032773	-0.025881	0.035077	-0.049100	0.015574	0.008653
	-0.003143	0.018540	-0.019870	-0.025309	0.034606	-0.037628	-0.003713	0.010309
	0.015620	0.024190	-0.009015	-0.024049	0.029732	-0.022317	-0.021143	0.017643
	0.032572	0.031137	-0.002095	-0.021667	0.021422	-0.006200	-0.031361	0.027803
	0.043742	0.037372	0.000625	-0.017714	0.011087	0.007541	-0.031012	0.036659
	0.046932	0.040821	0.000466	-0.011841	0.000221	0.016436	-0.019855	0.040201
	0.042260	0.039952	-0.000215	-0.003935	-0.009881	0.019399	-0.000906	0.035930
	0.032020	0.034222	0.001083	0.005758	-0.018291	0.016979	0.020486	0.023750
	0.019931	0.024203	0.006064	0.016559	-0.024481	0.011110	0.038318	0.006081
	0.009993	0.011379	0.014940	0.027370	-0.028269	0.004435	0.047851	-0.012852
	0.005315	-0.002314	0.026213	0.036795	-0.029743	-0.000584	0.047120	-0.028328
	0.007230	-0.015039	0.037028	0.043373	-0.029192	-0.002468	0.037535	-0.036598
	0.014958	-0.025500	0.043989	0.045894	-0.027074	-0.001173	0.023373	-0.036037
	0.025892	-0.033139	0.044202	0.043719	-0.023992	0.001967	0.010318	-0.027616
	0.036392	-0.038036	0.036237	0.037046	-0.020655	0.004790	0.003528	-0.014525
	0.042860	-0.040583	0.020705	0.026997	-0.017783	0.005161	0.005874	-0.001115
	0.042758	-0.041085	0.000260	0.015509	-0.015962	0.001850	0.016939	0.008517
	0.035304	-0.039470	-0.020972	0.004978	-0.015484	-0.004894	0.033111	0.011810
	0.021660	-0.035244	-0.038411	-0.002258	-0.016222	-0.013265	0.048756	0.008498
	0.004584	-0.027744	-0.048176	-0.004494	-0.017614	-0.020400	0.058076	0.000592
	-0.012322	-0.016581	-0.048079	-0.001141	-0.018786	-0.023287	0.057050	-0.008362
	-0.025565	-0.002122	-0.038172	0.007036	-0.018788	-0.019816	0.044811	-0.014510
	-0.032620	0.014215	-0.020703	0.018018	-0.016903	-0.009609	0.024002	-0.014957
	-0.032521	0.030019	0.000481	0.028975	-0.012903	0.005654	-0.000017	-0.008695
	-0.026018	0.042329	0.020924	0.036969	-0.007173	0.022553	-0.020847	0.003121
	-0.015323	0.048387	0.036655	0.039733	-0.000637	0.036827	-0.033078	0.017589
	-0.003534	0.046469	0.045101	0.036309	0.005500	0.044590	-0.034003	0.031004
	0.006107	0.036533	0.045590	0.027362	0.010121	0.043504	-0.024461	0.039995
	0.010928	0.020438	0.039346	0.015038	0.012556	0.033532	-0.008534	0.042479
	0.009368	0.001638	0.029005	0.002404	0.012801	0.017037	0.007786	0.038142
	0.001259	-0.015619	0.017826	-0.007405	0.011513	-0.001833	0.018549	0.028325
	-0.012186	-0.027350	0.008818	-0.012080	0.009776	-0.018286	0.019765	0.015434
	-0.028632	-0.030869	0.004021	-0.010819	0.008723	-0.028225	0.010679	0.002102
	-0.045073	-0.025467	0.004099	-0.004578	0.009123	-0.029391	-0.005988	-0.009574
	-0.058383	-0.012549	0.008320	0.004209	0.011112	-0.021950	-0.024924	-0.018477
	-0.065887	0.004805	0.014893	0.012347	0.014144	-0.008382	-0.039921	-0.024473
	-0.065865	0.022726	0.021526	0.016856	0.017197	0.007297	-0.045846	-0.028058
	-0.057918	0.037586	0.026059	0.015893	0.019164	0.020727	-0.040266	-0.029838
	-0.043132	0.046879	0.026997	0.009351	0.019271	0.028445	-0.024207	-0.030098
	-0.023985	0.049681	0.023840	-0.001065	0.017385	0.028798	-0.001844	-0.028653
	-0.003978	0.046600	0.017143	-0.012323	0.014077	0.022284	0.020771	-0.025040
	0.012987	0.039278	0.008332	-0.020957	0.010415	0.011235	0.037520	-0.018957
	0.023379	0.029658	-0.000672	-0.024109	0.007557	-0.001008	0.044013	-0.010734
	0.024834	0.019310	-0.007915	-0.020410	0.006306	-0.011151	0.038795	-0.001586
	0.016785	0.009036	-0.011856	-0.010413	0.006784	-0.016890	0.023653	0.006504
	0.000742	-0.001115	-0.011715	0.003534	0.008376	-0.017456	0.002950	0.011303
	-0.019871	-0.011477	-0.007643	0.017944	0.009970	-0.013628	-0.017753	0.011093
	-0.040363	-0.022229	-0.000700	0.029178	0.010417	-0.007251	-0.033342	0.005398
	-0.055785	-0.032939	0.007363	0.034440	0.009043	-0.000465	-0.040532	-0.004613
	-0.062082	-0.042419	0.014478	0.032514	0.006000	0.005069	-0.038622	-0.016247
	-0.057115	-0.048973	0.018712	0.024009	0.002324	0.008686	-0.029410	-0.025968
	-0.041256	-0.050983	0.018708	0.011073	-0.000384	0.010797	-0.016395	-0.030445
