	-0.011130	0.009812	-0.002966	0.005502	-0.013716	-0.030018	-0.013259	-0.015618
	0.011782	-0.003885	0.001701	0.001958	-0.012844	-0.032291	-0.016936	-0.016140
	0.033675	-0.015286	0.013030	0.004291	-0.008278	-0.023368	-0.019285	-0.012582
	0.052461	-0.021859	0.027064	0.013498	0.000232	-0.006069	-0.019358	-0.004582
	0.066557	-0.022352	0.038211	0.027868	0.012008	0.014110	-0.016423	0.006973
	0.075048	-0.017106	0.041099	0.043463	0.025527	0.030798	-0.010156	0.020009
	0.077765	-0.007915	0.032470	0.055386	0.038699	0.038825	-0.000821	0.031714
	0.075245	0.002533	0.012470	0.059410	0.049294	0.035879	0.010643	0.039251
	0.068574	0.011435	-0.015104	0.053434	0.055406	0.023223	0.022671	0.040530
	0.059135	0.016648	-0.043757	0.038273	0.055856	0.005219	0.033294	0.034788
	0.048299	0.017215	-0.066174	0.017493	0.050425	-0.012179	0.040510	0.022814
	0.037136	0.013496	-0.076462	-0.003661	0.039883	-0.023460	0.042723	0.006739
	0.026213	0.006895	-0.072030	-0.019904	0.025796	-0.025438	0.039142	-0.010543
	0.015573	-0.000708	-0.054495	-0.027569	0.010192	-0.018344	0.030035	-0.026127
	0.004885	-0.007607	-0.029283	-0.025741	-0.004858	-0.005739	0.016744	-0.037792
	-0.006226	-0.012764	-0.004009	-0.016487	-0.017618	0.006736	0.001451	-0.044424
	-0.017790	-0.015999	0.013886	-0.004101	-0.026950	0.013377	-0.013263	-0.046050
	-0.029160	-0.017819	0.019509	0.006384	-0.032412	0.010520	-0.024951	-0.043505
	-0.038890	-0.018975	0.012143	0.010907	-0.034199	-0.001980	-0.031805	-0.037884
	-0.044912	-0.019939	-0.004401	0.007750	-0.032947	-0.020424	-0.032993	-0.030004
	-0.045022	-0.020521	-0.022862	-0.001902	-0.029490	-0.038264	-0.028751	-0.020102
	-0.037579	-0.019795	-0.034727	-0.014398	-0.024632	-0.048127	-0.020240	-0.007885
	-0.022226	-0.016386	-0.032899	-0.024894	-0.018997	-0.044256	-0.009190	0.007052
	-0.000389	-0.009039	-0.014018	-0.029050	-0.012984	-0.024560	0.002519	0.024625
	0.024653	0.002745	0.020282	-0.024557	-0.006828	0.008380	0.013248	0.043720
	0.048244	0.018244	0.063573	-0.011986	-0.000705	0.047744	0.021855	0.061969
	0.065324	0.035426	0.106257	0.005329	0.005152	0.084244	0.027759	0.076035
	0.071701	0.051320	0.138132	0.022340	0.010387	0.108715	0.030843	0.082376
	0.065268	0.062761	0.151153	0.033909	0.014549	0.114767	0.031254	0.078339
	0.046822	0.067299	0.141293	0.036468	0.017191	0.100663	0.029195	0.063212
	0.020168	0.063969	0.110987	0.029151	0.018026	0.069852	0.024804	0.038887
	-0.008594	0.053663	0.065622	0.014041	0.017071	0.029992	0.018151	0.009816
	-0.032489	0.038947	0.014768	-0.004562	0.014731	-0.009252	0.009356	-0.017830
	-0.045459	0.023351	-0.031790	-0.021580	0.011769	-0.038969	-0.001228	-0.037652
	-0.044051	0.010342	-0.066215	-0.032820	0.009160	-0.053474	-0.012867	-0.044780
	-0.028499	0.002295	-0.084366	-0.036299	0.007843	-0.051782	-0.024402	-0.037385
	-0.002864	-0.000213	-0.086401	-0.032791	0.008444	-0.037647	-0.034372	-0.017454
	0.025888	0.001467	-0.076173	-0.025420	0.011052	-0.018192	-0.041282	0.009471
	0.049649	0.004538	-0.059683	-0.018445	0.015106	-0.001592	-0.043967	0.035616
	0.061335	0.005722	-0.043137	-0.015677	0.019467	0.005473	-0.041931	0.053034
	0.056855	0.002392	-0.031200	-0.019055	0.022651	-0.000171	-0.035561	0.055853
	0.036305	-0.006483	-0.025940	-0.027894	0.023195	-0.017326	-0.026118	0.042046
	0.004043	-0.019902	-0.026684	-0.039048	0.020055	-0.040897	-0.015496	0.014189
	-0.032415	-0.035050	-0.030725	-0.047959	0.012935	-0.063541	-0.005778	-0.021084
	-0.064389	-0.048109	-0.034545	-0.050233	0.002445	-0.077933	0.001283	-0.054803
	-0.084350	-0.055419	-0.035129	-0.043229	-0.009961	-0.078978	0.004725	-0.078116
	-0.087926	-0.054615	-0.030932	-0.027112	-0.022279	-0.065292	0.004649	-0.084763
	-0.075000	-0.045390	-0.022254	-0.005027	-0.032396	-0.039564	0.002192	-0.072869
	-0.049621	-0.029639	-0.010959	0.017708	-0.038592	-0.007737	-0.000781	-0.045489
	-0.018753	-0.010945	0.000266	0.035128	-0.039953	0.022700	-0.002208	-0.009766
	0.009745	0.006433	0.008839	0.042416	-0.036587	0.044770	-0.000442	0.025088
	0.029304	0.018755	0.013073	0.037398	-0.029593	0.053835	0.005236	0.050382
	0.036356	0.023808	0.012593	0.021286	-0.020755	0.048674	0.014339	0.060347
	0.031081	0.021441	0.008304	-0.001564	-0.012079	0.031590	0.025238	0.053648
	0.017014	0.013473	0.001988	-0.024802	-0.005260	0.007583	0.035545	0.033567
	-0.000312	0.003052	-0.004292	-0.041803	-0.001255	-0.017102	0.042731	0.006841
	-0.015231	-0.006338	-0.008768	-0.047440	-0.000057	-0.036609	0.044808	-0.018471
	-0.023699	-0.011880	-0.010351	-0.039430	-0.000757	-0.046838	0.040894	-0.035427
	-0.024399	-0.012161	-0.008758	-0.018876	-0.001855	-0.046215	0.031492	-0.040190
	-0.018872	-0.007443	-0.004409	0.010097	-0.001756	-0.035750	0.018407	-0.032982
	-0.010691	0.000571	0.001809	0.041456	0.000717	-0.018451	0.004305	-0.017752
	-0.003981	0.009340	0.008786	0.068800	0.005910	0.001646	-0.007954	-0.000707
	-0.001842	0.016252	0.015371	0.086863	0.013177	0.020545	-0.016046	0.011783
	-0.005209	0.019298	0.020474	0.092632	0.021000	0.035164	-0.018768	0.015234
	-0.012540	0.017492	0.023123	0.085807	0.027372	0.043843	-0.016320	0.008387
	-0.020442	0.010957	0.022544	0.068603	0.030331	0.046427	-0.010215	-0.006549
	-0.025004	0.000726	0.018311	0.045006	0.028515	0.043998	-0.002831	-0.024779
	-0.023355	-0.011610	0.010546	0.019754	0.021555	0.038384	0.003252	-0.040615
	-0.014900	-0.024264	0.000112	-0.002679	0.010227	0.031620	0.005956	-0.049383
	-0.001775	-0.035526	-0.011324	-0.018878	-0.003704	0.025475	0.004240	-0.048916
	0.011685	-0.043901	-0.021447	-0.026928	-0.017885	0.021144	-0.001657	-0.040168
	0.020312	-0.048178	-0.027706	-0.026515	-0.029931	0.019113	-0.010347	-0.026762
	0.019883	-0.047484	-0.027927	-0.018727	-0.037969	0.019191	-0.019727	-0.013671
	0.008714	-0.041406	-0.020970	-0.005703	-0.041040	0.020660	-0.027600	-0.005485
	-0.011474	-0.030180	-0.007234	0.009814	-0.039255	0.022489	-0.032286	-0.004861
	-0.035751	-0.014870	0.011191	0.024916	-0.033675	0.023581	-0.033052	-0.011652
	-0.057238	0.002552	0.030818	0.036957	-0.025972	0.022998	-0.030243	-0.022995
	-0.069070	0.019379	0.047487	0.043923	-0.017966	0.020152	-0.025100	-0.034300
	-0.066473	0.032608	0.057351	0.044739	-0.011178	0.014910	-0.019309	-0.040790
	-0.048329	0.039615	0.057865	0.039455	-0.006521	0.007623	-0.014464	-0.039085
	-0.017706	0.038886	0.048483	0.029253	-0.004180	-0.000965	-0.011575	-0.028293
	0.018828	0.030582	0.030875	0.016239	-0.003719	-0.009870	-0.010790	-0.010306
	0.052919	0.016699	0.008557	0.003013	-0.004330	-0.018086	-0.011397	0.010801
	0.076697	0.000712	-0.013952	-0.007918	-0.005148	-0.024781	-0.012093	0.030017
	0.084922	-0.013277	-0.032236	-0.014744	-0.005513	-0.029439	-0.011425	0.042876
	0.076382	-0.021664	-0.043021	-0.016816	-0.005109	-0.031918	-0.008267	0.046705
	0.054151	-0.022428	-0.044893	-0.014829	-0.003949	-0.032388	-0.002169	0.041252
	0.024640	-0.015808	-0.038492	-0.010623	-0.002220	-0.031221	0.006495	0.028568
	-0.004256	-0.004329	-0.026171	-0.006654	-0.000084	-0.028844	0.016636	0.012227
	-0.025351	0.007892	-0.011264	-0.005261	0.002498	-0.025634	0.026754	-0.003801
	-0.034075	0.016395	0.002826	-0.007940	0.005823	-0.021887	0.035332	-0.016246
	-0.029539	0.017802	0.013412	-0.014862	0.010360	-0.017848	0.041202	-0.023251
	-0.014512	0.010983	0.019013	-0.024783	0.016528	-0.013788	0.043765	-0.024541
	0.005637	-0.002444	0.019426	-0.035401	0.024425	-0.010058	0.043029	-0.021078
	0.024668	-0.018470	0.015459	-0.044053	0.033595	-0.007083	0.039479	-0.014396
	0.037319	-0.031853	0.008450	-0.048529	0.042940	-0.005259	0.033841	-0.005919
	0.040737	-0.037735	-0.000209	-0.047764	0.050843	-0.004805	0.026855	0.003482
	0.035099	-0.033220	-0.009396	-0.042165	0.055494	-0.005599	0.019126	0.013550
	0.023300	-0.018408	-0.018326	-0.033473	0.055348	-0.007107	0.011116	0.024361
	0.009868	0.003472	-0.026419	-0.024209	0.049605	-0.008454	0.003238	0.035855
	-0.000514	0.026908	-0.033064	-0.016872	0.038561	-0.008652	-0.003994	0.047439
	-0.004414	0.045699	-0.037434	-0.013175	0.023702	-0.006931	-0.009860	0.057841
	-0.000573	0.054804	-0.038487	-0.013545	0.007492	-0.003066	-0.013448	0.065330
	0.009885	0.051883	-0.035183	-0.017074	-0.007125	0.002420	-0.013815	0.068227
	0.023957	0.038030	-0.026867	-0.021906	-0.017410	0.008297	-0.010276	0.065514
	0.037760	0.017466	-0.013674	-0.025940	-0.021514	0.012918	-0.002721	0.057305
	0.047691	-0.003731	0.003198	-0.027578	-0.018994	0.014716	0.008146	0.044980
	0.051379	-0.019457	0.021516	-0.026277	-0.010993	0.012747	0.020747	0.030894
	0.048180	-0.025408	0.038349	-0.022700	-0.000024	0.007097	0.032828	0.017741
	0.039119	-0.020321	0.050691	-0.018421	0.010619	-0.001008	0.041864	0.007782
	0.026363	-0.006260	0.056186	-0.015291	0.017674	-0.009456	0.045613	0.002203
	0.012440	0.012143	0.053762	-0.014686	0.018759	-0.015821	0.042655	0.000816
	-0.000511	0.029213	0.043972	-0.016917	0.013010	-0.018099	0.032769	0.002217
	-0.011258	0.040034	0.028932	-0.021003	0.001351	-0.015345	0.017045	0.004342
	-0.019601	0.041938	0.011858	-0.024904	-0.013703	-0.008023	-0.002327	0.005220
	-0.026150	0.035207	-0.003679	-0.026142	-0.028659	0.002094	-0.022528	0.003659
	-0.031863	0.022793	-0.014591	-0.022607	-0.039935	0.012444	-0.040738	-0.000369
	-0.037538	0.009173	-0.018974	-0.013271	-0.044782	0.020468	-0.054727	-0.005783
	-0.043434	-0.001246	-0.016500	0.001410	-0.041992	0.024410	-0.063287	-0.010841
	-0.049149	-0.005630	-0.008408	0.019557	-0.032217	0.023851	-0.066380	-0.013824
	-0.053759	-0.003618	0.002880	0.038356	-0.017790	0.019788	-0.064972	-0.013694
	-0.056151	0.002674	0.014397	0.054813	-0.002110	0.014221	-0.060649	-0.010494
	-0.055417	0.009516	0.023359	0.066526	0.011250	0.009384	-0.055096	-0.005352
	-0.051176	0.012990	0.027781	0.072241	0.019464	0.006890	-0.049629	-0.000083
	-0.043709	0.010470	0.026859	0.072020	0.021159	0.007109	-0.044886	0.003432
	-0.033888	0.001637	0.021033	0.067010	0.016713	0.009004	-0.040762	0.003888
	-0.022935	-0.011326	0.011775	0.058923	0.008077	0.010524	-0.036573	0.000964
	-0.012103	-0.024431	0.001146	0.049435	-0.001831	0.009415	-0.031403	-0.004631
	-0.002385	-0.033233	-0.008721	0.039717	-0.009971	0.004176	-0.024481	-0.011475
	0.005657	-0.034370	-0.016106	0.030255	-0.014029	-0.005198	-0.015507	-0.017991
	0.011905	-0.026769	-0.020050	0.020985	-0.013037	-0.016978	-0.004804	-0.023012
	0.016565	-0.012101	-0.020495	0.011660	-0.007588	-0.028095	0.006721	-0.026149
	0.019957	0.005682	-0.018205	0.002260	0.000388	-0.035081	0.017794	-0.027819
	0.022323	0.021572	-0.014509	-0.006727	0.008228	-0.035241	0.027090	-0.028939
	0.023696	0.031088	-0.010910	-0.014308	0.013314	-0.027661	0.033555	-0.030414
	0.023891	0.031693	-0.008676	-0.019262	0.013822	-0.013684	0.036644	-0.032628
	0.022610	0.023572	-0.008480	-0.020607	0.009227	0.003360	0.036419	-0.035167
	0.019614	0.009517	-0.010206	-0.018073	0.000418	0.019120	0.033493	-0.036880
	0.014900	-0.006040	-0.012953	-0.012366	-0.010561	0.029579	0.028848	-0.036290
	0.008832	-0.018509	-0.015272	-0.005121	-0.021091	0.032373	0.023594	-0.032197
	0.002152	-0.024648	-0.015582	0.001502	-0.028671	0.027592	0.018725	-0.024248
	-0.004114	-0.023588	-0.012674	0.005436	-0.031554	0.017790	0.014948	-0.013249
	-0.008847	-0.017043	-0.006170	0.005357	-0.029143	0.007142	0.012593	-0.001067
	-0.011080	-0.008639	0.003216	0.001133	-0.022073	0.000034	0.011627	0.009870
	-0.010222	-0.002609	0.013700	-0.006105	-0.011966	-0.000476	0.011742	0.017315
	-0.006214	-0.002288	0.022797	-0.014281	-0.000979	0.006223	0.012478	0.019943
	0.000419	-0.008925	0.027941	-0.021013	0.008745	0.017989	0.013352	0.017817
	0.008647	-0.021210	0.027235	-0.024347	0.015541	0.030574	0.013955	0.012409
	0.017114	-0.035665	0.020093	-0.023348	0.018521	0.039027	0.014012	0.006132
	0.024381	-0.047772	0.007576	-0.018357	0.017637	0.039417	0.013397	0.001543
	0.029185	-0.053459	-0.007721	-0.010823	0.013548	0.030264	0.012116	0.000467
	0.030659	-0.050441	-0.022251	-0.002780	0.007345	0.013204	0.010275	0.003338
	0.028465	-0.038990	-0.032441	0.003838	0.000251	-0.007392	0.008041	0.009002
	0.022834	-0.021871	-0.035711	0.007824	-0.006640	-0.025733	0.005610	0.015050
	0.014490	-0.003478	-0.031281	0.009028	-0.012520	-0.036461	0.003185	0.018591
	0.004515	0.011539	-0.020506	0.008311	-0.016917	-0.036421	0.000967	0.017213
	-0.005844	0.019716	-0.006601	0.007126	-0.019657	-0.025762	-0.000854	0.009826
	-0.015359	0.019808	0.006222	0.006917	-0.020779	-0.007971	-0.002096	-0.002890
	-0.022976	0.013107	0.013954	0.008539	-0.020458	0.011174	-0.002606	-0.018586
	-0.027916	0.002952	0.014002	0.011924	-0.018930	0.025429	-0.002274	-0.033853
	-0.029735	-0.006391	0.006028	0.016119	-0.016456	0.030078	-0.001078	-0.045157
	-0.028337	-0.011091	-0.007866	0.019658	-0.013289	0.023440	0.000877	-0.049804
	-0.023975	-0.008934	-0.023682	0.021160	-0.009647	0.007396	0.003315	-0.046643
	-0.017241	0.000051	-0.036673	0.019886	-0.005686	-0.013244	0.005776	-0.036319
	-0.009043	0.013691	-0.042754	0.016078	-0.001481	-0.032331	0.007644	-0.021010
	-0.000563	0.028430	-0.039752	0.010919	0.002981	-0.044394	0.008230	-0.003791
	0.006841	0.040468	-0.028086	0.006127	0.007754	-0.046406	0.006923	0.012190
	0.011800	0.046907	-0.010677	0.003320	0.012858	-0.038723	0.003364	0.024434
	0.013163	0.046538	0.007931	0.003379	0.018188	-0.024884	-0.002375	0.031538
	0.010265	0.040048	0.022940	0.006038	0.023435	-0.010348	-0.009682	0.033271
	0.003174	0.029626	0.030755	0.009875	0.028070	-0.000613	-0.017405	0.030325
	-0.007176	0.018138	0.030055	0.012705	0.031415	0.000660	-0.024002	0.023900
	-0.019013	0.008184	0.022128	0.012285	0.032796	-0.007131	-0.027838	0.015286
	-0.029980	0.001341	0.010367	0.007076	0.031749	-0.021362	-0.027570	0.005609
	-0.037570	-0.002166	-0.000918	-0.003179	0.028201	-0.037111	-0.022541	-0.004224
	-0.039686	-0.003298	-0.007974	-0.017258	0.022570	-0.048860	-0.013061	-0.013397
	-0.035176	-0.003652	-0.008878	-0.032728	0.015717	-0.052381	-0.000482	-0.021021
	-0.024209	-0.004751	-0.004186	-0.046584	0.008762	-0.046153	0.012983	-0.026046
	-0.008356	-0.007433	0.003292	-0.056068	0.002787	-0.031833	0.024706	-0.027348
	0.009665	-0.011567	0.009510	-0.059406	-0.001472	-0.013628	0.032245	-0.024014
	0.026562	-0.016160	0.010684	-0.056232	-0.003841	0.003209	0.033959	-0.015705
	0.039212	-0.019793	0.004759	-0.047600	-0.004749	0.014230	0.029473	-0.002983
	0.045397	-0.021213	-0.007653	-0.035580	-0.005071	0.017344	0.019834	0.012577
	0.044332	-0.019835	-0.023217	-0.022610	-0.005799	0.013542	0.007296	0.028559
	0.036822	-0.015983	-0.036752	-0.010814	-0.007655	0.006520	-0.005241	0.042182
	0.025018	-0.010781	-0.042816	-0.001516	-0.010768	0.001344	-0.015004	0.050944
	0.011819	-0.005751	-0.037488	0.004922	-0.014554	0.002598	-0.020114	0.053260
	0.000101	-0.002262	-0.019800	0.008929	-0.017838	0.012656	-0.020132	0.048892
	-0.008011	-0.001061	0.007668	0.011303	-0.019214	0.030672	-0.016205	0.039026
	-0.011605	-0.002027	0.039256	0.012752	-0.017526	0.052646	-0.010736	0.025978
	-0.011072	-0.004268	0.067655	0.013551	-0.012314	0.072555	-0.006655	0.012590
	-0.007795	-0.006485	0.085882	0.013472	-0.004061	0.084216	-0.006489	0.001515
	-0.003565	-0.007486	0.089247	0.011977	0.005851	0.083250	-0.011484	-0.005417
	0.000072	-0.006644	0.076696	0.008600	0.015495	0.068543	-0.021074	-0.007554
	0.002321	-0.004122	0.051165	0.003338	0.022950	0.042720	-0.032864	-0.005446
	0.003320	-0.000792	0.018808	-0.003105	0.026882	0.011486	-0.043188	-0.000532
	0.003944	0.002131	-0.012649	-0.009365	0.026952	-0.017955	-0.048101	0.005353
	0.005320	0.003600	-0.035946	-0.013742	0.023905	-0.038902	-0.044549	0.010503
	0.008215	0.003202	-0.046147	-0.014728	0.019305	-0.046973	-0.031383	0.013725
	0.012559	0.001395	-0.041794	-0.011555	0.014973	-0.041205	-0.009900	0.014492
	0.017264	-0.000583	-0.025070	-0.004571	0.012340	-0.024134	0.016270	0.012865
	0.020468	-0.001124	-0.000983	0.004705	0.011913	-0.000904	0.041948	0.009276
	0.020112	0.001169	0.024135	0.013889	0.013069	0.022283	0.061665	0.004267
	0.014703	0.006910	0.044352	0.020335	0.014255	0.039861	0.071077	-0.001669
	0.003985	0.015579	0.055581	0.021863	0.013546	0.048259	0.068135	-0.008125
	-0.010721	0.025534	0.056387	0.017411	0.009384	0.046549	0.053678	-0.014676
	-0.026655	0.034396	0.047993	0.007409	0.001248	0.036302	0.031272	-0.020748
	-0.040243	0.039706	0.033594	-0.006230	-0.009997	0.020792	0.006305	-0.025542
	-0.048031	0.039657	0.017255	-0.020501	-0.022204	0.003890	-0.015407	-0.028096
	-0.047679	0.033667	0.002758	-0.032000	-0.032512	-0.010996	-0.029140	-0.027508
	-0.038692	0.022615	-0.007258	-0.037715	-0.038198	-0.021623	-0.032483	-0.023252
	-0.022660	0.008658	-0.011705	-0.035742	-0.037558	-0.027132	-0.025927	-0.015475
	-0.002922	-0.005319	-0.010955	-0.025743	-0.030512	-0.027844	-0.012643	-0.005140
	0.016280	-0.016467	-0.006409	-0.009063	-0.018734	-0.024819	0.002466	0.006063
	0.030898	-0.022707	0.000057	0.011523	-0.005225	-0.019402	0.014187	0.016065
	0.038129	-0.023242	0.006584	0.032353	0.006537	-0.012927	0.018481	0.022924
	0.037102	-0.018676	0.011611	0.049603	0.013613	-0.006632	0.013619	0.025348
	0.029016	-0.010747	0.013956	0.060037	0.014478	-0.001704	0.000650	0.023057
	0.016711	-0.001754	0.012771	0.061647	0.009443	0.000672	-0.016924	0.016865
	0.003801	0.006135	0.007497	0.054074	0.000522	-0.000589	-0.034163	0.008429
	-0.006352	0.011464	-0.002076	0.038722	-0.009245	-0.006199	-0.046092	-0.000245
	-0.011518	0.013811	-0.015648	0.018543	-0.016768	-0.016105	-0.049102	-0.007399
	-0.011092	0.013735	-0.032198	-0.002491	-0.019885	-0.029155	-0.041942	-0.012009
	-0.006078	0.012418	-0.049876	-0.020140	-0.018010	-0.043029	-0.026036	-0.014016
	0.001383	0.011110	-0.066125	-0.030759	-0.012252	-0.054566	-0.005049	-0.014210
	0.008780	0.010584	-0.078090	-0.032104	-0.004984	-0.060487	0.016159	-0.013828
	0.014015	0.010793	-0.083267	-0.023892	0.000995	-0.058348	0.032873	-0.014004
	0.015984	0.010835	-0.080222	-0.007979	0.003413	-0.047435	0.041785	-0.015271
	0.014781	0.009262	-0.069154	0.011948	0.001263	-0.029257	0.041807	-0.017303
	0.011507	0.004632	-0.052069	0.031125	-0.004893	-0.007423	0.034234	-0.018995
	0.007779	-0.003871	-0.032451	0.044798	-0.013155	0.013171	0.022229	-0.018858
	0.005124	-0.015953	-0.014465	0.049376	-0.020949	0.027650	0.009804	-0.015608
	0.004468	-0.030035	-0.001874	0.043391	-0.025874	0.032607	0.000619	-0.008723
	0.005865	-0.043471	0.003011	0.027969	-0.026442	0.027215	-0.003066	0.001221
	0.008542	-0.053141	0.000034	0.006678	-0.022453	0.013649	-0.000967	0.012566
	0.011204	-0.056255	-0.008703	-0.015276	-0.014914	-0.003403	0.005257	0.022963
	0.012487	-0.051170	-0.019382	-0.032324	-0.005539	-0.018027	0.012609	0.030014
	0.011394	-0.037969	-0.027547	-0.039948	0.003940	-0.024826	0.017746	0.031966
	0.007575	-0.018628	-0.029402	-0.035890	0.012378	-0.020584	0.018029	0.028227
	0.001397	0.003314	-0.022944	-0.020785	0.019515	-0.005355	0.012350	0.019547
	-0.006206	0.023526	-0.008596	0.001940	0.025841	0.017410	0.001462	0.007789
	-0.014020	0.037906	0.010856	0.026911	0.032104	0.041749	-0.012232	-0.004618
	-0.020869	0.043612	0.031025	0.048164	0.038669	0.060859	-0.025384	-0.015376
	-0.025869	0.039799	0.047147	0.060649	0.045013	0.069053	-0.034662	-0.022938
	-0.028556	0.027872	0.055417	0.061470	0.049588	0.063426	-0.037686	-0.026846
	-0.028893	0.011158	0.054042	0.050529	0.050178	0.044725	-0.033678	-0.027716
	-0.027174	-0.005941	0.043711	0.030417	0.044649	0.017168	-0.023641	-0.026871
	-0.023913	-0.019093	0.027363	0.005609	0.031855	-0.012736	-0.010050	-0.025785
	-0.019736	-0.025181	0.009317	-0.018777	0.012360	-0.037993	0.003852	-0.025527
	-0.015316	-0.023139	-0.005932	-0.038289	-0.011329	-0.053033	0.014917	-0.026406
	-0.011331	-0.014229	-0.014929	-0.050150	-0.035169	-0.055138	0.020883	-0.027927
	-0.008413	-0.001679	-0.016124	-0.053715	-0.054562	-0.045018	0.020863	-0.029053
	-0.007062	0.010238	-0.010166	-0.050294	-0.065638	-0.026389	0.015433	-0.028669
	-0.007527	0.017431	0.000425	-0.042470	-0.066433	-0.004730	0.006317	-0.026058
	-0.009670	0.017189	0.012065	-0.033167	-0.057557	0.014363	-0.004195	-0.021209
	-0.012885	0.008999	0.021157	-0.024785	-0.042101	0.026717	-0.013913	-0.014833
	-0.016133	-0.005260	0.025055	-0.018649	-0.024760	0.030583	-0.021289	-0.008087
	-0.018106	-0.021809	0.022709	-0.014904	-0.010411	0.026838	-0.025691	-0.002108
	-0.017539	-0.036023	0.014836	-0.012819	-0.002597	0.018395	-0.027362	0.002469
	-0.013572	-0.043749	0.003628	-0.011324	-0.002392	0.009080	-0.027108	0.005807
	-0.006069	-0.042509	-0.007882	-0.009564	-0.008043	0.002359	-0.025847	0.008859
	0.004215	-0.032220	-0.016595	-0.007253	-0.015536	0.000316	-0.024186	0.013022
	0.015713	-0.015232	-0.020049	-0.004734	-0.019930	0.003176	-0.022164	0.019566
	0.026362	0.004342	-0.016916	-0.002752	-0.017051	0.009461	-0.019254	0.029024
	0.034097	0.021815	-0.007195	-0.002074	-0.005010	0.016650	-0.014598	0.040775
	0.037390	0.033264	0.007861	-0.003125	0.014966	0.022100	-0.007405	0.052980
	0.035675	0.036626	0.026032	-0.005800	0.038682	0.023884	0.002625	0.062945
	0.029518	0.032220	0.044527	-0.009506	0.060096	0.021311	0.015015	0.067820
	0.020489	0.022536	0.060411	-0.013416	0.073084	0.014981	0.028438	0.065448
	0.010740	0.011367	0.071010	-0.016796	0.073327	0.006430	0.040919	0.055097
	0.002432	0.002562	0.074266	-0.019267	0.059727	-0.002470	0.050250	0.037831
	-0.002838	-0.001207	0.069034	-0.020870	0.034902	-0.010128	0.054521	0.016409
	-0.004442	0.000735	0.055300	-0.021915	0.004598	-0.015653	0.052625	-0.005323
	-0.002826	0.006909	0.034281	-0.022674	-0.023836	-0.018967	0.044590	-0.023354
	0.000677	0.014249	0.008373	-0.023072	-0.043442	-0.020604	0.031672	-0.034511
	0.004295	0.019193	-0.019106	-0.022517	-0.049556	-0.021319	0.016149	-0.037245
	0.006347	0.018937	-0.044371	-0.020004	-0.041044	-0.021680	0.000889	-0.031983
	0.005721	0.012447	-0.063791	-0.014457	-0.020540	-0.021783	-0.011230	-0.020950
	0.002155	0.000876	-0.074554	-0.005238	0.006361	-0.021211	-0.017919	-0.007507
	-0.003752	-0.012756	-0.075244	0.007404	0.032687	-0.019218	-0.017950	0.004776
	-0.010758	-0.024525	-0.066179	0.022108	0.051964	-0.015073	-0.011427	0.013060
	-0.017356	-0.030905	-0.049393	0.036547	0.059842	-0.008407	0.000217	0.015916
	-0.022161	-0.029965	-0.028245	0.047946	0.055025	0.000540	0.014489	0.013557
	-0.024213	-0.022083	-0.006720	0.053824	0.039311	0.010883	0.028315	0.007592
	-0.023109	-0.009905	0.011432	0.052746	0.016802	0.021257	0.038641	0.000395
	-0.018969	0.002439	0.023495	0.044815	-0.007403	0.030133	0.043040	-0.005705
	-0.012296	0.010646	0.028340	0.031722	-0.028596	0.036181	0.040211	-0.009144
	-0.003802	0.011638	0.026589	0.016328	-0.043532	0.038565	0.030265	-0.009553
	0.005714	0.004621	0.020350	0.001868	-0.050916	0.037097	0.014749	-0.007774
	0.015418	-0.008558	0.012592	-0.008957	-0.051255	0.032217	-0.003628	-0.005478
	0.024424	-0.023888	0.006341	-0.014709	-0.046236	0.024835	-0.021509	-0.004515
	0.031774	-0.036350	0.003891	-0.015538	-0.037916	0.016086	-0.035561	-0.006229
	0.036482	-0.041427	0.006240	-0.012984	-0.028023	0.007095	-0.043167	-0.010934
	0.037679	-0.036476	0.012881	-0.009338	-0.017601	-0.001217	-0.042999	-0.017738
	0.034852	-0.021558	0.021991	-0.006781	-0.007034	-0.008226	-0.035334	-0.024753
	0.028095	0.000547	0.030940	-0.006600	0.003612	-0.013619	-0.022025	-0.029638
	0.018281	0.025115	0.036992	-0.008744	0.014171	-0.017345	-0.006121	-0.030311
	0.007052	0.046823	0.038003	-0.011884	0.024074	-0.019534	0.008802	-0.025615
	-0.003448	0.061229	0.032946	-0.013925	0.032320	-0.020422	0.019449	-0.015743
	-0.011043	0.065950	0.022148	-0.012816	0.037738	-0.020280	0.023568	-0.002307
	-0.014115	0.061201	0.007200	-0.007345	0.039441	-0.019363	0.020471	0.011997
	-0.012130	0.049551	-0.009431	0.002338	0.037249	-0.017881	0.011181	0.024011
	-0.005928	0.035029	-0.024967	0.014672	0.031917	-0.015975	-0.001849	0.030883
	0.002356	0.021873	-0.036934	0.027104	0.025013	-0.013725	-0.015383	0.030778
	0.009747	0.013323	-0.043672	0.036848	0.018486	-0.011169	-0.026254	0.023344
	0.013194	0.010821	-0.044642	0.041711	0.014034	-0.008359	-0.032194	0.009826
	0.010431	0.013815	-0.040464	0.040727	0.012519	-0.005419	-0.032424	-0.007184
	0.000690	0.020169	-0.032697	0.034381	0.013624	-0.002590	-0.027821	-0.024309
	-0.014937	0.026994	-0.023415	0.024380	0.015922	-0.000241	-0.020620	-0.038114
	-0.033627	0.031590	-0.014694	0.013070	0.017336	0.001181	-0.013720	-0.045826
	-0.051432	0.032190	-0.008121	0.002718	0.015861	0.001260	-0.009779	-0.045890
	-0.064214	0.028303	-0.004461	-0.005104	0.010308	-0.000245	-0.010370	-0.038252
	-0.068663	0.020599	-0.003535	-0.009831	0.000805	-0.003290	-0.015434	-0.024312
	-0.063123	0.010441	-0.004369	-0.011841	-0.011118	-0.007482	-0.023219	-0.006585
	-0.048011	-0.000698	-0.005543	-0.012101	-0.022914	-0.012147	-0.030734	0.011853
	-0.025710	-0.011719	-0.005670	-0.011670	-0.031769	-0.016483	-0.034613	0.028002
	0.000011	-0.022097	-0.003863	-0.011279	-0.035465	-0.019787	-0.032157	0.039525
	0.024893	-0.031766	-0.000049	-0.011128	-0.033097	-0.021658	-0.022243	0.045157
	0.045141	-0.040778	0.004960	-0.010959	-0.025399	-0.022106	-0.005841	0.044881
	0.058193	-0.048912	0.009684	-0.010324	-0.014574	-0.021497	0.014050	0.039822
	0.063119	-0.055434	0.012420	-0.008918	-0.003676	-0.020352	0.033050	0.031908
	0.060581	-0.059131	0.011800	-0.006795	0.004262	-0.019046	0.046494	0.023372
	0.052415	-0.058635	0.007292	-0.004375	0.007083	-0.017543	0.050670	0.016215
	0.041002	-0.052920	-0.000534	-0.002243	0.004090	-0.015281	0.043892	0.011740
	0.028614	-0.041806	-0.010067	-0.000833	-0.003815	-0.011301	0.027065	0.010282
	0.016934	-0.026241	-0.019062	-0.000167	-0.014460	-0.004622	0.003610	0.011175
	0.006841	-0.008267	-0.025300	0.000209	-0.025080	0.005243	-0.021297	0.012974
	-0.001511	0.009369	-0.027289	0.001023	-0.033122	0.017798	-0.041957	0.013883
	-0.008426	0.023842	-0.024814	0.002880	-0.036929	0.031320	-0.053561	0.012275
	-0.014310	0.032911	-0.019106	0.005823	-0.036108	0.043015	-0.053404	0.007174
	-0.019386	0.035442	-0.012570	0.009070	-0.031510	0.049620	-0.041578	-0.001420
	-0.023558	0.031599	-0.008091	0.011100	-0.024841	0.048326	-0.020970	-0.012469
	-0.026462	0.022704	-0.008128	0.010120	-0.018078	0.037782	0.003453	-0.024110
	-0.027637	0.010807	-0.013832	0.004797	-0.012872	0.018849	0.025881	-0.034101
	-0.026758	-0.001857	-0.024515	-0.004994	-0.010121	-0.005204	0.041101	-0.040394
	-0.023811	-0.013356	-0.037630	-0.017718	-0.009824	-0.029209	0.045764	-0.041675
	-0.019154	-0.022359	-0.049344	-0.030272	-0.011215	-0.047267	0.039175	-0.037734
	-0.013452	-0.028191	-0.055565	-0.038688	-0.013113	-0.054314	0.023397	-0.029554
	-0.007504	-0.030703	-0.053141	-0.039307	-0.014334	-0.047627	0.002663	-0.019083
	-0.002057	-0.030068	-0.040885	-0.030069	-0.014045	-0.027833	-0.017725	-0.008755
	0.002347	-0.026624	-0.020104	-0.011499	-0.011960	0.000969	-0.032735	-0.000871
	0.005419	-0.020840	0.005574	0.013023	-0.008338	0.032070	-0.038811	0.002991
	0.007081	-0.013404	0.031038	0.037867	-0.003839	0.057842	-0.034674	0.002375
	0.007365	-0.005334	0.051012	0.056576	0.000709	0.071800	-0.021511	-0.001945
	0.006306	0.001986	0.061471	0.063689	0.004538	0.070455	-0.002549	-0.008181
	0.003902	0.006960	0.060753	0.056454	0.007099	0.054389	0.017844	-0.014011
	0.000162	0.008127	0.050043	0.035852	0.008140	0.028197	0.035293	-0.017187
	-0.004772	0.004632	0.033065	0.006558	0.007711	-0.000744	0.046464	-0.016121
	-0.010497	-0.003361	0.015067	-0.024210	0.006119	-0.024351	0.049787	-0.010284
	-0.016263	-0.014482	0.001379	-0.048668	0.003877	-0.036170	0.045685	-0.000340
	-0.021020	-0.026353	-0.004043	-0.060686	0.001638	-0.033278	0.036296	0.012029
	-0.023606	-0.036150	0.000321	-0.057581	0.000126	-0.017170	0.024788	0.024524
	-0.023043	-0.041422	0.013199	-0.040917	0.000018	0.006665	0.014487	0.034764
	-0.018860	-0.040893	0.030959	-0.016039	0.001804	0.030358	0.008032	0.040805
	-0.011333	-0.034963	0.048691	0.009529	0.005615	0.046023	0.006789	0.041531
	-0.001542	-0.025686	0.061620	0.028337	0.011080	0.048148	0.010620	0.036841
	0.008803	-0.016172	0.066440	0.035226	0.017290	0.035298	0.018043	0.027618
	0.017745	-0.009545	0.062177	0.028821	0.022898	0.010616	0.026702	0.015510
	0.023579	-0.007786	0.050366	0.011841	0.026403	-0.019058	0.033989	0.002594
	0.025328	-0.010850	0.034504	-0.009856	0.026547	-0.045170	0.037667	-0.008995
	0.023044	-0.016420	0.018965	-0.029166	0.022746	-0.059710	0.036331	-0.017414
	0.017834	-0.020438	0.007713	-0.039977	0.015400	-0.058890	0.029643	-0.021391
	0.011581	-0.018335	0.003185	-0.039024	0.005975	-0.041742	0.018308	-0.020410
	0.006427	-0.006604	0.005657	-0.026801	-0.003233	-0.012991	0.003849	-0.014791
	0.004156	0.015786	0.013256	-0.007275	-0.009617	0.019608	-0.011744	-0.005667
	0.005660	0.046616	0.022578	0.013482	-0.010940	0.047208	-0.026391	0.005166
	0.010644	0.080623	0.029729	0.029258	-0.006005	0.062371	-0.038253	0.015505
	0.017675	0.110696	0.031464	0.035629	0.004912	0.061146	-0.045967	0.023112
	0.024555	0.129781	0.026114	0.031226	0.020008	0.044106	-0.048789	0.026142
	0.028938	0.132925	0.014051	0.017994	0.036330	0.016090	-0.046625	0.023559
	0.029000	0.118841	-0.002414	0.000382	0.050502	-0.015239	-0.040011	0.015442
	0.023974	0.090474	-0.019654	-0.016188	0.059610	-0.041590	-0.030019	0.003082
	0.014392	0.054334	-0.033681	-0.027070	0.061977	-0.056318	-0.018121	-0.011192
	0.001966	0.018755	-0.041182	-0.029762	0.057608	-0.056160	-0.006007	-0.024471
	-0.010868	-0.008423	-0.040371	-0.024494	0.048159	-0.041953	0.004644	-0.033905
	-0.021604	-0.022072	-0.031436	-0.013899	0.036424	-0.018202	0.012409	-0.037407
	-0.028320	-0.021196	-0.016519	-0.001933	0.025504	0.008316	0.016362	-0.034206
	-0.030170	-0.009122	0.000794	0.007526	0.017890	0.030479	0.016242	-0.025095
	-0.027535	0.007612	0.016301	0.011930	0.014753	0.042706	0.012515	-0.012278
	-0.021839	0.021331	0.026158	0.010735	0.015645	0.042305	0.006288	0.001189
	-0.015054	0.025628	0.027767	0.005353	0.018695	0.029960	-0.000919	0.012211
	-0.009074	0.017346	0.020372	-0.001566	0.021236	0.009306	-0.007508	0.018506
	-0.005141	-0.002465	0.005245	-0.007189	0.020659	-0.014217	-0.012157	0.019250
	-0.003486	-0.028907	-0.014598	-0.009506	0.015225	-0.034866	-0.014121	0.015302
	-0.003309	-0.054786	-0.035074	-0.007935	0.004589	-0.048037	-0.013374	0.008928
	-0.003081	-0.072850	-0.051973	-0.003345	-0.010107	-0.051282	-0.010580	0.003095
	-0.001088	-0.078009	-0.061939	0.002446	-0.026578	-0.044719	-0.006865	0.000530
	0.003957	-0.068847	-0.063267	0.007462	-0.042052	-0.030785	-0.003491	0.002832
	0.012414	-0.047967	-0.056315	0.010328	-0.054010	-0.013487	-0.001491	0.009924
	0.023483	-0.021092	-0.043423	0.010704	-0.060780	0.002634	-0.001403	0.020014
	0.035308	0.004761	-0.028319	0.009255	-0.061819	0.013563	-0.003154	0.030102
	0.045390	0.023437	-0.015166	0.007216	-0.057650	0.016663	-0.006144	0.036882
	0.051197	0.031446	-0.007449	0.005754	-0.049500	0.011190	-0.009479	0.037753
	0.050810	0.028849	-0.007023	0.005418	-0.038843	-0.001606	-0.012275	0.031638
	0.043420	0.019001	-0.013567	0.005913	-0.027004	-0.018775	-0.013935	0.019323
	0.029557	0.007259	-0.024626	0.006288	-0.014974	-0.036282	-0.014296	0.003227
	0.011005	-0.000870	-0.036270	0.005463	-0.003476	-0.049831	-0.013613	-0.013332
	-0.009580	-0.001551	-0.044198	0.002851	0.006806	-0.055756	-0.012374	-0.027150
	-0.029215	0.006181	-0.045011	-0.001193	0.014981	-0.051822	-0.011044	-0.036080
	-0.045187	0.020194	-0.037285	-0.005315	0.019849	-0.037780	-0.009821	-0.039609
	-0.055529	0.036026	-0.022110	-0.007579	0.020060	-0.015541	-0.008502	-0.038889
	-0.059312	0.048353	-0.002926	-0.006205	0.014516	0.011113	-0.006538	-0.036199
	-0.056683	0.052669	0.015358	-0.000379	0.002915	0.037256	-0.003245	-0.034048
	-0.048711	0.046623	0.027718	0.009206	-0.013797	0.057882	0.001880	-0.034219
	-0.037080	0.030627	0.030486	0.020315	-0.033250	0.069065	0.008852	-0.037089
	-0.023738	0.007593	0.022481	0.029723	-0.051917	0.068941	0.017029	-0.041463
	-0.010583	-0.018049	0.005476	0.034209	-0.065803	0.058248	0.025144	-0.044987
	0.000790	-0.041687	-0.016172	0.031670	-0.071428	0.040214	0.031562	-0.045008
	0.009239	-0.059758	-0.036660	0.021970	-0.066811	0.019795	0.034702	-0.039569
	0.014143	-0.070511	-0.050304	0.007204	-0.052164	0.002407	0.033483	-0.028208
	0.015418	-0.074109	-0.053119	-0.008775	-0.030041	-0.007537	0.027686	-0.012267
	0.013490	-0.072132	-0.043914	-0.021435	-0.004850	-0.007862	0.018075	0.005418
	0.009213	-0.066735	-0.024621	-0.026958	0.018181	0.000708	0.006260	0.021339
	0.003750	-0.059812	0.000275	-0.023476	0.034303	0.014699	-0.005685	0.032400
	-0.001617	-0.052461	0.025003	-0.011756	0.040452	0.028841	-0.015738	0.036880
	-0.005733	-0.044920	0.044108	0.004920	0.036008	0.037582	-0.022424	0.034955
	-0.007832	-0.036913	0.053899	0.021653	0.022887	0.036748	-0.025142	0.028587
	-0.007762	-0.028226	0.053343	0.033370	0.004932	0.024850	-0.024249	0.020815
	-0.006091	-0.019194	0.044144	0.036334	-0.013209	0.003656	-0.020855	0.014686
	-0.004031	-0.010888	0.030046	0.029290	-0.027365	-0.022182	-0.016438	0.012187
	-0.003158	-0.004871	0.015603	0.013860	-0.034920	-0.046354	-0.012381	0.013571
	-0.004969	-0.002614	0.004822	-0.005905	-0.035351	-0.062635	-0.009592	0.017293
	-0.010359	-0.004797	0.000111	-0.024694	-0.030106	-0.066641	-0.008314	0.020618
	-0.019195	-0.010792	0.001828	-0.037460	-0.021876	-0.057081	-0.008174	0.020689
	-0.030096	-0.018574	0.008523	-0.040840	-0.013552	-0.036143	-0.008426	0.015693
	-0.040564	-0.025165	0.017715	-0.034054	-0.007200	-0.008890	-0.008293	0.005700
	-0.047462	-0.027489	0.026907	-0.019057	-0.003421	0.018148	-0.007279	-0.007117
	-0.047771	-0.023401	0.034446	0.000080	-0.001284	0.038767	-0.005330	-0.019019
	-0.039449	-0.012508	0.039930	0.018341	0.001154	0.048750	-0.002807	-0.025835
	-0.022149	0.003513	0.044056	0.031108	0.005948	0.046900	-0.000278	-0.024346
	0.002409	0.021258	0.047994	0.035321	0.014316	0.035190	0.001769	-0.013467
	0.030574	0.036530	0.052570	0.030125	0.025984	0.017984	0.003186	0.005179
	0.057428	0.045609	0.057596	0.016913	0.039093	0.000639	0.004278	0.027516
	0.077840	0.046432	0.061650	-0.001203	0.050704	-0.012107	0.005726	0.048040
	0.087683	0.039323	0.062415	-0.020268	0.057767	-0.017448	0.008329	0.061349
	0.084881	0.026989	0.057498	-0.036443	0.058218	-0.015164	0.012666	0.063676
	0.070024	0.013773	0.045423	-0.046789	0.051825	-0.007444	0.018794	0.054002
	0.046335	0.004356	0.026463	-0.049745	0.040480	0.001997	0.026098	0.034361
	0.018999	0.002318	0.002934	-0.045225	0.027778	0.009214	0.033374	0.009285
	-0.006035	0.008995	-0.021181	-0.034430	0.017995	0.011297	0.039121	-0.015467
	-0.023452	0.023000	-0.041229	-0.019468	0.014754	0.007229	0.041964	-0.034484
	-0.029837	0.040567	-0.053212	-0.002923	0.019802	-0.001910	0.041070	-0.044120
	-0.024479	0.056635	-0.055020	0.012568	0.032295	-0.013406	0.036424	-0.043326
	-0.009493	0.066336	-0.047159	0.024671	0.048853	-0.023859	0.028857	-0.033689
	0.010754	0.066448	-0.032704	0.031651	0.064399	-0.030274	0.019832	-0.018710
	0.030767	0.056375	-0.016451	0.032614	0.073573	-0.030959	0.011025	-0.002591
	0.045306	0.038358	-0.003503	0.027671	0.072303	-0.025940	0.003858	0.011053
	0.050651	0.016861	0.002276	0.017973	0.059071	-0.016821	-0.000890	0.020151
	0.045454	-0.002693	-0.000537	0.005584	0.035477	-0.006155	-0.003252	0.024524
	0.030946	-0.015435	-0.010461	-0.006860	0.005928	0.003418	-0.003992	0.025559
	0.010497	-0.018401	-0.023544	-0.016678	-0.023486	0.009984	-0.004295	0.025383
	-0.011337	-0.011311	-0.034584	-0.021745	-0.046608	0.012854	-0.005339	0.025851
	-0.030006	0.003413	-0.038766	-0.021040	-0.058862	0.012611	-0.007887	0.027732
	-0.042072	0.021375	-0.033224	-0.014960	-0.058467	0.010735	-0.012032	0.030354
	-0.045947	0.037446	-0.018033	-0.005276	-0.046864	0.008947	-0.017173	0.031853
	-0.042105	0.047140	0.003656	0.005290	-0.028261	0.008523	-0.022214	0.029880
	-0.032749	0.047755	0.026415	0.013774	-0.008424	0.009815	-0.025911	0.022544
	-0.021073	0.038958	0.044023	0.017784	0.006914	0.012126	-0.027255	0.009220
	-0.010345	0.022711	0.051211	0.016165	0.013577	0.013971	-0.025763	-0.009041
	-0.003076	0.002598	0.045165	0.009308	0.009981	0.013635	-0.021600	-0.029659
	-0.000484	-0.017215	0.026350	-0.000996	-0.002603	0.009826	-0.015503	-0.049172
	-0.002365	-0.033062	-0.001555	-0.012126	-0.020579	0.002218	-0.008562	-0.064178
	-0.007353	-0.042621	-0.032598	-0.021440	-0.039167	-0.008303	-0.001943	-0.072247
	-0.013454	-0.045302	-0.060071	-0.027065	-0.053805	-0.019761	0.003353	-0.072531
	-0.018665	-0.042137	-0.078191	-0.028411	-0.061384	-0.029554	0.006633	-0.065879
	-0.021501	-0.035258	-0.083489	-0.026238	-0.060992	-0.035125	0.007528	-0.054447
	-0.021292	-0.027168	-0.075558	-0.022266	-0.053968	-0.034657	0.005926	-0.040966
	-0.018198	-0.020031	-0.056988	-0.018467	-0.043311	-0.027593	0.001893	-0.027914
	-0.012995	-0.015174	-0.032577	-0.016292	-0.032641	-0.014840	-0.004368	-0.016877
	-0.006723	-0.012922	-0.008038	-0.016112	-0.025048	0.001389	-0.012467	-0.008293
	-0.000340	-0.012739	0.011424	-0.017064	-0.022174	0.018069	-0.021726	-0.001612
	0.005520	-0.013602	0.022308	-0.017367	-0.023774	0.032053	-0.031078	0.004205
	0.010621	-0.014432	0.023524	-0.014992	-0.027866	0.040799	-0.039056	0.010077
	0.015035	-0.014456	0.016465	-0.008450	-0.031384	0.042943	-0.043942	0.016322
	0.018962	-0.013374	0.004493	0.002578	-0.031142	0.038595	-0.044089	0.022472
	0.022535	-0.011332	-0.008011	0.016998	-0.024801	0.029260	-0.038362	0.027463
	0.025688	-0.008728	-0.016775	0.032538	-0.011577	0.017437	-0.026574	0.030098
	0.028153	-0.005968	-0.018676	0.046369	0.007485	0.005957	-0.009773	0.029608
	0.029541	-0.003259	-0.012473	0.055924	0.029739	-0.002744	0.009751	0.026079
	0.029508	-0.000542	0.000916	0.059611	0.051571	-0.007254	0.028808	0.020566
	0.027893	0.002430	0.018645	0.057209	0.069246	-0.007523	0.043941	0.014827
	0.024794	0.005893	0.036612	0.049814	0.079761	-0.004832	0.052228	0.010760
	0.020545	0.009849	0.050428	0.039388	0.081480	-0.001367	0.052036	0.009725
	0.015594	0.013914	0.056472	0.028093	0.074414	0.000488	0.043509	0.011994
	0.010351	0.017304	0.052803	0.017660	0.060126	-0.001044	0.028642	0.016543
	0.005045	0.018997	0.039702	0.009005	0.041308	-0.006466	0.010875	0.021269
	-0.000316	0.018034	0.019712	0.002225	0.021159	-0.014703	-0.005689	0.023603
	-0.005894	0.013853	-0.002873	-0.003093	0.002730	-0.023283	-0.017265	0.021331
	-0.011858	0.006562	-0.022991	-0.007386	-0.011631	-0.028990	-0.021303	0.013353
	-0.018196	-0.002966	-0.036035	-0.010718	-0.020623	-0.028858	-0.017093	0.000155
	-0.024564	-0.013223	-0.039035	-0.012626	-0.024097	-0.021199	-0.005916	-0.016193
	-0.030243	-0.022401	-0.031485	-0.012331	-0.022918	-0.006374	0.009319	-0.032513
	-0.034244	-0.028849	-0.015558	-0.009209	-0.018661	0.012990	0.024828	-0.045344
	-0.035558	-0.031525	0.004372	-0.003334	-0.013209	0.032457	0.036894	-0.051879
	-0.033470	-0.030288	0.022840	0.004161	-0.008352	0.046853	0.042749	-0.050712
	-0.027855	-0.025947	0.034734	0.011120	-0.005444	0.051692	0.041168	-0.042211
	-0.019360	-0.020021	0.036707	0.014851	-0.005183	0.044550	0.032649	-0.028373
	-0.009397	-0.014288	0.028137	0.012952	-0.007542	0.025974	0.019150	-0.012254
	0.000080	-0.010234	0.011341	0.004221	-0.011842	-0.000404	0.003512	0.002875
	0.006960	-0.008583	-0.009046	-0.010702	-0.016956	-0.028642	-0.011285	0.014372
	0.009433	-0.009063	-0.027380	-0.029223	-0.021590	-0.051989	-0.022795	0.020817
	0.006427	-0.010485	-0.038633	-0.047315	-0.024596	-0.064716	-0.029576	0.022210
	-0.002115	-0.011129	-0.039858	-0.060587	-0.025245	-0.063748	-0.031345	0.019739
	-0.015161	-0.009333	-0.031037	-0.065562	-0.023396	-0.049599	-0.028847	0.015215
	-0.030752	-0.004107	-0.015047	-0.060776	-0.019532	-0.026306	-0.023513	0.010408
	-0.046356	0.004440	0.003266	-0.047304	-0.014637	-0.000322	-0.017025	0.006483
	-0.059320	0.014993	0.018624	-0.028509	-0.009946	0.021310	-0.010932	0.003731
	-0.067341	0.025305	0.026992	-0.009064	-0.006610	0.032992	-0.006381	0.001667
	-0.068836	0.032801	0.026836	0.006474	-0.005381	0.032195	-0.004006	-0.000579
	-0.063171	0.035321	0.019577	0.015068	-0.006365	0.020163	-0.003935	-0.003724
	-0.014901	0.040303	0.076555	0.021168	-0.008177	0.050732	-0.007455	0.013648
	-0.004579	0.032731	0.064600	0.020412	-0.020706	0.055101	-0.011224	0.022550
	0.011411	0.022445	0.048869	0.018566	-0.036186	0.049882	-0.013703	0.032052
	0.027826	0.010935	0.030423	0.015469	-0.051378	0.034207	-0.015177	0.039321
	0.039026	0.000262	0.010905	0.011320	-0.062360	0.010264	-0.016298	0.041924
	0.040799	-0.007472	-0.007591	0.006559	-0.065739	-0.017303	-0.017781	0.038495
	0.031729	-0.010710	-0.022841	0.001655	-0.059725	-0.042756	-0.020096	0.029085
	0.013659	-0.008901	-0.032927	-0.003090	-0.044755	-0.060953	-0.023283	0.015101
	-0.008899	-0.002686	-0.036685	-0.007611	-0.023430	-0.068791	-0.026934	-0.001129
	-0.030183	0.006277	-0.034007	-0.011971	0.000183	-0.065969	-0.030335	-0.017029
	-0.044978	0.015789	-0.025933	-0.016132	0.021666	-0.054845	-0.032715	-0.030447
	-0.050174	0.023750	-0.014470	-0.019719	0.037440	-0.039502	-0.033502	-0.040140
	-0.045605	0.028750	-0.002206	-0.021918	0.045655	-0.024359	-0.032503	-0.045914
	-0.033919	0.030426	0.008194	-0.021611	0.046533	-0.012835	-0.029952	-0.048414
	-0.019541	0.029456	0.014491	-0.017738	0.042083	-0.006478	-0.026421	-0.048671
	-0.007132	0.027199	0.015258	-0.009786	0.035305	-0.004820	-0.022623	-0.047590
	-0.000054	0.025110	0.010087	0.001785	0.029172	-0.005937	-0.019186	-0.045570
	0.000625	0.024120	-0.000409	0.015382	0.025689	-0.007434	-0.016456	-0.042394
	-0.003698	0.024220	-0.014748	0.028502	0.025339	-0.007465	-0.014386	-0.037427
	-0.009857	0.024400	-0.030845	0.038336	0.027040	-0.005404	-0.012537	-0.030014
	-0.014185	0.022977	-0.046335	0.042598	0.028621	-0.001927	-0.010186	-0.019923
	-0.013892	0.018221	-0.058888	0.040308	0.027623	0.001473	-0.006511	-0.007650
	-0.008068	0.009075	-0.066513	0.032253	0.022183	0.003314	-0.000802	0.005561
	0.002025	-0.004289	-0.067829	0.020903	0.011716	0.002929	0.007325	0.017995
	0.013462	-0.020268	-0.062274	0.009773	-0.002787	0.000912	0.017777	0.027952
	0.022739	-0.036102	-0.050249	0.002353	-0.018932	-0.001011	0.029901	0.034262
	0.027048	-0.048533	-0.033130	0.000960	-0.033493	-0.000643	0.042509	0.036649
	0.025268	-0.054700	-0.013141	0.005873	-0.043221	0.003728	0.054009	0.035770
	0.018336	-0.052972	0.006950	0.015069	-0.045667	0.012462	0.062647	0.032942
	0.008872	-0.043476	0.024280	0.024708	-0.039808	0.024143	0.066816	0.029616
	0.000218	-0.028132	0.036398	0.030248	-0.026329	0.035809	0.065405	0.026816
	-0.004758	-0.010188	0.041749	0.027892	-0.007514	0.043814	0.058090	0.024746
	-0.004653	0.006630	0.039985	0.015895	0.013224	0.045040	0.045505	0.022745
	0.000031	0.019095	0.032032	-0.004675	0.032046	0.038058	0.029229	0.019604
	0.007148	0.025298	0.019869	-0.030017	0.045463	0.023792	0.011551	0.014179
	0.013766	0.025070	0.006076	-0.054526	0.051031	0.005441	-0.004952	0.006034
	0.017284	0.019881	-0.006754	-0.072314	0.047814	-0.012386	-0.017932	-0.004102
	0.016422	0.012276	-0.016568	-0.078891	0.036532	-0.025062	-0.025779	-0.014300
	0.011695	0.005014	-0.022230	-0.072480	0.019387	-0.029407	-0.027955	-0.021883
	0.005227	0.000194	-0.023641	-0.054573	-0.000417	-0.024750	-0.025087	-0.024249
	-0.000049	-0.001377	-0.021581	-0.029549	-0.019340	-0.013208	-0.018745	-0.019826
	-0.001491	-0.000361	-0.017345	-0.003466	-0.034222	0.000937	-0.010995	-0.008826
	0.002231	0.001401	-0.012313	0.017613	-0.042909	0.012579	-0.003821	0.006506
	0.010583	0.001575	-0.007582	0.029248	-0.044644	0.017431	0.001395	0.022280
	0.021264	-0.001817	-0.003774	0.029733	-0.040126	0.013431	0.004195	0.033945
	0.030950	-0.009658	-0.001044	0.020380	-0.031244	0.001454	0.005053	0.037602
	0.036401	-0.021327	0.000749	0.004927	-0.020533	-0.014912	0.005098	0.031258
	0.035562	-0.034759	0.001811	-0.011697	-0.010498	-0.030465	0.005625	0.015616
	0.028278	-0.046957	0.002244	-0.024858	-0.002987	-0.040019	0.007578	-0.005887
	0.016365	-0.054804	0.002006	-0.031470	0.001220	-0.040030	0.011179	-0.027858
	0.003032	-0.055956	0.001015	-0.030669	0.002494	-0.029727	0.015823	-0.044355
	-0.008152	-0.049540	-0.000652	-0.023744	0.002087	-0.011360	0.020286	-0.050551
	-0.014387	-0.036469	-0.002582	-0.013420	0.001598	0.010486	0.023161	-0.044138
	-0.014490	-0.019285	-0.003979	-0.002783	0.002348	0.030284	0.023357	-0.026094
	-0.009196	-0.001574	-0.003813	0.005758	0.004863	0.043231	0.020494	-0.000524
	-0.000828	0.012891	-0.001146	0.011135	0.008644	0.046636	0.015018	0.026360
	0.007516	0.021046	0.004459	0.013719	0.012308	0.040618	0.008026	0.047855
	0.012960	0.021233	0.012596	0.014860	0.014058	0.027915	0.000825	0.058509
	0.013693	0.013535	0.021887	0.016091	0.012344	0.012880	-0.005568	0.055504
	0.009396	-0.000326	0.030173	0.018316	0.006482	0.000033	-0.010817	0.039282
	0.001137	-0.017474	0.034989	0.021294	-0.002979	-0.007374	-0.015364	0.013286
	-0.009161	-0.034602	0.034244	0.023613	-0.014288	-0.008301	-0.020191	-0.017090
	-0.019448	-0.048733	0.026877	0.023183	-0.024922	-0.004115	-0.026307	-0.045980
	-0.028184	-0.057822	0.013306	0.018059	-0.032302	0.002026	-0.034153	-0.068517
	-0.034660	-0.061052	-0.004500	0.007308	-0.034559	0.006347	-0.043172	-0.081868
	-0.038930	-0.058794	-0.023384	-0.008383	-0.031106	0.005795	-0.051720	-0.085575
	-0.041428	-0.052259	-0.039696	-0.026606	-0.022820	-0.000901	-0.057433	-0.081175
	-0.042492	-0.042999	-0.050167	-0.043691	-0.011765	-0.012790	-0.057936	-0.071317
	-0.042019	-0.032401	-0.052698	-0.055616	-0.000558	-0.026999	-0.051712	-0.058699
	-0.039441	-0.021335	-0.046857	-0.059102	0.008424	-0.039676	-0.038796	-0.045233
	-0.034030	-0.010055	-0.033950	-0.052573	0.013721	-0.047236	-0.021042	-0.031674
	-0.025410	0.001642	-0.016673	-0.036700	0.015118	-0.047524	-0.001824	-0.017815
	-0.014041	0.014078	0.001554	-0.014355	0.013537	-0.040504	0.014818	-0.003103
	-0.001417	0.027296	0.017371	0.009997	0.010528	-0.028286	0.025318	0.012610
	0.010153	0.040765	0.028167	0.031339	0.007562	-0.014464	0.027681	0.028497
	0.018175	0.053295	0.032512	0.045264	0.005408	-0.003009	0.022169	0.042640
	0.020809	0.063214	0.030277	0.049005	0.003831	0.002956	0.011309	0.052435
	0.017606	0.068762	0.022458	0.042051	0.001737	0.002110	-0.000793	0.055396
	0.009833	0.068592	0.010820	0.026237	-0.002263	-0.004664	-0.009667	0.050096
	0.000213	0.062224	-0.002501	0.005310	-0.009086	-0.014540	-0.011848	0.036875
	-0.007902	0.050298	-0.015355	-0.015915	-0.018504	-0.023586	-0.005962	0.018045
	-0.011677	0.034550	-0.025807	-0.032595	-0.028846	-0.027926	0.006819	-0.002526
	-0.009869	0.017480	-0.032286	-0.040864	-0.037253	-0.024873	0.023122	-0.020370
	-0.003417	0.001822	-0.033679	-0.038608	-0.040439	-0.013724	0.038412	-0.031622
	0.004710	-0.010054	-0.029433	-0.025848	-0.035764	0.004002	0.048415	-0.034099
	0.010434	-0.016633	-0.019686	-0.004699	-0.022248	0.024949	0.050443	-0.027897
	0.009999	-0.017505	-0.005377	0.021086	-0.001171	0.044786	0.044228	-0.015315
	0.001449	-0.013318	0.011715	0.046879	0.023987	0.059320	0.031957	-0.000102
	-0.014366	-0.005466	0.029115	0.068091	0.048313	0.065549	0.017519	0.013716
	-0.033663	0.004384	0.044000	0.081066	0.066733	0.062379	0.005201	0.023068
	-0.050604	0.014741	0.053738	0.083772	0.075412	0.050841	-0.001736	0.026730
	-0.058963	0.024602	0.056493	0.076159	0.072842	0.033771	-0.002131	0.025583
	-0.054112	0.033523	0.051746	0.060106	0.060268	0.015070	0.002707	0.022180
	-0.034666	0.041447	0.040544	0.038959	0.041294	-0.001266	0.009463	0.019749
	-0.003243	0.048402	0.025372	0.016769	0.020783	-0.012068	0.013949	0.020997
	0.033969	0.054180	0.009636	-0.002612	0.003407	-0.015671	0.012547	0.027097
	0.068778	0.058162	-0.003137	-0.016355	-0.007700	-0.012171	0.003477	0.037226
	0.093238	0.059380	-0.010158	-0.023208	-0.011750	-0.003258	-0.012520	0.048776
	0.101914	0.056789	-0.010068	-0.023642	-0.010307	0.008330	-0.032305	0.058206
	0.093463	0.049699	-0.003246	-0.019548	-0.006514	0.019550	-0.051234	0.062210
	0.071019	0.038177	0.008351	-0.013593	-0.003818	0.027797	-0.064523	0.058839
	0.041255	0.023275	0.021765	-0.008402	-0.004634	0.031480	-0.068654	0.048172
	0.012391	0.006966	0.033862	-0.005815	-0.009421	0.030269	-0.062379	0.032336
	-0.008229	-0.008233	0.042138	-0.006422	-0.016496	0.025019	-0.047022	0.014835
	-0.016251	-0.019858	0.045292	-0.009509	-0.022656	0.017384	-0.026014	-0.000557
	-0.011468	-0.026142	0.043379	-0.013413	-0.024395	0.009277	-0.003843	-0.010982
	0.002335	-0.026507	0.037567	-0.016156	-0.019280	0.002322	0.015230	-0.015363
	0.018753	-0.021735	0.029582	-0.016151	-0.007016	-0.002546	0.028263	-0.014656
	0.030902	-0.013768	0.021067	-0.012736	0.010211	-0.005237	0.034231	-0.011404
	0.033631	-0.005165	0.013081	-0.006378	0.028258	-0.006392	0.033973	-0.008753
	0.025098	0.001599	0.005880	0.001511	0.042257	-0.007060	0.029580	-0.009271
	0.007237	0.004796	-0.000959	0.009064	0.048165	-0.008283	0.023487	-0.013973
	-0.014994	0.003863	-0.008158	0.014577	0.044109	-0.010723	0.017617	-0.021898
	-0.035311	-0.000542	-0.016284	0.017025	0.031069	-0.014456	0.012863	-0.030400
	-0.048142	-0.006850	-0.025394	0.016299	0.012646	-0.018979	0.009052	-0.036049
	-0.050357	-0.013134	-0.034925	0.013098	-0.006023	-0.023430	0.005371	-0.035872
	-0.042130	-0.017732	-0.043863	0.008528	-0.019855	-0.026924	0.001018	-0.028489
	-0.026701	-0.019720	-0.051111	0.003587	-0.025406	-0.028888	-0.004187	-0.014774
	-0.009162	-0.019106	-0.055886	-0.001249	-0.021922	-0.029272	-0.009500	0.002209
	0.005273	-0.016713	-0.057986	-0.006167	-0.011513	-0.028556	-0.013398	0.018004
	0.012925	-0.013801	-0.057810	-0.011822	0.001594	-0.027552	-0.014107	0.028049
	0.012688	-0.011610	-0.056117	-0.018862	0.012484	-0.027072	-0.010348	0.029055
	0.006133	-0.010966	-0.053629	-0.027396	0.017173	-0.027572	-0.001989	0.020055
	-0.003289	-0.012103	-0.050663	-0.036616	0.013883	-0.028920	0.009635	0.002763
	-0.011628	-0.014732	-0.046954	-0.044776	0.003551	-0.030366	0.021897	-0.018837
	-0.015867	-0.018293	-0.041775	-0.049602	-0.010586	-0.030755	0.031510	-0.039581
	-0.014920	-0.022286	-0.034350	-0.049020	-0.024168	-0.028918	0.035442	-0.054530
	-0.009853	-0.026500	-0.024388	-0.041974	-0.033243	-0.024109	0.031818	-0.060291
	-0.003305	-0.031063	-0.012536	-0.029024	-0.035620	-0.016347	0.020529	-0.055839
	0.001657	-0.036281	-0.000527	-0.012474	-0.031591	-0.006533	0.003359	-0.042652
	0.002774	-0.042338	0.009104	0.004089	-0.023770	0.003721	-0.016428	-0.024124
	-0.000516	-0.048999	0.013710	0.016746	-0.016123	0.012510	-0.034898	-0.004513
	-0.006880	-0.055464	0.011436	0.022421	-0.012528	0.018176	-0.048407	0.012248
	-0.013625	-0.060457	0.002044	0.019894	-0.015367	0.019815	-0.054448	0.023505
	-0.017766	-0.062564	-0.012641	0.010310	-0.024637	0.017575	-0.052146	0.028332
	-0.017210	-0.060703	-0.028886	-0.003041	-0.037884	0.012658	-0.042296	0.027404
	-0.011601	-0.054564	-0.041831	-0.015632	-0.050979	0.006995	-0.026991	0.022423
	-0.002519	-0.044835	-0.046718	-0.023056	-0.059472	0.002716	-0.008987	0.015333
	0.007059	-0.033108	-0.040236	-0.022396	-0.060063	0.001543	0.008972	0.007655
	0.013834	-0.021460	-0.021579	-0.013190	-0.051685	0.004307	0.024685	0.000143
	0.015408	-0.011830	0.007123	0.002355	-0.035848	0.010716	0.036773	-0.007135
	0.011180	-0.005396	0.041160	0.019980	-0.016133	0.019449	0.044666	-0.014402
	0.002618	-0.002177	0.074309	0.034635	0.002981	0.028515	0.048410	-0.021655
	-0.007253	-0.001016	0.100339	0.042009	0.017540	0.035787	0.048401	-0.028306
	-0.014917	0.000024	0.114515	0.039822	0.025316	0.039526	0.045154	-0.033146
	-0.017647	0.002975	0.114689	0.028491	0.026374	0.038772	0.039207	-0.034702
	-0.014504	0.009191	0.101681	0.010949	0.022853	0.033496	0.031121	-0.031853
	-0.006693	0.018780	0.078866	-0.008303	0.018040	0.024520	0.021552	-0.024466
	0.002859	0.030426	0.051123	-0.024603	0.015105	0.013253	0.011304	-0.013777
	0.010571	0.041707	0.023490	-0.034506	0.015935	0.001356	0.001304	-0.002313
	0.013528	0.049805	-0.000086	-0.036715	0.020484	-0.009557	-0.007509	0.006707
	0.010593	0.052417	-0.017532	-0.032268	0.026854	-0.018137	-0.014351	0.010327
	0.002874	0.048550	-0.028798	-0.023951	0.032066	-0.023400	-0.018747	0.006889
	-0.006611	0.038946	-0.035388	-0.015192	0.033234	-0.024765	-0.020608	-0.003217
	-0.013985	0.025991	-0.039500	-0.008822	0.028709	-0.022083	-0.020192	-0.017384
	-0.015911	0.013100	-0.043076	-0.006156	0.018791	-0.015677	-0.017977	-0.031312
	-0.010826	0.003783	-0.047104	-0.006691	0.005737	-0.006414	-0.014487	-0.040133
	0.000420	0.000651	-0.051359	-0.008498	-0.006927	0.004263	-0.010166	-0.039834
	0.014776	0.004674	-0.054627	-0.009138	-0.015561	0.014414	-0.005337	-0.028541
	0.027998	0.014913	-0.055293	-0.006733	-0.017623	0.021846	-0.000274	-0.007270
	0.036095	0.028779	-0.052037	-0.000776	-0.012518	0.024548	0.004674	0.020128
	0.036719	0.042755	-0.044383	0.007620	-0.001776	0.021220	0.008974	0.047850
	0.029984	0.053323	-0.032921	0.016140	0.011477	0.011783	0.011898	0.069627
	0.018433	0.057859	-0.019132	0.022185	0.023596	-0.002344	0.012670	0.080397
	0.006130	0.055222	-0.004924	0.023954	0.031644	-0.018324	0.010720	0.077694
	-0.002798	0.045926	0.007955	0.021258	0.034347	-0.032412	0.005987	0.062341
	-0.005654	0.031878	0.018392	0.015746	0.032441	-0.040322	-0.000874	0.038250
	-0.002174	0.015821	0.026128	0.010431	0.028296	-0.040579	-0.008491	0.011398
	0.005359	0.000659	0.031650	0.008645	0.024954	-0.031227	-0.015028	-0.011739
	0.012919	-0.011147	0.035840	0.012796	0.024911	-0.013639	-0.018657	-0.025843
	0.016217	-0.017975	0.039526	0.023371	0.029104	0.008480	-0.018111	-0.028040
	0.012323	-0.019192	0.043116	0.038543	0.036436	0.030195	-0.013149	-0.018498
	0.000859	-0.015102	0.046458	0.054588	0.044052	0.046412	-0.004747	-0.000203
	-0.015697	-0.006773	0.048957	0.066966	0.048264	0.053245	0.005079	0.021974
	-0.032726	0.004183	0.049885	0.071759	0.045823	0.049112	0.013785	0.042602
	-0.044984	0.015813	0.048749	0.066951	0.035122	0.035233	0.019020	0.057037
	-0.048410	0.026037	0.045556	0.053145	0.016889	0.015348	0.019312	0.062428
	-0.041604	0.032879	0.040857	0.033443	-0.005850	-0.005293	0.014509	0.058158
	-0.026423	0.034758	0.035556	0.012526	-0.028560	-0.021373	0.005802	0.045682
	-0.007474	0.030815	0.030554	-0.004772	-0.046490	-0.028997	-0.004677	0.027893
	0.009363	0.021219	0.026384	-0.014928	-0.056043	-0.026747	-0.014552	0.008270
	0.018909	0.007313	0.022971	-0.016750	-0.055808	-0.016018	-0.021980	-0.009953
	0.018468	-0.008480	0.019649	-0.011637	-0.046910	-0.000518	-0.026204	-0.024362
	0.008818	-0.023068	0.015428	-0.002993	-0.032590	0.014903	-0.027722	-0.033609
	-0.005969	-0.033374	0.009424	0.004968	-0.017157	0.025729	-0.027976	-0.037354
	-0.019836	-0.037132	0.001295	0.008630	-0.004684	0.029105	-0.028683	-0.036019
	-0.026774	-0.033584	-0.008496	0.006114	0.002159	0.024589	-0.031044	-0.030487
	-0.022889	-0.023834	-0.018699	-0.002223	0.002740	0.014134	-0.035132	-0.021873
	-0.007819	-0.010699	-0.027601	-0.014051	-0.001594	0.001293	-0.039691	-0.011402
	0.015002	0.001953	-0.033552	-0.025982	-0.008210	-0.010039	-0.042471	-0.000370
	0.039340	0.010240	-0.035524	-0.034776	-0.014256	-0.016953	-0.040992	0.009884
	0.058106	0.011393	-0.033492	-0.038415	-0.017714	-0.018456	-0.033512	0.018052
	0.065609	0.004624	-0.028506	-0.036680	-0.018080	-0.015707	-0.019850	0.023031
	0.059385	-0.008543	-0.022396	-0.031059	-0.016439	-0.011490	-0.001753	0.024135
	0.040985	-0.024609	-0.017216	-0.024062	-0.014939	-0.009102	0.017346	0.021298
	0.015469	-0.039042	-0.014584	-0.018227	-0.015861	-0.011057	0.033179	0.015148
	-0.010234	-0.047564	-0.015163	-0.015206	-0.020618	-0.018045	0.041840	0.006904
	-0.029537	-0.047386	-0.018449	-0.015256	-0.029057	-0.028533	0.040982	-0.001918
	-0.038260	-0.038040	-0.022958	-0.017319	-0.039306	-0.039166	0.030622	-0.009903
	-0.035851	-0.021530	-0.026744	-0.019617	-0.048237	-0.045844	0.013287	-0.016123
	-0.025384	-0.001776	-0.028099	-0.020515	-0.052399	-0.045157	-0.006580	-0.020371
	-0.012354	0.016489	-0.026179	-0.019299	-0.049122	-0.035681	-0.023786	-0.023143
	-0.002688	0.029020	-0.021352	-0.016536	-0.037424	-0.018695	-0.033790	-0.025374
	-0.000673	0.033164	-0.015141	-0.013878	-0.018434	0.001952	-0.033932	-0.028000
	-0.007495	0.028448	-0.009764	-0.013377	0.004809	0.020827	-0.024114	-0.031515
	-0.020873	0.016506	-0.007417	-0.016554	0.028123	0.032484	-0.006752	-0.035686
	-0.035915	0.000416	-0.009535	-0.023614	0.047271	0.033136	0.013980	-0.039548
	-0.046859	-0.016290	-0.016268	-0.033112	0.059039	0.021932	0.033359	-0.041711
	-0.049122	-0.030615	-0.026358	-0.042246	0.061997	0.001393	0.047410	-0.040879
	-0.040916	-0.040754	-0.037457	-0.047705	0.056715	-0.023121	0.053908	-0.036404
	-0.023916	-0.046262	-0.046802	-0.046798	0.045433	-0.044816	0.052804	-0.028674
	-0.002733	-0.047736	-0.052037	-0.038458	0.031305	-0.057331	0.046001	-0.019154
	0.016611	-0.046220	-0.051920	-0.023766	0.017484	-0.056540	0.036587	-0.010040
	0.028667	-0.042597	-0.046700	-0.005773	0.006325	-0.041769	0.027802	-0.003610
	0.030350	-0.037229	-0.038045	0.011347	-0.001057	-0.016064	0.022081	-0.001463
	0.021916	-0.029992	-0.028537	0.023551	-0.004807	0.014550	0.020433	-0.003916
	0.006824	-0.020664	-0.020899	0.028170	-0.005971	0.042640	0.022330	-0.009772
	-0.009461	-0.009458	-0.017184	0.024737	-0.005943	0.061300	0.026061	-0.016581
	-0.021278	0.002549	-0.018164	0.015110	-0.005916	0.065950	0.029407	-0.021328
	-0.024598	0.013365	-0.023107	0.002872	-0.006542	0.055498	0.030377	-0.021376
	-0.018239	0.020486	-0.029970	-0.007813	-0.007874	0.032589	0.027778	-0.015339
	-0.004089	0.021691	-0.035965	-0.013475	-0.009561	0.002894	0.021458	-0.003614
	0.013692	0.015953	-0.038291	-0.012343	-0.011176	-0.026329	0.012212	0.011628
	0.030181	0.004131	-0.034829	-0.004749	-0.012508	-0.048029	0.001421	0.027025
	0.041364	-0.010855	-0.024608	0.007162	-0.013679	-0.057023	-0.009402	0.039001
	0.045383	-0.024542	-0.007942	0.020278	-0.015031	-0.051148	-0.018994	0.044854
	0.042953	-0.032023	0.013765	0.031599	-0.016836	-0.031642	-0.026548	0.043597
	0.036832	-0.029361	0.038433	0.039149	-0.018955	-0.002740	-0.031709	0.036286
	0.030594	-0.014866	0.063772	0.042429	-0.020617	0.029389	-0.034426	0.025694
	0.027169	0.010166	0.087672	0.042265	-0.020449	0.058055	-0.034766	0.015442
	0.027701	0.041544	0.108389	0.040180	-0.016803	0.077471	-0.032794	0.008838
	0.031144	0.073114	0.124503	0.037563	-0.008308	0.083901	-0.028580	0.007792
	0.034726	0.098299	0.134108	0.034997	0.005523	0.076303	-0.022324	0.012173
	0.035095	0.111801	0.137431	0.032016	0.023837	0.056395	-0.014516	0.019810
	0.029717	0.110975	0.134893	0.027411	0.044324	0.028192	-0.006054	0.027161
	0.017992	0.096452	0.122740	0.019949	0.063535	-0.002874	0.001801	0.030457
	0.001656	0.071852	0.102243	0.009210	0.077590	-0.031024	0.007621	0.026950
	-0.015679	0.042680	0.074278	-0.003814	0.083109	-0.051220	0.010145	0.015889
	-0.029712	0.014753	0.040907	-0.016661	0.078109	-0.060055	0.008646	-0.001108
	-0.036933	-0.007353	0.005370	-0.025962	0.062613	-0.056322	0.003192	-0.020404
	-0.035876	-0.021378	-0.028262	-0.028485	0.038773	-0.041152	-0.005276	-0.037338
	-0.027668	-0.027683	-0.055747	-0.022317	0.010455	-0.017725	-0.015111	-0.047546
	-0.015684	-0.028743	-0.073511	-0.007748	-0.017622	0.009397	-0.024315	-0.048234
	-0.004393	-0.028042	-0.079441	0.012483	-0.040971	0.035201	-0.031007	-0.038996
	0.002189	-0.028773	-0.073430	0.033747	-0.056347	0.055214	-0.033846	-0.021939
	0.001905	-0.032754	-0.057471	0.050751	-0.062423	0.066382	-0.032306	-0.001081
	-0.004783	-0.039912	-0.035263	0.059076	-0.059945	0.067621	-0.026729	0.018793
	-0.014958	-0.048456	-0.011403	0.056532	-0.051353	0.059932	-0.018158	0.033470
	-0.024295	-0.055624	0.009636	0.043882	-0.039977	0.046048	-0.008017	0.040427
	-0.028626	-0.058722	0.024475	0.024670	-0.029059	0.029685	0.002252	0.039428
	-0.025481	-0.056090	0.031481	0.004173	-0.020884	0.014593	0.011487	0.032407
	-0.015057	-0.047650	0.030949	-0.012183	-0.016252	0.003637	0.018978	0.022737
	-0.000251	-0.034902	0.024781	-0.020474	-0.014436	-0.001852	0.024463	0.014105
	0.014254	-0.020377	0.015779	-0.019458	-0.013611	-0.002279	0.028017	0.009370
	0.023577	-0.006778	0.006781	-0.010902	-0.011605	0.000482	0.029865	0.009756
	0.024347	0.003887	-0.000092	0.001025	-0.006720	0.003766	0.030226	0.014596
	0.015937	0.010885	-0.003880	0.011110	0.001618	0.004984	0.029210	0.021695
	0.000808	0.014863	-0.004800	0.014753	0.012586	0.002425	0.026820	0.028144
	-0.016206	0.017469	-0.003882	0.009406	0.024158	-0.004235	0.023018	0.031314
	-0.029429	0.020644	-0.002395	-0.004665	0.033688	-0.013872	0.017833	0.029685
	-0.034208	0.025837	-0.001281	-0.024500	0.038712	-0.024296	0.011448	0.023269
	-0.028487	0.033427	-0.000818	-0.045389	0.037731	-0.032966	0.004255	0.013493
	-0.013574	0.042519	-0.000620	-0.062304	0.030713	-0.037791	-0.003153	0.002621
	0.006169	0.051198	0.000027	-0.071354	0.019178	-0.037783	-0.010047	-0.007063
	0.024620	0.057112	0.001654	-0.070813	0.005820	-0.033356	-0.015652	-0.014035
	0.035762	0.058203	0.004123	-0.061428	-0.006223	-0.026186	-0.019258	-0.017986
	0.035532	0.053344	0.006404	-0.045966	-0.014243	-0.018688	-0.020343	-0.019823
	0.023065	0.042678	0.006730	-0.028213	-0.016720	-0.013283	-0.018674	-0.021217
	0.000972	0.027592	0.003132	-0.011779	-0.013746	-0.011678	-0.014403	-0.023868
	-0.025436	0.010350	-0.005808	0.000888	-0.006975	-0.014378	-0.008125	-0.028767
	-0.049690	-0.006474	-0.020237	0.008978	0.000886	-0.020580	-0.000872	-0.035701
	-0.065974	-0.020576	-0.038630	0.013211	0.006895	-0.028436	0.005985	-0.043209
	-0.070654	-0.030350	-0.057881	0.015233	0.008771	-0.035620	0.010928	-0.048996
	-0.063086	-0.035074	-0.073942	0.016798	0.005600	-0.039985	0.012584	-0.050692
	-0.045507	-0.034848	-0.082856	0.019048	-0.001868	-0.040142	0.010053	-0.046693
	-0.022137	-0.030359	-0.081900	0.022128	-0.011426	-0.035782	0.003200	-0.036801
	0.002152	-0.022600	-0.070481	0.025251	-0.020063	-0.027690	-0.007198	-0.022438
	0.023153	-0.012640	-0.050492	0.027112	-0.024888	-0.017478	-0.019501	-0.006348
	0.038209	-0.001526	-0.025978	0.026483	-0.024047	-0.007146	-0.031494	0.008146
	0.046475	0.009704	-0.002175	0.022715	-0.017353	0.001390	-0.040861	0.018081
	0.048553	0.019945	0.015831	0.015974	-0.006439	0.006685	-0.045730	0.021724
	0.045782	0.027972	0.024432	0.007149	0.005637	0.007979	-0.045143	0.019062
	0.039495	0.032490	0.022428	-0.002510	0.015240	0.005260	-0.039300	0.011784
	0.030565	0.032314	0.011287	-0.011843	0.019210	-0.000819	-0.029494	0.002739
	0.019389	0.026636	-0.005344	-0.020115	0.015834	-0.009078	-0.017742	-0.004958
	0.006260	0.015318	-0.022713	-0.027120	0.005434	-0.017979	-0.006213	-0.008881
	-0.008099	-0.000903	-0.036310	-0.033009	-0.009607	-0.025800	0.003377	-0.008022
	-0.022153	-0.020382	-0.043065	-0.037948	-0.025418	-0.030839	0.010196	-0.003049
	-0.033558	-0.040750	-0.042054	-0.041783	-0.037652	-0.031652	0.014428	0.003966
	-0.039655	-0.059284	-0.034521	-0.043877	-0.042677	-0.027340	0.017046	0.010274
	-0.038318	-0.073397	-0.023259	-0.043229	-0.038608	-0.017832	0.019317	0.013380
	-0.028863	-0.081127	-0.011562	-0.038839	-0.025871	-0.004086	0.022214	0.011890
	-0.012653	-0.081506	-0.002135	-0.030199	-0.007152	0.011910	0.025945	0.005989
	0.006910	-0.074724	0.003705	-0.017683	0.013281	0.027396	0.029789	-0.002582
	0.025090	-0.062044	0.006284	-0.002669	0.030698	0.039376	0.032316	-0.011067
	0.037089	-0.045507	0.007223	0.012702	0.041149	0.045338	0.031929	-0.016553
	0.039497	-0.027488	0.008661	0.026088	0.042500	0.043977	0.027538	-0.016894
	0.031460	-0.010220	0.012327	0.035624	0.034967	0.035703	0.019127	-0.011409
	0.015147	0.004604	0.018799	0.040498	0.021001	0.022727	0.007990	-0.001127
	-0.004719	0.016064	0.027232	0.041172	0.004568	0.008639	-0.003495	0.011471
	-0.022153	0.024039	0.035613	0.039169	-0.009961	-0.002470	-0.012502	0.023150
	-0.031690	0.029044	0.041474	0.036468	-0.019008	-0.007125	-0.016616	0.030819
	-0.030088	0.031917	0.042795	0.034718	-0.020718	-0.003510	-0.014637	0.032381
	-0.017402	0.033469	0.038769	0.034574	-0.015377	0.007899	-0.007036	0.027277
	0.002924	0.034193	0.030174	0.035406	-0.005213	0.024338	0.004105	0.016582
	0.025055	0.034112	0.019202	0.035527	0.006351	0.041454	0.015692	0.002665
	0.042530	0.032821	0.008806	0.032882	0.015757	0.054529	0.024566	-0.011473
	0.050294	0.029703	0.001786	0.025968	0.020372	0.059876	0.028505	-0.022965
	0.046321	0.024270	-0.000090	0.014634	0.019237	0.055985	0.026937	-0.029729
	0.032314	0.016502	0.003369	0.000457	0.013294	0.044041	0.021115	-0.030839
	0.013216	0.007075	0.010734	-0.013525	0.005039	0.027612	0.013673	-0.026568
	-0.004336	-0.002619	0.019420	-0.023663	-0.002289	0.011584	0.007698	-0.018127
	-0.014155	-0.010712	0.026501	-0.026903	-0.005740	0.000634	0.005625	-0.007257
	-0.012586	-0.015312	0.029600	-0.021933	-0.003587	-0.002275	0.008323	0.004205
	0.000176	-0.015061	0.027574	-0.009861	0.004099	0.003108	0.014698	0.014641
	0.019937	-0.009632	0.020796	0.005847	0.015415	0.014169	0.021972	0.022811
	0.039658	0.000004	0.010963	0.020241	0.027129	0.026209	0.026564	0.027878
	0.051565	0.011662	0.000535	0.028321	0.035592	0.033934	0.025295	0.029359
	0.049609	0.022396	-0.007999	0.026609	0.037785	0.033197	0.016532	0.027107
	0.031519	0.029240	-0.012791	0.014358	0.032212	0.022425	0.000884	0.021352
	-0.000199	0.030034	-0.013033	-0.006028	0.019385	0.003275	-0.018804	0.012797
	-0.038649	0.024108	-0.009023	-0.029537	0.001759	-0.019744	-0.038167	0.002697
	-0.074264	0.012583	-0.001919	-0.049925	-0.016859	-0.040586	-0.052530	-0.007173
	-0.097371	-0.001823	0.006680	-0.061535	-0.032285	-0.053522	-0.058259	-0.014737
	-0.100887	-0.015472	0.015163	-0.061000	-0.041034	-0.054959	-0.053808	-0.018032
	-0.082368	-0.024796	0.022209	-0.048300	-0.041233	-0.044642	-0.040152	-0.015734
	-0.044823	-0.027324	0.026921	-0.026835	-0.033114	-0.025828	-0.020488	-0.007654
	0.003947	-0.022427	0.028803	-0.002473	-0.018964	-0.004359	0.000695	0.004982
	0.053291	-0.011549	0.027689	0.018153	-0.002543	0.013095	0.018868	0.019610
	0.092400	0.002174	0.023705	0.029575	0.011862	0.021095	0.030643	0.032808
	0.112989	0.014815	0.017310	0.029076	0.020527	0.017126	0.034526	0.041092
	0.111252	0.022817	0.009391	0.017457	0.021223	0.002421	0.031068	0.041843
	0.088596	0.024056	0.001324	-0.001243	0.013761	-0.018396	0.022395	0.034092
	0.051004	0.018470	-0.005127	-0.020968	0.000032	-0.038699	0.011369	0.018921
	0.007278	0.008064	-0.008120	-0.035430	-0.016488	-0.051903	0.000651	-0.000675
	-0.033296	-0.003748	-0.006247	-0.039914	-0.031610	-0.053486	-0.007986	-0.020460
	-0.063209	-0.013231	0.000890	-0.032588	-0.041477	-0.042397	-0.013922	-0.036000
	-0.078308	-0.017535	0.012249	-0.014939	-0.043505	-0.021396	-0.017492	-0.043790
	-0.078343	-0.015591	0.025269	0.008736	-0.036994	0.003753	-0.019496	-0.042167
	-0.066443	-0.008441	0.036280	0.032605	-0.023262	0.025997	-0.020632	-0.031715
	-0.047789	0.001151	0.041371	0.050928	-0.005281	0.039072	-0.021130	-0.015084
	-0.027945	0.009653	0.037526	0.059570	0.013082	0.039315	-0.020715	0.003742
	-0.011380	0.013995	0.023694	0.056968	0.028016	0.026678	-0.018898	0.020498
	-0.000556	0.012656	0.001438	0.044353	0.036669	0.004655	-0.015452	0.031712
	0.004225	0.006236	-0.025125	0.025212	0.037772	-0.020797	-0.010817	0.035481
	0.004300	-0.002677	-0.050165	0.004221	0.031846	-0.043005	-0.006234	0.031778
	0.001728	-0.010337	-0.067598	-0.014006	0.020941	-0.056423	-0.003485	0.022216
	-0.001635	-0.013085	-0.072786	-0.026011	0.008022	-0.058047	-0.004295	0.009408
	-0.004772	-0.008623	-0.063971	-0.030147	-0.003843	-0.048006	-0.009601	-0.003848
	-0.007629	0.003122	-0.042993	-0.026704	-0.012259	-0.029226	-0.018964	-0.015297
	-0.010787	0.019832	-0.015009	-0.017547	-0.016036	-0.006359	-0.030402	-0.023660
	-0.014846	0.037395	0.012757	-0.005446	-0.015360	0.015657	-0.040740	-0.028676
	-0.019835	0.051104	0.032923	0.006690	-0.011566	0.032910	-0.046453	-0.030823
	-0.024889	0.057062	0.039975	0.016457	-0.006615	0.043345	-0.044732	-0.030860
	-0.028374	0.053361	0.031830	0.022371	-0.002444	0.046911	-0.034434	-0.029417
	-0.028416	0.040663	0.010451	0.024006	-0.000383	0.045082	-0.016595	-0.026777
	-0.023637	0.021984	-0.018673	0.021897	-0.000816	0.040005	0.005722	-0.022930
	-0.013842	0.001779	-0.048043	0.017281	-0.003165	0.033619	0.028208	-0.017837
	-0.000347	-0.015392	-0.070221	0.011770	-0.006195	0.027050	0.046519	-0.011754
	0.014191	-0.026184	-0.079849	0.007003	-0.008512	0.020468	0.057510	-0.005440
	0.026440	-0.029364	-0.075031	0.004334	-0.009091	0.013384	0.060113	-0.000127
	0.033368	-0.026011	-0.057683	0.004565	-0.007648	0.005215	0.055569	0.002801
	0.033204	-0.018991	-0.032801	0.007768	-0.004744	-0.004148	0.046912	0.002299
	0.026072	-0.011900	-0.006880	0.013214	-0.001575	-0.014023	0.037900	-0.001841
	0.014065	-0.007839	0.013984	0.019464	0.000473	-0.023003	0.031734	-0.008704
	0.000700	-0.008420	0.025745	0.024615	0.000358	-0.029382	0.029990	-0.016320
	-0.010078	-0.013322	0.027330	0.026715	-0.002180	-0.031779	0.032129	-0.022123
	-0.015070	-0.020515	0.020602	0.024233	-0.006427	-0.029721	0.035754	-0.023673
	-0.012774	-0.027049	0.009442	0.016507	-0.010833	-0.023937	0.037510	-0.019432
	-0.003833	-0.030123	-0.001684	0.004012	-0.013434	-0.016255	0.034338	-0.009320
	0.009172	-0.028075	-0.009193	-0.011644	-0.012466	-0.009101	0.024643	0.005151
	0.022524	-0.020964	-0.011420	-0.028027	-0.006955	-0.004769	0.008988	0.021237
	0.032506	-0.010570	-0.008898	-0.042435	0.002885	-0.004694	-0.009937	0.035723
	0.036514	0.000167	-0.003884	-0.052547	0.015581	-0.008981	-0.028065	0.045853
	0.033796	0.008076	0.000675	-0.056996	0.028690	-0.016334	-0.041168	0.050122
	0.025581	0.010727	0.002337	-0.055671	0.039387	-0.024414	-0.046165	0.048666
	0.014594	0.007159	0.000086	-0.049659	0.045181	-0.030510	-0.042066	0.043122
	0.004099	-0.001871	-0.005308	-0.040852	0.044565	-0.032306	-0.030280	0.035992
	-0.003173	-0.014151	-0.011599	-0.031334	0.037431	-0.028508	-0.014180	0.029735
	-0.005883	-0.026682	-0.015905	-0.022763	0.025127	-0.019163	0.001915	0.025891
	-0.004425	-0.036525	-0.015766	-0.015950	0.010157	-0.005582	0.014001	0.024547
	-0.000680	-0.041550	-0.010032	-0.010771	-0.004405	0.010055	0.019487	0.024343
	0.002749	-0.040892	0.000691	-0.006433	-0.015620	0.025287	0.017794	0.023009
	0.003525	-0.035004	0.014210	-0.001979	-0.021340	0.037955	0.010299	0.018266
	0.000456	-0.025356	0.027424	0.003173	-0.020656	0.046613	-0.000319	0.008772
	-0.006040	-0.013921	0.037282	0.008865	-0.014058	0.050702	-0.011054	-0.005225
	-0.014040	-0.002626	0.041690	0.014172	-0.003277	0.050466	-0.019550	-0.021773
	-0.020748	0.007053	0.040076	0.017730	0.009122	0.046714	-0.024720	-0.037690
	-0.023444	0.014275	0.033438	0.018302	0.020295	0.040518	-0.026857	-0.049510
	-0.020416	0.018795	0.023917	0.015371	0.027697	0.032975	-0.027231	-0.054566
	-0.011572	0.020774	0.014043	0.009510	0.029583	0.025059	-0.027367	-0.051865
	0.001485	0.020560	0.005951	0.002352	0.025331	0.017577	-0.028306	-0.042447
	0.015921	0.018533	0.000815	-0.003858	0.015566	0.011177	-0.030130	-0.029098
	0.028525	0.015051	-0.001326	-0.007009	0.002050	0.006347	-0.031920	-0.015489
	0.036648	0.010497	-0.001340	-0.005910	-0.012624	0.003373	-0.032159	-0.005038
	0.038929	0.005356	-0.000486	-0.000824	-0.025504	0.002255	-0.029395	0.000152
	0.035564	0.000248	0.000165	0.006490	-0.033843	0.002629	-0.022912	-0.000096
	0.028070	-0.004114	0.000158	0.013262	-0.035671	0.003759	-0.013128	-0.004052
	0.018633	-0.007053	-0.000231	0.016618	-0.030265	0.004633	-0.001570	-0.008749
	0.009318	-0.008093	-0.000202	0.014604	-0.018412	0.004185	0.009590	-0.011060
	0.001403	-0.007088	0.001133	0.006977	-0.002380	0.001573	0.018260	-0.008823
	-0.004899	-0.004251	0.004271	-0.004543	0.014456	-0.003548	0.023155	-0.001642
	-0.010269	-0.000062	0.008986	-0.016693	0.028272	-0.010882	0.024249	0.008915
	-0.015742	0.004906	0.014292	-0.025651	0.035648	-0.019513	0.022771	0.019795
	-0.022016	0.010183	0.018708	-0.028295	0.034396	-0.028121	0.020747	0.027456
	-0.028911	0.015529	0.020742	-0.023316	0.024179	-0.035320	0.020230	0.029050
	-0.035204	0.020921	0.019415	-0.011787	0.006704	-0.040014	0.022497	0.023410
	-0.038930	0.026412	0.014633	0.003021	-0.014578	-0.041652	0.027520	0.011503
	-0.038070	0.031900	0.007272	0.016581	-0.035255	-0.040315	0.033892	-0.003804
	-0.031390	0.036920	-0.001058	0.024514	-0.051027	-0.036587	0.039275	-0.018575
	-0.019112	0.040561	-0.008500	0.024024	-0.058798	-0.031299	0.041212	-0.028996
	-0.003149	0.041584	-0.013513	0.014892	-0.057488	-0.025228	0.038034	-0.032514
	0.013226	0.038741	-0.015327	-0.000322	-0.048305	-0.018881	0.029539	-0.028581
	0.026216	0.031208	-0.014140	-0.016949	-0.034389	-0.012429	0.017201	-0.018766
	0.032610	0.019005	-0.010989	-0.029580	-0.019900	-0.005833	0.003812	-0.006218
	0.030791	0.003236	-0.007359	-0.033694	-0.008810	0.000936	-0.007339	0.005348
	0.021330	-0.013953	-0.004661	-0.027046	-0.003742	0.007667	-0.013484	0.012796
	0.006929	-0.029741	-0.003771	-0.010376	-0.005224	0.013791	-0.013269	0.014491
	-0.008294	-0.041239	-0.004781	0.012793	-0.011586	0.018455	-0.007200	0.010723
	-0.019982	-0.046192	-0.007047	0.037190	-0.019552	0.020776	0.002477	0.003503
	-0.024817	-0.043579	-0.009504	0.057330	-0.025333	0.020183	0.012447	-0.004156
	-0.021518	-0.033921	-0.011135	0.069062	-0.025905	0.016732	0.019332	-0.009238
	-0.011231	-0.019228	-0.011404	0.070640	-0.020032	0.011228	0.020687	-0.009666
	0.002798	-0.002560	-0.010499	0.063020	-0.008709	0.005106	0.015697	-0.004903
	0.016195	0.012662	-0.009290	0.049310	0.005133	0.000064	0.005338	0.003965
	0.024746	0.023422	-0.008984	0.033622	0.017601	-0.002436	-0.008010	0.014653
	0.025648	0.027757	-0.010601	0.019714	0.025154	-0.001631	-0.021365	0.024441
	0.018311	0.025122	-0.014454	0.009897	0.025859	0.002284	-0.032062	0.031024
	0.004510	0.016417	-0.019811	0.004540	0.020126	0.008207	-0.038508	0.033153
	-0.012171	0.003683	-0.024900	0.002299	0.010681	0.014483	-0.040510	0.030913
	-0.027390	-0.010409	-0.027296	0.000922	0.001731	0.019456	-0.039125	0.025540
	-0.037297	-0.023150	-0.024599	-0.001697	-0.002418	0.022010	-0.036098	0.018906
	-0.039585	-0.032304	-0.015253	-0.006626	0.001136	0.021926	-0.033135	0.012849
	-0.034062	-0.036467	0.000775	-0.013493	0.012779	0.019893	-0.031266	0.008577
	-0.022596	-0.035208	0.021652	-0.020698	0.030047	0.017189	-0.030535	0.006347
	-0.008491	-0.029030	0.043825	-0.026141	0.048212	0.015119	-0.030109	0.005492
	0.004499	-0.019192	0.062685	-0.028163	0.061659	0.014441	-0.028733	0.004765
	0.013209	-0.007457	0.073607	-0.026311	0.065628	0.014994	-0.025344	0.002863
	0.015855	0.004191	0.073127	-0.021634	0.057782	0.015685	-0.019597	-0.001052
	0.012401	0.013832	0.059949	-0.016351	0.039093	0.014872	-0.012077	-0.007012
	0.004419	0.019891	0.035510	-0.013019	0.013734	0.011019	-0.004124	-0.014181
	-0.005457	0.021387	0.003900	-0.013491	-0.012016	0.003399	0.002682	-0.021074
	-0.014285	0.018141	-0.028876	-0.018066	-0.031534	-0.007425	0.007166	-0.025986
	-0.019574	0.010884	-0.056158	-0.025172	-0.039762	-0.019543	0.009090	-0.027478
	-0.019827	0.001218	-0.072130	-0.031731	-0.034673	-0.030118	0.009337	-0.024784
	-0.014785	-0.008606	-0.073196	-0.034136	-0.017842	-0.036188	0.009661	-0.018020
	-0.005342	-0.016083	-0.058877	-0.029507	0.006046	-0.035594	0.012051	-0.008154
	0.006780	-0.018976	-0.031998	-0.016816	0.030591	-0.027731	0.017931	0.003228
	0.019483	-0.015850	0.001910	0.002532	0.049537	-0.013863	0.027477	0.014303
	0.030752	-0.006475	0.035867	0.024882	0.058511	0.003129	0.039323	0.023396
	0.039005	0.008009	0.063044	0.045266	0.056136	0.019493	0.050792	0.029313
	0.043312	0.025254	0.078335	0.058788	0.044177	0.031627	0.058619	0.031527
	0.043446	0.042170	0.079477	0.062056	0.026747	0.037053	0.059956	0.030203
	0.039817	0.055605	0.067461	0.054167	0.008848	0.035024	0.053334	0.026087
	0.033300	0.063057	0.046127	0.036965	-0.005231	0.026603	0.039252	0.020287
	0.025016	0.063260	0.021060	0.014467	-0.013152	0.014195	0.020183	0.014012
	0.016089	0.056455	-0.001903	-0.008323	-0.015021	0.000714	-0.000046	0.008308
	0.007430	0.044296	-0.018154	-0.026850	-0.013020	-0.011315	-0.017327	0.003846
	-0.000418	0.029405	-0.025392	-0.038214	-0.010363	-0.020415	-0.028454	0.000794
	-0.007332	0.014704	-0.024010	-0.041790	-0.009974	-0.026369	-0.032056	-0.001208
	-0.013538	0.002704	-0.016728	-0.039102	-0.013375	-0.029957	-0.028966	-0.002956
	-0.019416	-0.005054	-0.007598	-0.033038	-0.020160	-0.032331	-0.021891	-0.005480
	-0.025235	-0.008278	-0.000699	-0.026714	-0.028222	-0.034326	-0.014488	-0.009770
	-0.030896	-0.007858	0.001097	-0.022395	-0.034625	-0.035966	-0.010137	-0.016463
	-0.035780	-0.005496	-0.003084	-0.020831	-0.036780	-0.036380	-0.010794	-0.025595
	-0.038785	-0.003167	-0.011970	-0.021206	-0.033483	-0.034167	-0.016316	-0.036446
	-0.038587	-0.002563	-0.022671	-0.021677	-0.025435	-0.028059	-0.024473	-0.047582
	-0.034068	-0.004668	-0.031672	-0.020255	-0.015045	-0.017639	-0.031661	-0.057066
	-0.024803	-0.009569	-0.036003	-0.015693	-0.005599	-0.003794	-0.034090	-0.062841
	-0.011432	-0.016530	-0.034188	-0.008042	-0.000088	0.011279	-0.029082	-0.063182
	0.004238	-0.024263	-0.026715	0.001322	-0.000130	0.024565	-0.016049	-0.057125
	0.019498	-0.031314	-0.015873	0.010189	-0.005381	0.033085	0.003161	-0.044740
	0.031338	-0.036439	-0.005047	0.016325	-0.013652	0.034801	0.024665	-0.027187
	0.037249	-0.038875	0.002311	0.018299	-0.021710	0.029279	0.043586	-0.006528
	0.035988	-0.038456	0.003704	0.015997	-0.026469	0.017854	0.055418	0.014671
	0.028053	-0.035569	-0.001697	0.010651	-0.026140	0.003232	0.057292	0.033832
	0.015675	-0.030989	-0.012855	0.004372	-0.020931	-0.011330	0.048768	0.048837
	0.002284	-0.025658	-0.027211	-0.000637	-0.013005	-0.022994	0.031915	0.058353
	-0.008433	-0.020466	-0.041437	-0.002882	-0.005709	-0.030101	0.010680	0.061960
	-0.013613	-0.016090	-0.052351	-0.002089	-0.002315	-0.032478	-0.010256	0.060053
	-0.012106	-0.012911	-0.057702	0.000754	-0.004722	-0.031181	-0.026761	0.053594
	-0.004853	-0.011007	-0.056618	0.003848	-0.012590	-0.027808	-0.036300	0.043807
	0.005370	-0.010212	-0.049622	0.005361	-0.023242	-0.023659	-0.038433	0.031902
	0.014825	-0.010220	-0.038259	0.004215	-0.032408	-0.019086	-0.034662	0.018922
	0.020010	-0.010697	-0.024513	0.000599	-0.035602	-0.013333	-0.027705	0.005707
	0.018836	-0.011386	-0.010238	-0.004008	-0.029686	-0.004933	-0.020478	-0.007037
	0.011357	-0.012177	0.003235	-0.007335	-0.014095	0.007447	-0.015124	-0.018654
	-0.000182	-0.013131	0.015179	-0.007165	0.008714	0.024053	-0.012394	-0.028482
	-0.012049	-0.014448	0.025301	-0.002237	0.033770	0.043363	-0.011573	-0.035896
	-0.020249	-0.016371	0.033418	0.007134	0.054939	0.062025	-0.010915	-0.040419
	-0.021890	-0.019067	0.039167	0.018948	0.066703	0.075510	-0.008433	-0.041869
	-0.016232	-0.022490	0.041874	0.030004	0.065828	0.079374	-0.002739	-0.040464
	-0.005034	-0.026300	0.040686	0.036818	0.052380	0.070717	0.006350	-0.036815
	0.007925	-0.029847	0.034894	0.036703	0.029769	0.049376	0.017652	-0.031790
	0.018046	-0.032262	0.024348	0.028647	0.003799	0.018390	0.028933	-0.026280
	0.021432	-0.032648	0.009790	0.013704	-0.018980	-0.016473	0.037599	-0.020932
	0.016247	-0.030304	-0.007052	-0.005232	-0.033118	-0.048080	0.041515	-0.015961
	0.003432	-0.024955	-0.023668	-0.024201	-0.035736	-0.069792	0.039681	-0.011122
	-0.013475	-0.016876	-0.037233	-0.039249	-0.027190	-0.077275	0.032557	-0.005860
	-0.029396	-0.006883	-0.045222	-0.047472	-0.010759	-0.069699	0.021924	0.000390
	-0.039316	0.003837	-0.045980	-0.047703	0.008508	-0.049921	0.010360	0.007863
	-0.039913	0.014011	-0.039084	-0.040671	0.025390	-0.023594	0.000483	0.016215
	-0.030684	0.022601	-0.025404	-0.028618	0.036009	0.002535	-0.005773	0.024473
	-0.014162	0.029063	-0.006845	-0.014525	0.038807	0.022606	-0.007641	0.031237
	0.004849	0.033449	0.014125	-0.001235	0.034702	0.033285	-0.005625	0.035086
	0.020801	0.036311	0.035012	0.009256	0.026434	0.034545	-0.001230	0.035075
	0.029185	0.038436	0.053735	0.016144	0.017385	0.029364	0.003586	0.031141
	0.027997	0.040492	0.068869	0.019738	0.010296	0.022470	0.007028	0.024277
	0.018383	0.042717	0.079650	0.021055	0.006322	0.018554	0.007967	0.016371
	0.004255	0.044755	0.085801	0.021268	0.004751	0.020577	0.006176	0.009743
