	0.027592	0.869363	-0.596345	0.698999	1.124893	0.798170	0.072203	0.056769	0.495636	1.817310	-0.346207	0.542203	0.088207	-0.409211	-0.837288	0.754808	1.882554	0.449118	0.104477
	-0.271625	-0.649815	-1.583217	-0.825580	0.133339	-0.521958	0.289617	-1.199513	-0.136701	-3.170161	-2.026220	0.995196	-0.114702	-0.496473	-0.764856	-0.630751	-3.119205	-1.326015	-1.192258
	-1.328811	-0.638808	-0.255793	-0.934277	0.259883	0.273904	0.947346	-0.998286	-0.123018	-0.469311	-2.396183	1.591407	-0.078647	0.230247	-0.067907	-0.379113	-2.407871	-1.187009	-0.682803
	-1.009381	-0.878952	-0.474156	-0.306888	-1.203807	-0.572679	-1.021880	-1.162798	-0.730786	-1.301756	-2.744775	0.775140	-0.857193	0.530779	-0.293702	-1.120138	-2.172534	-0.821959	-0.029925
	0.798859	0.111766	-0.262041	0.211841	0.011996	0.121667	-0.981141	0.216797	-0.079603	-2.104238	-0.031947	0.342242	-0.226802	0.310923	0.757207	-0.629182	0.452164	0.058282	-0.110903
	-0.709071	-1.237495	-1.151618	0.383863	-0.991222	0.030504	1.416186	0.044171	-0.054475	3.011390	0.614528	0.140455	1.656338	-0.043105	-0.775041	1.911726	1.114153	0.544761	-0.037396
	-0.513355	-0.719533	-1.047448	-0.586971	-1.167668	-0.152711	0.596894	0.368066	-0.353240	1.813496	1.450647	-0.337860	-0.582370	0.510504	-0.596729	0.760270	0.540226	0.769874	-0.109908
	0.000597	0.188505	-0.502940	-0.083518	0.149327	0.434121	0.872777	0.251095	-1.105071	1.054571	1.247457	1.454734	0.322127	-0.225088	0.126075	0.351452	0.683547	0.468907	0.292220
	-0.213122	0.716616	1.442693	0.584243	-0.098238	-0.875580	0.542720	0.334795	0.914762	-0.575006	-1.416533	-0.051765	-0.930495	0.555133	1.074030	0.228035	0.658914	0.491777	0.008958
	0.446380	0.956858	-0.114964	0.611574	-0.015889	0.151595	0.333081	0.911118	1.599001	1.100274	0.912409	-0.493869	1.109533	1.390136	1.085289	-0.206823	0.804075	0.342436	0.221729
	0.108045	0.307279	-2.268926	-1.701863	-0.265285	-0.499227	-0.534458	0.075446	1.052238	2.780626	1.259372	0.164381	-0.079201	0.142713	0.693478	0.179985	0.918340	0.506041	0.033001
	-0.929751	0.396743	1.823095	-0.135245	0.529213	-0.139415	0.230865	-0.182678	0.126115	-0.643179	-1.557707	-0.658256	-0.314993	0.342260	-0.282973	0.090235	-1.141548	0.155442	-0.439024
	1.278957	1.195735	1.249608	0.816368	0.437103	0.915158	-0.000877	-0.834214	0.010068	-3.858958	-1.490185	-0.962622	-0.786828	-0.419151	-0.484070	-0.998152	-2.127038	-0.790336	-0.678563
	0.011532	0.567600	-1.184778	-0.271394	0.056547	-0.787765	-1.410258	1.562857	0.779325	-0.978320	0.021667	-0.498328	-0.600153	-0.240302	0.815178	0.084247	0.358507	0.403916	-0.114806
	0.921822	0.364359	0.334969	-0.545301	0.206084	-0.646652	-1.125324	0.718199	1.422033	1.657689	1.712733	0.226914	-0.445431	-0.388840	0.914491	-1.154021	0.301909	0.263337	-0.457549
	0.661556	-0.020874	1.055425	-0.222046	0.340165	0.543707	-1.632231	0.785042	-0.246611	-1.263228	-0.541213	-1.759754	-0.376971	-1.447163	0.326735	-1.994008	-4.346679	-0.981329	-1.306289
	0.717869	0.847808	0.710538	-0.333293	-0.469698	-0.019306	-1.410345	0.212150	-0.417506	1.191664	0.007832	-0.960859	-1.186229	-0.576200	0.073398	0.041346	-0.982144	0.030070	0.390711
	1.083084	0.239122	-0.229958	-0.567665	0.074494	0.528704	-0.196647	1.177683	-0.170531	-0.540768	1.621088	-1.635161	-0.671370	-0.644552	0.832678	0.234395	1.242828	1.039836	0.100210
	0.269497	-0.257268	1.543190	0.272369	0.089978	0.912953	-0.675782	1.429660	-0.358565	1.166651	0.993325	0.098047	0.378932	-0.117526	0.833154	-0.605187	0.584735	1.007387	-0.268959
	-1.063063	-0.820872	0.800837	-0.267031	0.573709	-0.150517	-1.591427	0.627649	-2.129629	-0.943859	-0.091123	-0.895685	1.137744	-0.852673	1.200209	0.675207	-0.152545	-0.548015	0.753851
	0.134093	-0.162883	-0.279328	0.000895	0.659514	0.318980	1.744979	0.092378	0.313242	0.506791	2.319811	-0.253405	1.292431	-0.200801	-0.052270	0.579340	0.664668	0.053002	0.586680
	0.417253	-0.074674	-1.207574	0.559449	-0.464705	0.507091	1.514878	0.192629	0.528961	-1.121161	0.461179	-0.543932	-0.792786	0.228881	0.691016	0.445075	0.923893	0.319339	0.680985
	0.422029	-0.552950	1.065345	0.450519	0.641992	0.038809	-1.310285	-0.093051	-0.359233	-1.733182	-0.481340	0.964568	1.115893	0.770929	-0.808386	0.422194	-0.685711	-0.360975	-0.314623
	-0.652753	-0.799300	0.353798	-0.513060	-0.279106	0.346481	-2.086578	-0.263363	-1.074807	-1.523552	-1.864827	-1.025942	0.548156	1.218859	-0.197934	-0.857958	-0.568156	-1.376791	0.132960
	-0.327674	-0.999734	-2.228395	0.039277	-0.154725	-0.245148	-0.130640	0.238732	-0.140561	-1.432186	0.430174	1.069872	-0.402582	0.111948	-0.272629	0.113361	0.309843	-0.635826	0.585310
	-0.162193	-0.305824	-0.146251	1.572736	-0.688789	-0.088612	2.098058	1.149283	0.644401	1.915158	3.654319	-0.200247	0.425181	0.220037	1.008704	0.801107	1.941129	0.806493	1.090487
	0.286712	0.015148	1.205815	-1.290077	-0.465841	0.131931	0.761840	0.198818	-0.446716	-0.484385	2.043400	0.296584	0.212861	0.637894	0.306966	-0.170225	-0.493129	1.112765	0.750710
	-0.360637	-1.922388	-1.029730	-1.441842	-0.347603	-1.282714	-1.785593	-0.527256	-2.023596	-2.946972	-2.790716	-0.028103	-0.133902	-0.770145	-1.274984	0.387139	-1.260303	-0.724123	-0.098018
	-2.602462	-0.621092	-2.158296	-0.047126	-0.545229	0.050340	-0.914737	-0.282689	-0.693992	1.781857	-0.559117	0.121372	-0.837010	-0.572523	-0.561898	0.236820	1.381805	-0.136015	-0.298327
	-0.575647	-0.420870	-1.536211	0.484551	0.136922	-0.361416	-0.263212	-0.073907	-0.403267	1.020520	1.901584	-1.109058	0.530060	-1.851701	-0.176232	-0.339007	1.465136	-0.239956	0.540920
	1.176895	0.391589	0.748730	1.112798	0.675024	-0.531323	0.754854	0.823415	-1.045291	-0.943449	1.071751	0.989145	-0.175549	0.318225	-1.119691	1.459548	0.357490	1.126709	0.315379
	-0.033546	0.340114	-0.810953	-0.656148	0.301591	-0.504927	-1.448336	-1.498885	-1.674887	-2.200441	-1.845063	0.351751	1.437035	0.731736	0.175369	-1.652563	-1.527279	-1.157058	-0.969024
	0.400065	1.414901	1.167066	-1.107664	0.469526	0.471876	-3.325908	-0.582393	-0.049878	-0.992409	-1.138105	-0.888654	0.385599	-0.181326	0.087510	-3.581149	-2.692035	-1.159309	-0.309982
	0.898787	1.323699	0.581958	0.313174	0.767024	0.063063	-1.038341	1.019121	0.667154	1.802742	1.339443	-2.599996	1.104817	0.167667	0.240620	0.105596	-0.097481	0.090264	-0.047766
	2.008018	1.114101	-0.620252	1.743706	0.542563	-0.082422	0.398127	0.007663	0.174180	-0.493717	0.781093	-0.670040	-1.148596	-1.012230	0.475472	0.254429	0.934212	-0.238256	-0.058230
	0.369381	0.174696	1.253633	0.244012	0.328679	0.596685	2.138181	-1.769796	0.273330	-3.234805	-0.602198	-0.719246	-0.479283	0.570143	-1.525290	-0.119151	-0.569779	-1.280859	-0.364355
	-0.778507	-0.402025	1.524584	-0.516623	0.219791	-0.320531	-0.825308	-1.344133	-0.480903	0.010601	-0.514927	0.210705	-0.558755	1.053113	-1.335126	-0.282578	-0.078762	-0.589544	0.436953
	-0.115686	0.163382	-0.173442	0.346860	0.009669	0.750964	0.417534	0.977503	0.221344	0.242562	0.851272	1.086118	0.605504	0.679184	-0.664161	-0.232148	1.241944	0.342118	0.234260
	1.176367	0.701312	-0.170034	0.808108	0.494889	-0.149024	2.391758	-0.694162	1.192504	-0.450800	1.995235	-0.237471	0.367047	-0.404268	-1.593120	0.250628	0.877121	-0.341098	0.991026
	-1.215585	-0.508095	-0.598477	-1.126189	-0.651537	-0.803816	0.343483	-0.799904	1.091336	-1.378233	-0.782693	0.369817	-0.168586	-0.569361	-0.077553	-0.435999	-0.037556	-1.315453	-0.165181
	-0.541819	-1.370791	0.233190	-0.961861	0.190604	-0.252545	-0.051069	-0.676189	-1.032544	0.845242	-0.303176	0.893326	0.304123	-0.815905	-1.004484	0.187499	1.269682	-0.095542	0.297029
	0.480693	-0.096231	0.036696	0.553588	0.763791	0.168349	1.443810	-0.842000	-0.393075	1.525539	1.732441	0.669924	-0.243494	0.115844	-0.847429	1.798049	3.312319	-0.094916	1.095235
	0.349374	0.061613	-0.291645	0.385395	-0.029477	0.049535	1.427562	-0.404548	0.933292	1.004528	1.200478	0.319344	0.720392	-0.151964	-1.605267	1.550969	1.574374	0.080840	0.877302
	-0.588364	-0.813071	-0.325169	-0.338302	-0.464345	-0.392456	1.578522	0.934314	1.083467	2.284542	1.855263	1.177544	0.686606	-0.889476	-2.341186	1.451673	0.591596	-0.153339	0.569681
	-0.107823	0.561043	1.217782	0.074232	-1.123072	-0.111180	1.579246	-2.009516	-0.873296	2.494534	0.634592	1.238683	0.593057	-1.823042	-0.479455	0.795142	0.837494	0.192343	0.308722
	0.288547	0.399612	1.120647	-0.481333	-0.789800	0.141505	2.346354	-1.997080	0.066190	-1.191175	-0.770589	0.600101	-0.840329	-2.630540	-0.503255	1.053972	-0.312552	0.119752	-0.548989
	0.791514	-0.037390	-1.727620	0.102336	-0.643034	-0.461323	0.422537	-1.336835	-0.224425	0.300800	-2.122136	0.847164	0.725012	-1.263960	0.077189	-0.163295	0.154437	-0.276670	-0.336325
	-0.855412	1.035039	0.812375	0.157208	0.080184	-0.130920	-0.163589	-0.873606	0.377090	3.210476	0.784255	-0.769388	-0.346441	0.505683	-0.117774	0.561232	0.934734	0.418945	0.108385
	0.198860	0.497907	1.425369	1.538017	0.240991	-0.364572	0.272423	-0.366727	-0.938601	1.887070	0.208939	-0.185404	0.071067	1.753271	0.952093	0.408769	1.019421	-0.332347	-0.175039
	0.068979	-0.047966	0.757584	0.135253	-0.011058	-0.125231	1.202767	-1.917888	0.133597	-0.900060	-1.861778	-0.748379	0.658404	0.928359	0.986303	0.266766	0.967432	-0.004737	-0.274151
	-0.772156	-0.326157	0.409988	0.401376	0.103873	0.316494	0.958442	-1.596231	-1.300114	-0.310619	-2.465202	-0.186040	-0.479829	-0.007579	0.766359	0.260233	-0.239591	0.520465	-0.119604
	0.074644	0.271461	0.226499	0.833761	-0.147142	-0.002719	-0.600648	0.446339	0.094409	0.904191	0.341789	0.470942	0.670398	0.348291	1.347423	-0.592180	0.758474	0.391121	0.241453
	0.288360	-0.660925	1.448911	1.630820	0.072554	0.199252	0.766536	0.373423	-0.329084	1.140682	0.976125	-0.978799	0.331964	1.375629	0.363183	-0.130418	0.624862	0.533641	1.028584
	-0.678858	-0.632891	0.561212	0.935618	-0.770313	0.363406	0.080228	-1.648281	-0.899940	-0.187038	-0.579406	0.266725	-0.835954	0.486878	-0.050656	1.419339	1.277662	-0.652452	0.063283
	0.201207	0.751071	0.430523	0.188013	0.396862	-0.720065	-1.401497	-1.003725	0.276396	-0.534280	-1.282368	0.216070	-0.782116	0.749814	0.177343	-0.445966	0.853757	0.159024	0.853118
	0.955025	0.317813	2.577706	1.373074	0.192299	-0.501037	-0.708863	1.335102	0.423765	2.054141	0.883718	0.124553	-0.462257	0.516000	0.300209	1.060227	0.725586	1.296678	0.229460
	0.027607	-0.145165	1.205523	0.060640	0.535531	-0.215969	-0.498415	0.148045	0.128206	2.980992	2.078897	-1.030040	-0.283383	1.344127	0.611680	-0.138162	1.521710	0.551837	0.050883
	0.868935	0.051810	0.150530	0.930618	-0.241429	0.396567	0.269763	-0.216457	0.762712	0.052657	-2.130133	-0.621533	0.211030	0.566056	0.703069	0.361949	1.428178	-0.316299	-0.903109
	-1.614116	-0.314470	1.449926	1.082509	-1.162798	-0.165186	0.726075	0.550486	0.164754	0.559864	-0.166065	-0.320174	-0.471674	-0.299294	-1.239880	-0.796512	1.537743	1.124056	0.473881
	-1.124308	-0.675850	-0.120513	0.588772	-1.208384	0.630657	1.378232	-0.655887	1.057362	1.643412	0.917597	0.581782	0.665106	0.061573	-0.695123	-0.079303	2.705770	1.112064	0.207710
	-0.343087	0.267249	2.020564	0.361452	-0.143861	0.313897	0.309013	-0.031686	0.335008	-1.839703	-2.642514	0.916654	-0.259598	-0.748805	-1.667483	-0.490944	0.719452	0.214420	0.096117
	0.731847	0.174726	1.898862	1.285839	0.704896	1.050680	0.259544	0.946617	1.247937	-0.438038	-2.100195	0.993850	0.411073	-0.295616	-0.118747	-0.841698	-0.762148	0.507196	0.149051
	1.140446	1.399425	2.577150	1.047458	0.425659	0.964978	0.345149	0.807648	2.246549	0.620397	0.015199	0.280396	-0.383490	1.291278	0.206616	-0.293117	0.873619	0.009214	0.462328
	1.120826	0.843519	1.641875	1.219552	0.579670	0.808475	1.174757	1.510584	1.774756	0.279553	-0.511941	-0.646482	0.051595	0.659071	1.221754	-0.598176	0.761065	0.926064	-0.076290
	0.909722	1.198233	1.091202	1.887887	0.245592	0.576816	0.267239	1.455118	0.311064	0.360387	0.648412	-0.246783	0.763577	0.474404	0.847236	-1.479241	-0.611742	1.869871	0.239128
	2.127165	1.347869	1.899380	2.207861	1.057100	0.682272	-1.262142	0.388000	1.927207	0.643823	0.890423	0.381833	0.993446	0.301474	2.005746	-0.429546	-0.398865	1.219239	0.719446
	1.533483	0.187585	1.543777	1.090947	-0.232709	0.435410	1.608142	0.600586	0.289511	2.000094	0.841177	-0.155773	-0.063637	1.014646	1.434603	0.197533	-0.447687	0.579339	0.244823
	1.269551	1.677554	0.644314	0.447554	0.874711	-0.233636	1.884294	1.678872	2.474970	-0.110345	1.674666	0.526641	0.611189	0.747803	0.333716	0.655896	-0.063646	0.087810	0.296539
	0.636816	-0.064469	0.721210	-0.368444	0.813882	0.477105	3.114567	1.727811	2.861322	3.370692	3.111831	0.404684	0.339851	2.079067	0.587912	0.774147	1.681597	2.004767	0.054071
	-0.220697	-0.253323	0.625094	0.449767	0.937499	0.423192	0.647668	0.244190	0.879135	2.132193	0.582497	0.723838	-0.398676	-0.230656	-0.394723	0.951655	-0.570028	0.455985	0.297702
	-0.171091	2.037765	1.719977	-0.294571	0.158237	-0.485327	0.277635	-0.770072	-1.701900	-1.888505	-2.722520	-0.636949	-0.459063	0.372218	-0.265811	0.689632	-2.574287	-1.181153	-0.434190
	0.578916	-0.106848	0.450897	-1.937256	0.885314	0.189504	1.053463	1.173897	-0.215087	1.023661	0.756266	0.607875	0.124998	-0.306412	-0.549651	0.749855	1.089872	0.659017	0.451089
	-1.500113	-0.891982	-2.550781	-0.997113	-0.356584	-1.549376	-2.048954	1.337690	-0.105772	2.172203	0.515779	-0.629977	0.207434	1.065607	-0.421981	0.789201	1.156540	1.272220	-0.706292
	-1.101176	-1.762114	-0.890241	-0.181825	-0.757464	0.576724	-1.286856	0.982836	0.599889	0.628502	-0.233822	-1.807389	-0.607396	1.155511	0.991255	0.124136	0.278217	1.359311	-0.568628
	0.195585	0.637136	0.979157	0.116921	-0.526280	0.250752	-2.919797	0.489074	0.825114	-0.096188	-0.699951	-0.713870	-1.036395	0.350843	0.739739	-0.582737	-0.190240	0.621732	-0.745296
	1.940419	-0.502754	-0.072143	-0.353565	-0.464803	-0.284291	-1.782287	1.117004	-0.244146	-0.069283	-0.156389	0.502292	0.465771	-0.958800	1.263660	-0.565922	-0.499144	0.348221	-0.944108
	-0.507142	0.051394	-1.187937	-2.512842	-0.140910	-0.583480	-1.755018	-0.589308	-1.017660	-1.886527	-1.219957	-0.374778	-1.146671	-2.298609	1.597308	0.220562	-0.845852	-0.895727	-0.562178
	-0.801324	0.073582	0.696614	-0.815906	0.117377	0.128899	0.910096	1.086217	0.084419	-0.549503	-0.650192	0.911146	-1.123311	-1.394771	-0.021560	1.041342	-1.605897	1.031057	-0.804368
	0.734584	-0.361313	0.994979	-0.017822	-0.451483	0.092080	1.330166	2.092479	2.600386	2.383871	0.703028	-0.299900	0.669240	-0.929783	0.972278	0.696822	-0.648017	-0.167605	-0.042824
	0.426060	-0.870450	-1.010491	-1.888182	0.328114	0.280947	-1.537797	1.257529	-0.121003	0.262648	0.710838	0.162764	0.154818	-0.413844	0.068952	-0.639494	-1.495751	-0.405956	-0.357748
	0.506837	0.714777	-0.742746	-0.475974	0.002914	0.131864	-0.355693	0.346046	-1.274132	-1.142991	0.291901	0.643112	-1.082781	-0.329226	0.991143	0.817189	-0.801461	0.454799	0.071992
	-0.411613	-0.213599	-1.057839	0.740920	0.185915	0.158636	-1.109624	1.400262	2.434424	1.594823	1.162794	0.507390	-1.562763	0.566536	-0.212608	0.306991	-0.702511	0.338061	0.155621
	-1.273356	-0.588092	-2.786666	-0.671032	0.293311	0.813642	-0.980244	0.641489	0.726323	-0.078517	1.169060	-0.032641	0.178379	0.588768	-0.352702	-0.616369	0.043372	-0.541381	-0.061383
	-0.638036	-0.398314	-0.563263	-0.362981	0.022827	-0.040272	-1.963090	-0.064071	-2.383502	-1.095033	0.613846	0.216768	-0.973120	-0.207484	-0.292409	-1.435378	-2.077701	-0.273948	0.434958
	-0.979613	-0.787766	-0.813966	-0.295611	-0.598716	0.476989	-0.051966	-0.768007	-1.938487	-0.058651	0.322244	-0.452036	0.322083	-1.054160	0.349838	-0.004718	-1.384208	0.243089	0.305263
	-1.497561	-1.379961	-3.150094	-1.285261	-0.587437	-0.587816	1.520193	0.380465	-0.782594	0.456799	1.166761	0.207926	0.065817	-1.021356	0.895542	-0.408352	-0.389777	-0.324721	0.564896
	-2.121516	-2.081553	-2.212586	-1.655012	-1.326496	-1.213095	-0.961904	0.047357	-1.219042	-0.239299	-1.224808	-0.018368	-0.049020	-1.807121	-0.501806	-0.105629	0.229957	-0.025311	-0.279788
	-0.249943	-0.159388	-0.742353	-0.738417	-0.834198	-0.419115	-0.222298	0.158506	0.063134	-1.662077	-0.105935	-0.166303	-1.287015	-0.330138	-0.992757	-0.578594	-3.147266	-1.371036	-0.360186
	0.346125	-0.233040	-0.734266	-0.458537	0.748700	-0.907057	-0.468170	-0.677011	-1.097148	-0.008597	0.482422	0.810573	0.631463	1.260458	-1.395230	-0.182877	-0.863275	0.022379	-0.200790
	-1.673128	-0.537781	-3.209561	-1.217720	-0.311623	-0.511873	-0.187128	-1.452246	-2.564130	-0.469281	0.760640	0.469254	-0.079935	1.242061	0.637637	-0.022465	1.050509	0.144684	0.045640
	-1.193657	-0.313982	-1.433381	-1.468580	0.130825	-0.077775	-0.422218	0.283394	-0.690346	-0.577758	0.174400	-0.299905	-0.483982	0.284673	0.500058	0.355320	0.374247	0.624212	0.476692
	-0.445759	-0.075451	-0.063999	-0.666993	0.210825	0.000608	-0.902479	-0.876490	0.318948	-2.605752	-1.794937	0.183366	-0.871795	-1.151628	0.095788	-0.817120	-1.605625	-0.755525	-0.714815
	0.710182	-0.492356	-0.585986	-0.607544	0.210289	-0.169532	-0.795526	0.175570	0.325735	-1.544982	-0.443731	0.301940	1.100750	-0.284686	-0.534340	-1.787344	-2.515571	-0.849746	-0.859570
	-0.415880	0.049747	-1.832243	-0.861437	0.543514	0.020603	0.779137	0.253409	-0.267358	0.559348	1.968822	0.615130	0.463478	0.794249	0.197107	0.104112	0.607704	0.473826	-0.437059
	-0.891642	-0.850963	-2.890329	-0.566253	-0.459348	-0.485570	0.760990	0.732844	-0.332330	0.010694	0.382347	-0.386613	-0.683388	0.505728	-0.676425	-0.102984	0.910326	0.236868	0.758353
	-1.344060	-1.193261	-1.295593	-1.819185	-0.104257	-0.716773	-0.591485	-0.962106	-1.029121	-1.670953	-0.967720	-0.901825	-0.752145	0.744608	1.061640	0.290887	-1.041260	-0.311673	-0.258991
	-1.458734	-0.883680	-1.106681	-2.059207	-0.343859	-1.011593	0.212947	0.513313	0.414494	0.467800	1.220738	-0.291347	-0.373056	0.449001	0.725733	1.104349	0.049296	-0.434577	-0.420811
	0.329921	-0.264742	-2.293761	-0.519597	0.581374	0.937711	0.933845	0.577960	1.305216	2.189212	2.030692	0.022826	-0.602674	0.925413	1.256507	0.594323	1.591320	-0.200421	-0.315678
	0.129096	1.212856	-0.795100	0.675775	0.510560	0.296137	2.033802	-1.077948	-0.507949	0.012964	0.130378	0.046140	0.046739	0.592618	0.959648	0.554957	0.735134	-0.205738	0.824885
	0.392744	0.493136	-1.013134	-0.275082	-0.138422	-0.020818	0.075933	-1.136670	-2.204153	-2.397566	-0.067559	0.282480	0.054122	1.050761	0.153888	-0.501576	-2.247691	-0.499025	0.083684
	-0.684210	0.022297	-1.557586	-1.490305	0.090969	0.326109	-0.941023	-0.621115	-1.051621	-0.189742	0.182867	-1.180767	1.343186	-1.166146	0.188543	-1.880860	-3.567903	-2.116360	-0.053830
	-0.037042	0.026113	0.117106	-1.602819	1.066693	0.706453	-1.448238	-0.129022	0.507240	-0.886448	-0.956275	-1.118148	-1.359460	-0.633029	-0.064137	-0.295930	-1.714533	-0.733483	-1.575420
	2.213984	0.729842	1.038471	1.440614	1.810414	1.916197	0.831080	-1.055782	-1.120664	-0.518143	-0.523230	1.376820	-0.681742	0.214846	0.454459	-0.672168	0.052808	-0.890379	-0.474530
	0.950889	1.361255	-1.306742	1.400068	1.662744	1.235388	0.369071	-1.323423	-1.783199	-1.237341	-0.614553	0.593986	0.744540	0.157493	1.056505	0.648125	-1.449523	-0.555706	0.142137
	-0.358923	0.010756	-1.057567	-1.289921	-0.294202	-0.262150	-0.215747	0.132723	0.236750	-0.228691	-1.899092	0.449848	1.369003	0.090250	-0.485168	0.238105	-0.807856	-0.213825	-0.661423
	-1.431012	-0.642379	-0.432195	-1.485929	-0.296965	-0.066997	-1.404358	-0.800565	-1.427201	-2.296887	-1.664389	0.721743	1.225413	-0.325713	-0.703147	-1.028005	-1.715256	-2.237089	-0.836959
	2.077837	1.005234	-0.014861	0.786914	-0.069756	-0.078964	0.128752	0.545471	-0.176090	-3.162914	-0.930356	-0.802943	0.094378	-1.315707	-0.520098	-0.935759	-2.341056	-0.864064	-1.217897
	0.800567	1.036730	-0.210148	2.529278	0.220340	0.176433	-0.765244	0.636633	0.834864	0.394530	-0.382080	1.195384	1.838972	0.525358	-0.715839	0.209111	-0.199973	-0.151431	0.817979
	-2.426725	-1.805137	-2.718667	-1.953519	-1.175782	-1.210938	-0.236701	-0.499651	-1.691018	-2.477660	-1.083769	0.020976	0.365448	-0.634870	-0.399438	0.114978	0.643616	-0.993772	0.151132
	-1.477132	-0.704564	-0.626898	-1.860315	-1.625436	-1.176898	-1.479885	-0.706519	-2.649469	-2.109212	-1.957485	-0.480146	0.694138	-0.703332	-1.598302	-1.393693	-2.237383	-1.820257	-0.234517
	0.602303	-0.362868	-0.036313	-0.818617	-0.779469	0.123436	-1.879998	0.157785	0.478977	-1.983350	-0.894156	-0.100701	-0.500091	0.451343	-0.593501	-0.178686	-1.107168	0.102907	-1.205488
	0.765522	0.346471	-1.116690	1.174881	-0.419489	0.093398	0.242825	0.695184	0.609294	-0.956543	-0.167392	0.247494	-0.380804	0.280447	-0.853307	0.459886	2.043191	0.531706	-0.495184
	-1.694081	-1.304662	-0.516569	0.546153	0.078924	-0.344231	1.737151	0.067119	1.048202	-1.143787	-0.711142	0.423507	-0.103066	0.191362	0.007115	0.695140	0.426911	-0.137015	0.172105
	-2.036368	-1.362174	-1.094186	0.336340	0.828193	0.244570	-1.164672	-1.137490	-1.136912	-3.217982	-1.362927	0.281798	0.296626	-1.205292	-0.759697	-0.348909	-1.780339	-2.294467	0.097872
	-0.140176	-0.149945	1.193154	-0.270078	0.656436	-1.023888	-0.633846	-0.516434	-0.683093	-0.174814	-0.321871	-0.270411	0.189462	-0.092160	-0.105948	0.916928	0.788053	0.255410	0.525317
	0.660348	-0.453560	-1.102996	0.675503	0.269805	-0.037094	0.417041	1.567959	2.976352	0.007875	0.281786	0.455597	-0.706204	0.290249	0.442968	1.243627	0.452160	-0.329595	-0.841935
	0.170344	-0.153359	0.154354	1.573133	-0.190714	0.198023	0.232594	-0.324504	0.367579	-0.058336	-1.409405	-0.381044	-0.023038	0.050577	-0.491560	-0.900745	0.285508	-0.419164	-0.476932
	-0.014313	0.278054	1.203109	1.223741	-0.427015	0.018478	0.046524	-2.525543	-1.779291	-1.282646	-2.247678	-1.074168	-0.130673	-0.049083	-0.317628	-0.773263	-0.495852	-0.909991	-0.142760
	-0.488903	0.083930	1.191705	0.686903	-0.356464	0.478635	-3.040533	0.413180	-0.101773	-0.822456	-0.233461	-1.437703	-0.738267	-0.379670	-0.281820	-0.580238	-0.679658	0.124610	-0.602465
	0.853760	0.440700	0.055776	0.446588	-0.942713	-0.309315	-1.500150	0.197076	-0.464790	-1.431403	-1.368314	-0.606132	-0.827452	-1.914958	-1.018421	-0.162701	-0.667639	-0.944220	-1.025985
	0.534517	0.463339	0.488928	0.440718	-1.028809	-0.184141	1.179487	-0.218108	1.150531	-0.538787	-3.433805	0.915081	0.716366	-0.681948	-1.226207	0.688916	-1.065695	-0.363698	-0.074252
	-1.250571	-0.610335	-0.146323	1.819648	-0.730465	-1.411234	-0.049500	-1.225931	-1.811839	-1.772881	-2.512577	0.744486	0.407765	-2.021235	-0.753321	-0.399076	0.185507	-0.405727	0.805023
	-0.318367	-0.355844	1.373671	-0.294719	-0.576769	-1.015721	-0.446183	-1.606436	-1.682808	-1.066391	0.563968	-0.072164	-0.012809	0.645084	-1.543825	-1.664417	-0.569517	-0.053462	-0.488813
	0.749729	1.609591	0.857319	-3.707118	-0.681875	-0.241706	-1.771668	-1.396732	-0.000210	-1.120876	-2.178015	-0.102956	-0.303355	0.560256	-0.270694	-1.275284	-2.068172	-1.203718	-1.389067
	1.473699	1.040925	1.380524	0.281685	0.130797	-0.375216	-0.433096	0.205074	0.556962	-0.576229	-1.012498	-1.130432	-0.308999	0.062138	1.007449	-0.587154	-1.552456	-1.149384	-0.460543
	-0.600838	-0.055133	0.208857	1.043801	-0.504869	-0.097348	-0.391297	-0.637151	0.850920	-1.536011	-1.105090	0.071895	0.267986	-0.589085	0.556159	-2.145272	-1.588640	-0.527318	-0.104540
	0.306109	0.216826	0.763422	-0.579244	-0.176229	1.098035	0.626050	-1.286661	-0.941505	1.647808	1.215513	-0.869181	-0.134521	0.750855	-1.290483	-0.622941	1.867546	0.516373	1.121783
	-0.116787	0.308866	1.930748	0.687412	0.324125	0.413424	0.196154	0.186182	1.714122	-0.265477	1.701658	1.409172	0.818236	0.637284	0.528419	1.136345	2.357766	-0.340625	0.322196
	-0.570453	0.078165	-0.970971	0.534068	1.307524	0.546255	2.962164	1.268375	0.703260	0.597293	-0.254135	0.757779	0.420340	-0.135546	1.098672	0.939556	2.022692	1.931745	0.612705
	0.606904	0.512197	0.657129	0.081044	1.651378	0.178636	1.718173	0.665389	0.353928	0.619307	1.731074	0.761680	-0.044181	0.680653	0.501085	0.453004	-0.253430	0.790497	0.559875
	2.076383	1.576457	2.302714	1.299289	0.598911	1.014674	1.529716	0.285650	2.032424	3.425674	2.091464	0.684472	0.345707	2.314906	1.801711	1.214373	1.859387	0.935669	1.026654
	0.276728	0.703566	-1.432394	1.564632	0.192355	1.022822	1.110815	0.362061	1.446910	0.281522	0.590747	-1.244568	-0.132024	0.459308	0.413037	1.311097	1.685781	0.059077	-0.201169
	-0.240780	0.455184	0.866584	0.020892	-0.903467	-0.144225	1.922255	-0.906939	-0.340397	-1.159852	-2.075876	-0.051072	1.066704	-0.108517	-0.136984	0.202500	-1.198884	0.289605	-0.219964
	-0.247418	0.132399	1.304491	-0.748744	-0.654335	0.402981	0.408363	-0.714010	0.200286	1.145351	-0.483691	-0.001019	-0.441922	-0.006832	-0.254674	-0.656428	-0.193222	1.089887	-0.453269
	1.884208	0.921198	1.685008	-0.244891	-1.002164	-0.251598	-0.751740	-0.438267	2.312306	-0.448332	-0.136582	-0.201083	0.363431	0.076849	-0.179463	0.280037	-0.313389	-0.890278	-0.450337
	1.089934	-0.142239	1.596439	1.968659	0.064749	-0.562817	2.210990	1.067159	0.933576	1.511723	0.112905	-0.084861	-0.931974	-0.505012	-0.313386	0.059690	0.774521	0.644934	-0.247508
	-1.734311	0.728329	1.115591	-0.793685	0.759176	-0.186656	1.334043	-1.037439	-0.998586	-2.409390	-0.688299	-0.560153	0.735233	-0.628981	-0.580601	1.142996	-2.444962	-0.147282	-0.266242
	0.736997	0.365423	1.104054	-1.038520	-0.155252	-0.104886	1.229082	-0.913402	0.017057	0.057469	-0.712993	0.836396	-0.095022	-0.457034	-0.672298	-0.018270	-0.120237	0.502159	0.142372
	-0.149695	-0.147944	1.008648	1.033804	1.089333	0.250372	0.758197	-0.433886	0.404926	0.793696	-0.225614	0.048350	0.979751	-0.553444	-1.580851	2.182962	2.139516	-0.359062	0.409270
	0.000560	0.361378	0.223557	0.976336	-0.045109	0.825555	0.062137	0.903130	0.679858	0.221239	0.642387	1.075729	0.589987	-0.234977	-0.817606	1.177458	1.964242	-0.470744	0.433298
	0.546815	0.307860	0.046203	0.731771	-0.257451	-0.581113	-0.124748	-0.001824	0.510466	1.968797	1.434631	0.699595	1.099410	-1.160777	-1.529111	1.460619	1.871380	0.258241	-0.188192
	0.579630	0.056022	0.420111	-0.113023	-0.422214	-0.633099	-1.016302	0.088506	-0.557376	-0.333321	-0.062805	-0.519136	-0.839675	-0.259730	-1.025243	1.435114	0.844729	0.020097	0.626951
	1.397647	0.671599	0.087016	-0.029046	-0.264616	0.551859	-1.312029	1.894115	0.383155	2.230851	1.166821	-0.303077	-0.090509	-0.094282	0.265049	0.068801	1.066780	0.889937	0.832194
	1.486173	-0.078600	-0.027857	0.731062	-0.777518	-0.335998	-0.524803	1.238098	1.332300	3.574537	2.894410	0.412405	-0.615533	-0.476123	0.951576	-1.049927	1.179997	0.966938	0.081686
	0.453355	-0.021443	-1.358042	0.308625	-0.249409	-0.242391	-1.126552	1.159188	0.671306	0.977777	1.917280	-0.517830	-0.766294	-0.481282	-0.250596	-0.895533	1.030901	-0.496287	0.370043
	-0.794798	-0.635658	-1.141747	-0.575784	-0.165241	-0.058324	-0.843205	0.718131	0.045281	2.834655	1.319346	1.349627	0.822661	-0.067263	0.663120	0.049494	0.655420	1.293363	0.908490
	1.466967	0.077396	0.932516	-0.978933	0.477595	-0.180511	-0.092201	0.935442	1.008174	0.209628	1.084473	0.926407	0.500450	0.778336	0.438768	-0.541069	-0.801124	-0.784878	0.711336
	0.543531	0.367409	-0.710082	1.146429	0.388150	0.161229	1.023287	1.221538	1.632264	2.741749	1.577015	0.599446	-0.319852	0.619700	0.119960	0.164391	1.110678	1.315623	0.452630
	0.844556	0.092721	-1.946159	0.496875	-0.197031	0.362956	1.300613	-0.228531	-1.073783	2.106807	0.572460	1.649056	-0.342485	1.435208	0.654881	0.504235	1.216960	0.654134	0.950434
	0.093279	-0.685222	-2.047133	-1.800846	0.132788	0.189682	0.076149	-0.363883	-0.722097	0.685704	1.012562	0.357074	-0.372891	1.203240	0.822299	0.335013	0.254458	-0.368978	0.088023
	0.180763	1.129107	0.031919	-0.560246	1.158510	0.279158	-0.143768	1.090298	1.358097	2.407409	1.630726	-0.209826	0.027948	1.192665	0.801997	1.839949	1.953076	1.313812	0.246251
	0.324511	0.411887	-0.978988	0.668674	-0.296137	0.402711	0.059805	0.478124	0.306860	2.411397	1.346388	0.376348	-0.182346	0.093109	0.207883	0.044007	3.014501	2.336460	0.566375
	-1.766759	-1.258265	-2.539280	-1.177506	-0.061777	-0.534442	-0.501448	-1.174545	-2.810626	-0.279194	-0.617457	-0.331623	0.263636	-1.009625	-0.907685	0.108061	0.440641	0.934274	-0.755850
	-0.372018	-1.235222	-0.596814	-1.443982	-0.573752	-0.587562	-1.981996	-1.743202	-2.874450	-1.420440	-0.678383	-0.552452	0.402733	-0.413800	-0.193646	-0.980426	-1.408772	0.164779	-0.112234
	0.781498	0.314842	0.189794	-0.111085	0.271220	-0.174692	-1.216043	1.218129	1.872099	0.565443	1.848040	-0.755418	-0.425265	-0.260141	0.643792	-0.691330	-0.260137	0.232186	-0.304889
	0.846039	0.931787	0.878137	0.068958	0.182222	1.037317	0.156261	3.380159	1.210129	3.171856	3.168258	-1.170603	-1.297465	0.681135	2.860226	-0.157901	1.483365	1.119885	0.300994
	-1.254536	-0.704931	-2.446879	-0.378105	0.091519	0.449780	-0.714523	0.874475	-1.042271	-0.014387	0.851937	-1.678975	-0.664544	-0.569834	0.307260	0.091373	-0.028502	1.193800	0.438681
	-0.207848	-0.415546	-1.442505	-0.085425	-0.343867	0.031666	0.588938	-0.809770	-2.524477	-0.728481	0.200077	0.264568	1.460191	-1.473493	0.313797	-0.547262	0.803063	0.056649	0.025390
	-0.614681	-0.501220	-0.242998	0.602954	-0.053939	-0.935296	0.068600	-1.177745	-0.605071	1.028305	0.182772	0.079401	0.634023	-1.614193	-0.925872	1.382335	0.314725	-0.224720	0.420832
	0.524080	-0.792875	-1.188743	-0.441527	-0.225172	-0.411382	-0.324985	1.187361	-0.753079	3.833683	1.393923	-0.132609	-0.403973	-0.595741	-0.250056	-1.353333	0.212191	0.463139	0.312639
	0.580812	-0.174097	-2.487879	0.532528	-0.578466	-1.557555	-2.674521	-0.825745	-1.302701	-1.276770	-0.219446	-1.328584	-0.033209	-0.310211	-0.010947	-1.590945	-0.785975	0.049454	0.186265
	0.300218	0.334137	-0.541094	0.667522	-0.530153	-1.156589	-1.689514	-2.006258	-1.732880	-0.656075	-1.289153	-0.597220	0.086125	-0.642580	-1.173803	-0.960556	-0.939929	-0.799645	-0.454187
	-0.574086	0.050936	0.529473	0.027010	0.456898	0.839892	-1.319079	-1.435012	-2.290032	-2.034417	-1.503576	0.275561	0.762425	0.224799	-1.131611	-0.825915	-2.183825	-1.361060	-0.372775
	-1.104404	-0.482180	-0.074310	-0.431119	-0.068708	0.418069	-1.451236	0.913714	1.244110	-0.477672	-0.669176	0.904267	0.197615	0.043532	-0.140155	-0.401889	-2.129773	-1.301423	-0.096945
	0.333854	0.158499	-0.195779	-0.240011	0.959076	0.615019	-0.370210	1.578276	1.063486	-1.538037	-1.474897	0.265609	-0.379654	-0.172746	-1.043466	-1.946767	-1.988573	-0.597893	-0.776531
	-0.696415	-0.285188	0.376923	-0.456974	-0.868305	-0.215458	-0.530662	-1.091225	-1.225324	-0.739418	-0.944887	-0.253355	1.179904	0.266547	-0.495035	-0.041021	-1.865631	-1.188401	-0.493776
	0.118090	0.397314	0.068685	-0.937088	-0.220252	-0.032261	-1.941370	-0.062139	-0.668498	-2.432841	-1.126828	-1.522681	-0.121635	0.743488	0.097498	-1.237209	-0.914683	-1.255013	-0.225008
	0.598119	-0.018385	0.358207	-0.279481	0.072281	0.179124	-1.897122	0.592556	2.038558	-2.387841	-1.336387	-0.036167	-0.419381	0.514957	-0.671980	-0.996555	-1.736322	-1.159642	-0.944384
	-1.581439	-0.719968	2.305139	1.689059	0.533205	0.339334	1.291996	-0.572431	1.313422	-0.624325	-0.586040	0.666929	-0.105344	-0.270972	0.411292	-0.169915	-0.782034	0.067225	-0.082936
	-0.709374	-0.197545	0.254563	-0.261771	0.230844	-0.787540	-1.261214	-1.032191	-2.928686	-2.516896	-3.392550	0.635974	1.141374	-0.189177	-2.266106	-1.450093	-2.751892	-2.220920	-0.294278
	0.817221	0.028957	-0.568424	-0.828948	-0.503192	0.211455	-0.100728	-2.158925	-3.191675	-2.203139	-1.083630	0.465835	0.345432	0.573364	-0.816782	0.328849	-0.939407	-0.969588	-0.553266
	-0.781469	-0.568642	0.728402	-0.056647	0.125085	-0.296549	-1.859320	0.203638	2.086418	-0.188539	-0.054785	-0.518579	0.717362	0.034560	0.238456	0.356983	-0.432370	-0.863966	-0.172131
	-0.246450	0.163653	1.148018	1.148125	-0.462938	-1.141349	0.441540	1.429991	0.996806	-0.313469	0.165361	-1.621403	-0.755844	0.698351	0.323764	-1.738610	-0.301505	-1.034368	-0.125426
	-0.219279	1.001688	-0.184640	-0.290127	-0.625371	-0.914131	0.710912	-0.826815	-0.505361	-1.820888	-0.583963	-0.544379	0.332036	-1.409441	-1.230073	-0.597536	-0.917145	-1.164617	0.066756
	-0.203070	-0.784302	-0.445895	-0.370251	-0.598907	-0.206888	-1.573289	-1.522745	-1.321432	-1.628844	-1.298587	-0.592369	-0.510700	-1.185264	-0.556592	-0.445387	-2.005502	-0.067571	-0.399638
	1.168263	0.209428	1.201565	-0.606563	-0.286862	0.433058	-1.486143	0.075772	0.683692	-2.562165	-1.656832	-0.109830	-0.703491	-0.368535	-0.538813	-0.974420	0.170434	-0.469477	-0.220839
	0.464621	0.657290	2.143627	2.585319	-0.223977	-0.179101	-0.134645	1.764872	2.604978	-1.355931	0.234192	0.146231	-1.770048	-0.806855	-0.237685	0.519611	0.888365	0.513027	0.193838
	0.206746	-0.104726	0.936949	1.834666	0.476668	0.402475	3.194452	1.055694	2.439588	0.628806	1.443131	0.429043	-0.834457	-0.515487	0.052276	0.919340	1.575608	0.899533	0.739759
	-0.861060	0.026055	0.932251	-1.872394	-0.016803	-0.242306	-3.050213	-0.736873	-0.912595	-3.203348	-1.656820	-0.591367	0.082789	0.348514	-0.813397	-1.802600	-2.284663	-1.400546	-0.058040
	0.665608	-0.238142	0.050747	-1.877919	0.094408	-0.203246	-2.414032	-0.042219	-0.378806	-0.554773	-0.744524	0.501081	-1.540281	0.150555	0.654146	-0.048304	0.145830	0.107030	-0.255465
	1.110256	1.267200	2.061779	1.717568	0.486727	-0.465935	1.260058	1.420476	0.945605	0.428641	1.666290	-0.703818	-0.492694	-0.044953	1.555437	-0.101869	1.191008	0.549593	0.110232
	-1.665709	-0.987718	0.399511	0.586487	-0.151251	-0.824629	0.630277	0.192206	0.731680	1.145185	1.278378	0.564034	0.303899	0.653982	2.379659	-0.541279	-0.038594	0.880913	0.267321
	-1.578564	-1.284813	-0.884411	-2.430771	-1.129059	0.461019	-1.685490	-0.954708	-1.903546	-2.277856	-1.785927	-0.598987	0.416172	-1.139215	0.457679	-1.339153	-0.409333	-0.880874	-1.479814
	-1.097943	-0.920820	0.302630	-0.363811	-0.248489	0.318812	0.834331	-1.480370	-1.593378	-0.744842	-0.662325	0.317722	-0.696542	-1.866735	1.036559	0.855663	1.253302	-0.005137	-0.219974
	-0.178278	0.033458	0.258444	1.178557	-0.497688	0.620390	1.381726	-0.628560	-1.094184	-0.867427	-0.947766	-1.047991	-1.404222	-0.306974	0.056246	-0.000537	0.735693	0.089550	-0.186217
	-0.793445	-0.275272	1.418890	1.370818	0.209808	0.552398	2.045777	-0.205973	0.310141	-1.396822	1.104819	0.625205	0.565554	0.648544	0.330626	0.789356	1.871967	1.779867	0.661938
	-0.430122	-0.522075	0.366280	0.501315	1.023163	0.182600	2.636902	-0.989443	0.683039	-0.023892	0.253563	-0.323006	0.618065	0.930381	-0.277548	1.033460	-0.045256	-0.623934	-0.012650
	0.004329	0.009958	0.133175	0.561096	0.564738	0.355119	2.282786	-0.939007	-0.591649	1.045519	-0.705251	0.427355	-0.599525	1.309881	-0.113472	1.266495	0.238220	-0.035071	-0.334231
	0.435044	-0.002370	1.579236	1.377450	0.814325	0.323411	-0.509971	-0.615309	-0.277477	-0.495610	-0.012086	0.343529	0.445224	0.608542	0.854598	0.472775	0.534011	0.833628	0.499659
	-0.966366	-0.858990	1.987019	0.560472	0.258256	-0.478971	0.521567	1.009605	1.341370	-0.916313	-0.045785	-0.631091	0.196822	0.964832	0.670128	1.552293	1.029143	0.451199	0.748942
	0.132682	0.684744	1.323286	0.749812	-0.009274	0.206421	2.161703	-0.096914	0.448333	1.404302	0.986591	0.159372	0.024264	0.894841	1.243750	-0.994304	0.484228	0.133739	0.571909
	-1.705004	-0.642558	-0.687711	-0.185634	-0.025965	-0.188473	2.159817	0.220170	1.062478	2.430586	1.679264	0.083580	1.173235	0.121639	0.352186	1.862948	0.989884	0.970374	0.402345
	-1.590807	-1.004805	-3.072512	-0.958071	0.959266	-0.262599	2.937047	-1.995166	-0.785026	3.518904	2.774892	0.580450	0.843078	-0.555876	-1.025250	2.548670	2.860688	0.860071	0.646042
	-0.289348	-0.606859	2.693959	-0.515697	0.205332	1.144381	3.295001	0.527398	-0.203117	5.403064	1.897748	0.752428	-0.679555	1.788343	1.140690	2.994451	3.325877	3.210417	1.289418
	0.350293	0.172209	1.126768	0.362903	0.663114	1.450402	2.151440	0.245006	1.282865	3.323011	3.097852	-0.078499	-0.611925	1.181185	0.967766	0.932259	1.822060	0.816396	0.582694
	0.801411	0.067516	0.099993	0.530440	0.746054	1.619672	3.272410	0.959817	1.551352	1.833140	1.035854	-0.281656	-0.609189	1.475376	1.536465	1.601098	2.864571	1.032849	1.137952
	0.565747	0.248112	1.909868	1.022483	0.755185	0.245090	1.335051	0.777495	-0.445930	0.799589	-0.394042	-0.202492	-0.551366	1.674081	1.796417	0.974917	1.941247	0.581879	-0.022519
	-0.386299	-0.792320	1.742877	-0.044604	0.138369	0.097220	0.398754	0.724005	-0.385635	1.541328	0.896561	-1.303991	-0.377855	0.274344	0.471991	0.143147	0.509360	1.496376	0.536687
	0.165996	0.088419	0.587819	1.083779	0.196958	0.601031	0.717919	0.192472	-0.558328	2.349175	0.949975	-0.501238	0.634480	0.869027	0.436939	0.464888	0.417704	0.994439	0.980065
	0.522729	1.131139	0.477241	1.381807	-0.010883	-0.005868	0.591628	-2.187726	-0.365597	-1.220311	-0.779013	-0.369064	-1.039502	-0.042298	-0.402695	-0.687116	-1.392813	-0.906652	0.612419
	-0.883941	-0.830672	0.220201	-0.829675	-0.102652	-0.288183	-1.651491	-0.999073	-0.425030	-0.280586	-0.524998	0.131558	1.068179	-1.524821	-1.082883	-0.524484	0.276099	0.317916	-0.053026
	-0.949126	-0.505405	1.846745	0.108190	-1.154817	-0.830500	-0.175171	-0.286433	1.037701	0.811907	0.182201	-0.210045	0.265713	-0.494508	-1.170639	0.619883	0.192635	-0.294301	0.103292
	0.087577	-0.361188	0.055495	1.282330	-0.529910	0.000179	1.588496	0.602330	-0.187301	0.637256	2.020703	0.769016	0.216116	-0.466532	-0.993291	-0.539098	1.062020	1.259274	0.375817
	-1.000745	-0.014536	1.487116	0.078870	0.443394	0.762042	0.075480	-0.570371	-2.009185	0.143595	-0.173239	0.075008	-0.794968	-1.063139	-0.944293	0.529132	1.297319	-0.866489	0.263153
	-1.181531	-1.477549	-0.260795	-0.193047	0.271975	-0.827948	-1.907688	-2.004442	-1.200043	-2.359143	-1.857076	0.693491	-1.074211	-1.788597	-1.597932	-0.689710	-1.554636	-1.799473	-0.162816
	0.927770	0.261990	1.057587	0.171504	0.972546	0.061925	1.051491	0.929705	1.133655	1.155611	1.468209	0.623545	0.381269	1.168081	0.996681	1.418471	2.947388	1.100173	1.138319
	1.691589	1.156243	2.361986	1.256667	0.947574	0.568343	2.807816	1.993887	2.537768	3.480024	3.190274	1.048562	-0.879635	2.033803	2.405391	1.401108	2.418507	1.888455	1.192121
	0.553589	1.363405	2.184739	1.201018	0.854854	0.546929	2.581083	0.830262	1.259076	3.106982	2.177974	0.345434	0.629703	1.102497	1.560860	1.463556	0.649182	1.383720	0.742650
	1.220175	-0.242398	0.402260	0.467735	-0.647156	0.430635	0.004363	0.404074	-0.311922	1.416779	0.421301	0.129262	-0.292118	2.136494	-0.328798	1.405694	2.154135	1.257212	0.221962
	0.263700	0.437867	1.421472	0.230220	-0.093360	0.260682	0.370986	-1.622631	0.706736	0.067995	0.058949	0.034908	0.944672	0.507275	0.211230	-0.921136	0.199180	-0.354788	0.163785
	-0.331031	0.924768	2.165283	-1.186097	0.442901	0.228576	0.236158	0.090026	1.515319	2.894886	1.225166	1.034168	1.288984	-0.193088	0.312796	0.793674	1.640056	0.861322	0.367585
	0.247737	0.962053	0.521691	-0.171436	0.414620	-0.486364	0.701840	1.008593	0.673898	0.209674	-0.187642	0.624054	-0.248096	-0.624978	0.621097	0.727345	-0.773110	0.439480	-0.834180
	0.708893	-0.341163	0.093405	0.598201	0.461174	-0.605475	1.005332	-0.280203	0.212473	0.811121	0.979922	-0.968707	0.042692	1.017767	0.162315	1.457294	1.452690	1.479100	0.647704
	0.136810	-0.383802	-0.141545	-0.247172	-0.518798	-0.561584	1.858034	0.815569	0.778876	3.146026	1.469066	-1.239523	0.599040	0.983408	-0.384707	0.887836	2.179578	1.463083	1.208592
	-1.954707	-0.455219	-0.561619	-0.784085	-0.329553	0.136772	-0.397903	0.782789	2.305621	3.890590	1.847364	-1.041748	0.129677	0.049937	0.058463	0.738937	0.400861	0.412385	-0.361995
	1.425467	0.356010	-0.846415	0.594791	-0.000783	0.752398	0.695487	0.070560	-0.469022	3.732766	0.118883	-0.011739	1.365559	-0.247591	0.207908	-0.463496	2.886723	1.592096	-0.045370
	0.781091	0.602163	-1.944378	0.747877	-0.921825	-0.053135	1.605168	-0.826769	-1.960017	2.143389	0.796057	0.024076	0.194972	0.078983	0.835128	0.928467	1.944300	0.783702	0.633209
	0.919730	-0.381989	-1.249579	-1.109549	-0.332399	-0.280370	-0.894808	-0.628677	-0.377973	2.487978	0.179309	-0.008398	1.162238	-0.179016	0.159138	-0.925185	0.503005	-0.067738	0.828754
	0.646661	0.227526	0.456987	-1.587755	0.112687	-0.653571	-0.146230	1.608148	1.391950	-0.137887	1.029923	-1.312046	-0.682760	0.288320	-0.083536	-0.103890	1.001849	0.181801	-0.210593
	0.830748	1.539279	-0.493593	0.366604	0.127729	0.390971	-0.594770	1.197638	1.596502	2.383892	0.003714	-0.042397	-0.779329	-0.672728	0.777903	0.205901	0.718697	1.153797	0.357644
	1.140662	1.135825	0.684141	-0.034607	0.661817	0.004108	0.240359	-0.918984	-0.249251	-0.327954	-0.157897	1.162850	-0.061671	-0.128603	-0.401722	1.026070	0.297235	-0.286130	0.043328
	1.681789	1.633994	0.406586	-0.161007	0.615789	0.289563	-0.039445	1.312606	-0.712756	-0.843583	0.940443	-0.557349	0.390739	-0.398516	-0.199219	0.391448	-2.415816	0.486559	-0.809183
	1.768821	0.513528	0.795994	1.153059	0.374199	1.056145	0.535826	2.514579	2.113729	0.119737	-0.766324	0.799882	0.564592	-0.261623	-0.029401	0.212024	-1.100456	-0.039830	0.079225
	2.247150	1.269769	0.073597	0.135653	0.245328	1.173653	1.896670	1.450691	2.113447	-1.026173	-0.768169	1.057467	-0.217257	1.116585	-0.613749	0.235506	-1.152135	-0.073650	0.124174
	0.955549	1.111022	-0.389648	-0.626951	0.325197	0.736403	-1.424526	-0.223880	-0.842812	-1.425446	-0.558110	0.846834	1.560937	1.012090	-0.837266	-0.646264	-2.941036	-1.199057	-0.655172
	-0.004540	1.386852	-2.025756	-0.645495	-0.356267	-1.060818	-1.176395	-0.194932	-1.494655	-2.860225	-2.585717	1.082522	0.437293	-0.776623	-0.768956	-1.029370	-3.962591	-1.230913	-0.767389
	1.384463	1.195207	-1.059593	-0.120923	-0.443213	0.325809	-0.550635	1.102290	0.218806	-0.804793	-1.522337	-0.604077	0.518070	0.480019	0.292073	0.589106	-0.153465	-0.132666	-0.227485
	0.759866	0.396328	-0.940632	-0.145863	0.066005	-0.129657	-2.561321	-0.111668	1.086692	-3.064535	-2.384005	-0.207458	0.509482	-0.203643	0.368829	-1.109357	-1.562523	-1.768794	-0.739640
	0.267986	0.071644	-1.749179	-2.065123	-0.889824	-0.690043	-2.592674	0.663862	-0.404663	-0.903378	-0.786720	-0.977776	0.815980	-1.015033	-0.933292	-0.599638	-1.986614	-1.857012	-0.624911
	0.731876	0.654489	-1.201076	-0.705741	0.161107	0.035170	-1.991603	0.064008	-0.606945	-1.318843	0.516393	-1.275137	-0.995581	-1.703082	-1.039226	-0.992182	-1.078906	-1.009464	-0.640616
	0.088437	-0.485136	-1.243536	1.347352	-0.237105	-0.885345	-1.843657	0.537081	0.174579	-2.897768	-0.919755	-0.908736	-0.107062	-0.176426	-0.397808	-1.688401	-1.590374	-0.727416	-0.865792
	0.814077	0.221848	-1.264751	0.449929	0.126273	0.085883	-0.939422	0.339485	1.272607	-1.647283	0.100874	0.480154	-0.232360	-0.099167	0.777120	-1.996727	-0.983457	-0.239169	-0.613461
	0.375439	0.602084	-2.118857	-0.841341	-0.268369	-0.459306	-3.153575	1.034680	0.972133	-1.512352	-0.366732	-0.228178	0.206673	0.405034	0.098202	-1.874667	-0.894841	-0.961682	-0.457744
	0.124546	0.088693	-2.682208	-1.012443	0.469009	-0.666328	-2.697231	0.580284	0.340067	-1.942663	-0.459177	0.215303	-0.627159	-0.137287	0.761484	-2.049841	-0.652387	-0.527827	-1.507320
	0.441670	-0.312623	-0.753952	-0.078745	-1.103102	-0.837897	-2.686197	1.398610	0.803846	-3.003808	-0.418141	-0.565447	-0.399938	-0.563494	-0.666114	-1.536852	-0.414511	-0.241190	-0.839295
	0.344826	0.341727	-0.515964	-0.068269	-0.096576	-0.440053	-0.568501	0.130812	-0.033191	-1.931055	-1.080695	0.339424	-0.773864	-0.980764	-0.310253	-1.423665	-0.641233	-0.518412	-0.775429
	-0.229844	-0.517810	-2.092177	0.045752	-0.119081	-0.190535	-1.583277	1.326434	0.113676	-1.364035	-0.507679	-0.943390	-0.731907	-0.504012	-0.054513	-0.650868	-0.670592	-0.883586	-0.315215
	-0.595446	-0.712592	-1.937199	-0.897443	0.619130	-0.852932	-1.110228	0.664425	-0.229489	-3.396767	-1.034763	0.149205	-0.403228	0.292851	-0.284412	-0.996433	-0.846310	-0.782968	-0.523722
	0.209178	-1.232532	-0.935259	-1.108010	-0.770264	-0.109860	0.369058	-0.202285	0.122589	-1.711280	-0.434528	0.808293	-0.483246	0.601935	-0.487942	0.092551	-0.922868	-0.223552	-0.162692
	-0.747080	0.420874	-0.997694	0.193503	0.353122	0.340294	-1.351216	-0.005648	0.506311	-0.211975	0.280432	-1.039620	-0.130437	-0.095548	-0.269488	0.086623	-0.651275	-0.231207	-0.717858
	-2.405577	-1.525335	-1.568220	-0.686183	-0.801444	-0.674885	-1.892533	-0.508485	-0.603073	-1.612584	-1.943583	0.105713	0.036804	-1.674172	-0.313929	-0.954081	-1.751637	-0.901942	0.047722
	-0.836581	-0.568843	0.085363	0.349545	-0.132298	0.465532	-0.145769	-1.350097	-1.830252	-2.978563	-2.511119	0.573714	0.466083	-1.069313	-0.788523	-0.835628	-3.560097	-0.820007	-0.401345
	-1.073823	-0.058082	-0.813096	-0.809788	-0.788538	-0.059978	-3.139332	-1.326807	-2.090492	-3.393937	-1.846137	0.126129	0.276291	-1.474243	-1.164167	-1.337824	-2.409157	-1.314028	-0.496023
	-1.274811	-0.661262	-1.129736	-0.657250	-0.000363	0.725274	-1.085685	0.104542	-0.595274	1.193476	1.513826	-0.378122	0.165406	-0.269670	0.211998	-0.601728	-0.331774	-0.416587	-0.581425
	-1.254014	0.213837	-0.995540	-0.805962	0.324208	0.472820	-0.476487	0.025387	0.241732	-0.389596	0.031727	0.010414	-0.547792	0.711340	0.330708	-0.998588	-0.399274	-0.761421	-0.880910
	-0.405940	-0.180975	1.282870	-0.345429	0.307013	-0.453938	-0.178734	-1.273821	-1.692596	-1.466855	-1.431306	-0.125551	-1.030891	0.182230	0.396159	-1.163418	-1.591277	-1.305605	-0.528219
	-0.105720	-1.641729	-1.322455	-1.044137	-0.071266	-0.053610	1.865748	0.808120	-0.767417	1.053956	-0.549179	0.464720	-0.276329	0.600975	-0.586187	1.031812	-0.673819	0.568568	0.110015
	0.711036	-0.861633	0.087460	-2.197463	-0.181375	-0.305416	1.074047	0.086932	0.402412	3.915417	2.393104	0.587485	0.487920	-0.468193	-0.144312	0.766154	-0.222248	-0.537965	-0.018555
	-0.454142	-0.037456	-0.225198	-2.021310	-0.217501	-1.339255	-0.834798	-1.336344	-0.798590	-2.308493	-3.174492	0.065099	0.638480	0.470876	-0.553950	0.875788	-1.237019	-1.651638	-0.881461
	-0.488203	0.227989	1.341654	0.370080	-0.754838	-0.844394	-0.489742	0.593127	-0.361541	-0.610694	-1.544524	0.404353	-0.020513	-0.160303	0.106101	0.279311	-1.611048	-0.089699	0.249135
	-1.035554	-0.440069	0.995889	-0.122892	0.048685	0.271783	0.093645	-1.649115	-3.048464	-1.697417	-0.552151	-0.745372	-0.793247	-0.353364	-1.160441	0.272185	-0.738944	-1.135822	-0.204830
	-0.051162	-0.315236	0.793957	-0.084346	-0.064144	1.004631	2.239159	-0.821023	-1.289924	1.496507	2.067145	-0.312796	0.360107	-0.770468	0.908985	0.863938	0.731190	-0.189389	-0.303036
	-1.049201	-1.055201	-1.019243	-0.732590	0.623069	1.136735	1.692040	-0.188387	-0.953545	-0.967226	0.108578	0.746451	-0.153861	-0.018075	-0.659786	0.140898	0.913027	-0.795077	-0.204463
	-0.064605	0.191849	2.120183	1.190107	0.674019	2.052479	1.729711	1.265156	1.112938	0.200962	-0.086508	1.279097	0.193476	-0.192207	0.009177	2.254612	0.606041	0.798109	1.078706
	-1.188372	-0.475884	-0.862390	0.630076	-0.069369	0.184129	0.453546	-0.273187	0.529494	0.883122	1.185647	-0.362024	0.429041	0.200227	-0.232981	-1.941852	-1.138116	0.838919	0.476825
	-2.263850	-1.261331	-0.802178	0.478926	-0.483365	-0.954418	0.841492	-1.557752	-0.605298	0.694021	-0.904467	0.041703	0.343413	0.748169	-0.093232	1.286922	2.368309	1.010075	0.480440
	-1.886208	-1.841414	-0.011118	-0.522690	0.176201	-0.642302	0.160664	-0.181789	-1.321970	0.455268	0.675405	1.008758	-0.003481	0.850331	0.960348	0.863214	1.455296	1.574251	0.723630
	-1.843278	-1.356789	-1.080628	-0.122003	-0.810384	-0.870828	-1.655178	-0.697439	-1.110866	-0.692481	-1.347318	-0.689973	-0.993437	-0.339458	0.354326	-0.728343	0.758288	-0.442356	0.250148
	-0.219468	0.475640	-0.719414	0.953465	-0.289498	-0.298312	-0.021629	-1.529280	-1.594272	-0.307838	-0.149855	-0.241910	-0.240542	-0.790775	0.014094	-0.226771	1.459527	-0.340459	-0.643096
	1.282578	2.225976	-1.360059	1.689338	0.540610	0.735128	1.267250	-2.100359	-0.592591	3.526092	1.341528	1.022661	0.515345	0.343845	-0.081381	1.237959	2.005918	1.206781	-0.078534
	-1.701602	-0.213045	0.550522	0.923878	-0.452756	-0.703428	3.183701	-2.324339	-0.049204	-1.595192	-0.561802	1.548518	0.710102	-1.717501	0.375832	0.633252	0.295180	0.346898	0.199123
	-1.774461	-1.504419	-0.715468	-0.526603	-0.691905	-1.348375	-0.158710	-2.149318	-1.164725	-2.653105	-2.046735	1.675939	-0.726023	-0.709809	-0.265143	-0.376281	-1.970802	-1.000747	0.003644
	-0.400731	-0.160970	-1.046799	0.066015	-0.937003	-0.583873	-0.821866	-1.286480	0.474484	0.913324	0.165500	-0.465599	0.676494	-0.512852	-0.367855	-0.478280	-0.706526	-0.807026	-0.469576
	0.131114	0.342317	1.224645	1.753915	-0.292367	0.050446	-0.640988	0.282563	0.971968	-0.713281	-1.778225	0.486924	0.383189	0.462939	-0.667162	-1.070251	-0.195354	0.283258	-0.115060
	-0.084752	-0.061440	1.222629	-0.070337	-0.436299	-0.186456	-1.087038	-1.047703	-0.897710	-2.008709	-2.480689	-0.604786	-0.637112	-0.534827	-0.440418	-1.013355	-3.049902	-0.552892	-0.145740
	0.471005	-0.426400	-2.814214	-0.416518	-0.570814	0.059287	0.707069	-0.144822	-1.537246	-1.207457	-0.789362	-1.750188	-0.785047	-0.666214	-0.966717	-0.345034	-1.424753	-1.128791	-0.345164
	1.778922	0.077658	0.937821	0.663525	-0.147298	0.008248	-1.986030	0.560067	0.539487	-0.727218	0.193830	0.682238	-1.133255	-0.292004	0.044290	0.576958	-1.721780	-0.868903	0.267367
	1.220657	0.732949	2.520483	0.969589	0.446364	0.100211	0.061933	0.928844	2.673266	1.756013	1.403289	0.673087	-0.820240	0.443441	1.353782	0.760490	0.141166	0.025609	0.371158
	0.643418	0.426980	0.768199	-0.826891	0.534352	0.515441	0.829224	-0.654087	-0.740732	1.108084	0.891735	-0.425482	-1.257577	0.086949	-0.517075	0.437818	1.068697	0.449221	0.456946
	0.243869	-0.374491	0.898664	1.095611	0.975494	0.828459	2.031926	0.260970	0.566152	1.504859	-0.224725	0.521340	0.108393	1.130435	1.128465	0.459060	1.009962	0.263710	0.871041
	1.835615	-0.196891	-0.309706	0.771478	-0.166540	1.089739	1.165900	1.576960	2.402321	3.435411	2.722486	1.334163	1.899972	2.270813	0.260502	1.577841	1.988062	1.199444	0.739632
	-0.016697	0.449771	1.267819	0.349917	-1.160223	0.266767	1.317725	0.403424	0.053441	2.338617	-0.567608	-0.258327	-0.067000	0.654763	-0.284898	1.187928	1.635405	1.592469	0.585074
	-1.090407	0.210521	0.461729	-0.783064	-0.352465	-0.414014	-2.211593	-1.206406	-0.757602	0.058226	-0.694912	-0.732642	0.509248	-0.064771	0.310811	-0.579103	0.285832	0.053565	-0.257227
	1.644815	1.388350	0.640385	-0.269049	1.551588	-0.670602	-0.657707	3.106269	1.732268	-1.247916	1.216098	-1.535417	0.098656	-0.558419	0.320468	-0.643768	1.398377	0.735156	-0.036737
	1.642949	0.967033	1.009645	0.351611	1.156839	0.605037	1.576424	2.257763	1.499796	2.421174	4.210804	-0.454781	1.266551	0.030519	0.299496	0.992039	1.777354	0.920801	0.295769
	0.324164	0.478720	1.696695	-0.411161	0.668556	0.258979	0.174367	0.998969	0.554402	0.363451	1.042780	-1.324871	-0.229726	0.760253	0.507011	-0.783509	1.803702	0.841843	0.415200
