	1.513489	0.380808	0.908410	4.157279	-0.194656	-0.265108	0.115420	0.299544	0.075478	-0.553686	0.138716	-0.411147	0.512440	0.089413	0.229522	0.070764	0.096816	-0.505602	-0.378064
	-0.232520	0.010006	-0.672564	0.150774	-0.338740	-0.635895	-0.751998	0.439967	0.736402	-0.682056	0.709392	0.580093	-0.042924	-0.143535	-0.275773	0.338638	-0.111072	-0.219109	0.477730
	-0.560498	-0.336253	-1.513669	-0.873918	-0.836625	-0.531553	1.869628	0.161801	0.308501	0.279091	-0.026359	1.249877	1.266399	-0.679161	-0.194578	-0.334950	0.724857	0.198017	1.855805
	-0.053900	0.286981	-0.630642	1.362888	0.592828	0.012423	0.617679	-0.187640	0.308750	-0.246703	0.995722	1.065929	0.171583	0.197120	-0.627266	-0.238787	0.317583	-0.505406	-0.584139
	0.477198	0.273017	-0.371656	0.810374	1.349028	0.336941	-0.029008	0.044976	-0.054597	1.374076	0.748708	0.216607	-0.532727	-0.081562	0.159518	-1.200853	-0.628883	0.412826	-0.035557
	0.014811	-0.183322	-0.653110	-0.431808	0.335577	0.540688	0.309189	0.653728	0.591531	-0.973323	-0.050398	0.143768	0.230232	-0.263484	-0.463550	-0.471133	1.155682	0.285256	-0.124027
	-0.854067	-0.309323	-0.792851	0.030674	0.294260	0.392354	-1.438473	0.368038	0.201573	-2.278139	0.088336	0.036724	0.550329	-0.510510	0.143089	0.218655	0.765030	0.537316	1.210561
	-0.281242	-0.466321	0.186180	1.186466	0.564290	0.792771	-0.104057	0.387558	0.250979	0.913097	0.098592	-0.304522	-1.173387	-0.745291	0.047290	0.402111	0.314584	0.009480	1.713227
	0.438616	0.053444	0.128543	-0.457321	-0.970440	-0.013809	-1.270164	-0.448879	-0.485787	0.523760	1.173940	-1.177562	-0.148012	-0.091622	-0.137746	0.096877	1.105308	-0.082725	-0.727289
	0.183651	-0.112550	0.775325	-0.675616	-0.242751	-0.575921	-0.451302	-0.785418	-0.270226	-1.093513	-0.614918	-0.766668	0.863779	0.708255	0.049542	0.512759	0.263108	-0.236254	-0.032818
	0.561629	0.063967	0.748104	-0.434173	0.240895	0.477962	-0.337567	0.167461	-0.508228	0.347796	-0.210279	-1.394693	-0.045641	0.269357	0.068919	0.288530	0.963782	0.950367	-0.081653
	-0.124743	0.960041	0.621730	-0.464587	0.000871	0.143795	1.600408	-0.555653	0.041903	0.620462	1.226361	-0.086679	0.054902	0.906003	1.324203	-0.247161	-0.577885	-0.802900	0.484635
	0.523240	-0.102182	2.054090	-2.244309	0.125827	0.127502	1.004603	-0.234482	0.154106	2.245722	1.383609	-0.123351	-0.824863	0.521433	0.966669	1.089693	0.751776	-1.565621	-0.119703
	-0.161379	0.342968	1.208704	-0.227402	-0.122475	0.396919	1.041404	0.225966	0.079385	1.876162	-0.014377	0.080471	-0.948895	-0.211646	0.244153	1.181779	-0.066864	-0.254773	-0.510604
	0.303335	1.223545	0.927617	-0.087773	-0.389033	0.183920	1.563921	0.021402	-0.222875	1.901995	-1.114206	0.123062	-0.123907	0.195921	-0.069118	0.160737	0.004287	-0.413288	-0.761093
	0.211239	-0.637905	0.371101	-0.087653	-0.331371	-0.091708	1.077951	-0.154559	-0.794271	0.307037	-0.166715	0.341443	0.332486	0.311259	-0.449955	1.205364	0.351638	0.052290	-0.969821
	0.129743	-0.132135	1.728045	0.093530	-0.082035	-0.402221	0.770552	-0.132400	-0.696035	0.758556	-0.634227	0.664137	-0.797072	0.330521	0.624999	1.184672	-0.362379	-0.414223	-0.987138
	-0.249408	-1.113112	-0.640540	-0.512430	0.156303	-0.290433	-1.537653	-0.031341	-0.624420	-0.412370	-0.423119	-0.449329	-0.396169	0.238216	0.445392	-0.707718	-1.350768	-0.399622	-0.814646
	-0.313523	-0.266929	-0.164318	-0.525115	-0.492517	-0.444739	0.098771	-0.536357	-0.424135	0.289478	-0.406164	0.147533	0.313304	0.286490	0.322243	-0.100188	0.034635	-0.065003	-0.771811
	0.330242	0.251347	0.373239	-0.194245	-0.437998	0.054595	-0.649458	-0.909875	-0.583426	-0.862846	-0.215718	-0.286244	0.184185	0.604361	-0.154855	-0.140162	-0.222343	-0.554557	-0.759371
	-0.617011	0.591959	0.916371	-0.588609	0.110204	0.406728	-1.083742	-0.329362	-0.132253	-2.010617	-0.970267	-0.079708	-0.079287	0.153699	-0.638316	-0.491427	-1.525667	0.694250	-0.247465
	0.101740	0.441365	0.464204	-1.295286	0.017144	-0.154785	-0.579350	0.282285	0.637988	-0.484424	-0.845804	-0.340095	-0.637597	-0.724168	-0.694952	-0.660496	-0.771227	0.573908	-0.218657
	-0.047102	-0.717260	-0.171223	-1.465003	-0.982214	0.421710	-0.003852	0.131512	0.039649	-0.828695	-0.449689	0.341777	0.170482	-0.059142	-0.536662	-0.138581	-1.123119	-0.210547	-0.388735
	0.173834	-0.271350	-0.267823	1.130369	0.269587	0.006619	-1.132419	0.237166	-0.105672	0.101474	-0.541279	-0.556611	0.734920	0.305890	0.365244	-0.665617	-1.983633	0.040431	-0.680994
	0.030058	-0.584867	-1.196054	-0.173773	0.356525	-0.155691	-1.503565	-0.166549	0.084507	-1.563870	-0.538248	-0.060199	0.552178	-0.337507	0.056951	-0.874944	-2.242451	1.063939	0.197394
	-0.933697	-0.475643	-1.173263	-1.000838	0.377795	-0.286400	0.645564	-0.302823	-0.297608	0.268737	-0.786287	-0.221180	-0.118670	-0.900336	-0.916768	0.749393	-0.908039	1.282605	-0.052570
	-1.115483	0.086585	-0.728793	-0.410803	-0.063526	0.647409	-0.036324	0.305094	-0.027811	1.161667	-0.087463	1.027963	0.183703	0.350786	-0.730479	-0.232495	-0.216267	-0.071285	-0.021447
	-0.999585	-0.416502	-1.223199	-1.281757	-0.115809	0.029411	-0.872007	0.217653	-0.417369	0.482814	-0.899273	-0.818379	-1.526451	0.454843	0.784794	0.229010	0.788137	0.402029	-0.071864
	0.046345	0.099541	-1.470190	-2.078511	-0.343819	-0.897327	-0.170394	-0.789139	0.056533	0.694314	-0.305737	0.516389	-1.141700	0.136678	0.751492	-0.335312	-0.174243	1.048255	0.301057
	-0.341847	-0.457928	-0.044444	-0.919248	1.321935	0.518840	-0.845990	-0.496123	-0.289833	-0.477859	-0.095001	0.591672	0.338883	0.107499	-0.039221	0.715001	0.563781	0.308426	-0.304240
	-1.130491	0.229153	0.127976	-1.712185	0.544551	-0.293892	0.480901	0.096466	0.158824	-0.301913	-0.445010	0.564414	0.162699	-0.294489	-0.677344	-1.012638	0.519426	0.245618	0.593556
	-0.450043	-0.412664	-0.954155	-0.576365	1.335902	0.974350	-0.394061	0.372514	0.452747	1.058472	-0.033634	0.251147	1.846237	-0.000594	0.527995	-0.934031	-0.209413	0.826066	0.533467
	0.207120	-0.065646	-0.180539	0.067236	0.232377	-1.027796	-1.135695	0.336734	-0.486207	-1.145862	0.221459	0.268482	1.349588	-0.207329	-0.353929	-1.218512	-0.652623	1.767565	-0.412288
	-0.163206	0.313790	0.383540	0.633139	-0.590794	-0.943889	-0.611539	-0.522881	-0.085366	-3.250223	-0.416733	-0.914648	0.041224	-0.121510	0.148187	-1.318098	-1.090204	-0.366766	-0.144065
	-0.056429	-0.377389	0.657383	0.508200	-0.966720	-0.278658	-1.935111	-0.114637	-0.513930	-0.077626	-1.121800	-1.556040	-1.257591	-0.286198	0.161109	0.368033	-0.023831	-0.389441	0.142898
	0.270225	-1.050676	0.187518	1.077544	0.162538	0.232691	1.247798	-0.265440	0.003918	0.491541	0.416247	-0.954363	-0.749913	0.038536	-0.335656	0.856637	1.364700	0.225520	0.097788
	0.476088	0.374078	0.886388	1.252726	0.460388	0.772431	2.035908	-0.201418	0.236386	1.301290	-0.254941	-0.252817	0.932916	0.069027	-0.472562	0.995032	-0.322444	-0.835230	0.208894
	0.832572	1.924061	2.421748	1.838200	-0.023414	0.947347	0.066738	0.030495	-0.476317	-0.451826	0.731342	0.352881	0.161113	-0.041491	-0.154323	0.868331	1.015466	-0.350057	-0.771083
	0.515080	1.696138	0.936846	1.827641	0.973116	0.465151	-0.017879	0.634857	0.742130	0.331703	-0.271986	0.900271	1.091811	-0.163908	0.556541	-0.660064	2.170429	0.377861	-0.787726
	0.427276	0.498619	0.565723	1.406281	-0.359784	0.057845	1.197242	0.398010	-0.361142	0.700987	-0.239495	0.595929	-0.401184	-0.610870	0.425044	1.198509	1.729146	-0.178118	-0.810343
	0.250773	0.324546	1.199125	0.845929	-0.568852	-1.017886	0.524910	0.165146	0.462777	0.834571	0.679376	0.900278	-0.341190	0.104036	0.448586	-0.388604	0.466204	0.187004	-1.337436
	0.711187	0.661598	0.401004	1.297631	-0.125303	0.162676	1.039030	-0.493700	0.190906	-0.608231	0.613961	1.437020	-0.315311	0.054162	0.176450	1.094264	0.752584	0.749941	-1.060753
	-0.031802	0.606314	0.727226	0.363354	-0.028556	0.381774	-0.701927	0.236343	-0.027682	1.094770	0.471811	-0.465812	0.152157	0.309636	-0.173941	0.070766	-0.401377	0.015777	-0.056046
	0.791825	1.824336	-0.530316	0.769637	0.105752	-0.601062	-0.344539	0.351117	0.465982	-0.979594	0.129241	-0.227330	-0.413300	-0.712994	0.146750	-0.390952	-1.486433	-1.633674	-0.307724
	0.197586	1.408423	-0.599180	-0.791903	0.015980	-0.058535	-1.229574	0.024599	-0.028708	0.369946	-0.076229	0.541180	0.063348	-0.791653	0.670720	-0.605081	0.403301	0.018598	-0.583250
	-0.136076	0.223389	-0.032595	-0.161262	-0.235136	-0.521114	-1.442157	-0.213440	0.166856	-0.010425	-0.099716	-1.245379	-0.374487	0.208683	-0.453867	-0.455414	-0.696270	-0.133160	-0.100572
	-0.323170	-0.623160	-0.227796	-1.707387	-1.048304	0.059699	-0.617314	-0.563568	-0.010388	0.252787	-1.974891	0.332070	-0.442051	-0.008325	-0.564340	-1.492575	-1.171948	-0.242709	0.361821
	-0.209575	-1.358948	-0.917673	-0.971078	-1.679783	-0.799983	-0.680936	-0.499889	-0.299289	-0.529310	0.519365	0.231777	-0.666534	-0.021109	0.057779	-1.741256	-0.993579	-1.384194	0.431807
	0.258810	-0.245571	0.310337	-0.762566	0.257622	0.052834	-0.068496	0.058577	-0.709280	-1.224678	-0.374963	-0.799152	-0.656676	0.346713	0.215190	-0.760921	-1.012497	0.245262	-0.440908
	-0.400007	0.243213	0.476957	-0.274391	-0.597298	0.358876	0.157712	0.731495	0.636438	-1.250287	-0.007781	-0.333963	-0.613677	0.272189	-0.222248	-0.561472	0.275165	0.410878	0.705501
	-1.546814	0.010859	-1.937231	-1.290801	-0.269507	-0.132677	-0.084761	0.197363	0.596174	-2.317758	-0.984095	-0.158625	0.008773	-0.078006	-0.140549	-0.426506	-1.626695	-0.150323	0.789594
	-1.050995	-0.424580	-2.077839	-1.427887	-0.210814	-0.009293	0.559028	0.189267	-0.002720	-1.604967	-1.077906	0.135715	1.042701	-0.743184	0.072711	-1.281561	-1.127791	0.576447	0.820878
	-0.006816	-0.153515	-0.140562	-0.338246	-0.103170	0.317364	-0.480823	0.687771	0.367627	-0.862985	-1.345657	-0.201816	0.719621	0.335124	-0.302493	-0.096956	-1.496243	0.679842	0.683508
	-0.365796	-0.088097	0.094997	-1.389491	0.267187	0.004256	-0.064141	0.414072	0.438198	-0.618221	-0.525976	0.907031	0.710666	0.358284	-0.175009	0.326267	-0.893699	1.018655	0.877699
	-0.809131	-1.203403	-0.683454	-0.546145	-0.548434	-0.551177	-0.508905	-0.149717	0.089597	-1.960658	-1.321235	-0.504888	-0.344653	-0.051174	-1.007380	0.072028	-0.461979	-0.282081	0.810150
	-0.121250	-0.582816	-0.477338	0.211707	-0.077096	-0.697065	-0.363831	0.125515	0.653988	-0.793063	-0.536677	0.405043	-0.435590	0.237237	-0.864268	-0.176311	0.852163	-0.304711	0.308481
	-0.784970	-0.405540	-0.653003	-0.263145	0.311692	-0.548754	-0.520594	0.522355	0.175088	0.213461	0.683980	-1.097688	0.164658	0.678386	-0.688375	-0.253015	-0.263619	0.702076	0.340095
	0.690725	-0.379487	0.058821	-0.978577	0.069313	-1.131679	-0.590063	-0.106389	0.877277	-0.692092	0.809666	0.961905	-0.056969	0.204953	-0.484809	-0.223516	0.938986	0.096059	0.287999
	-0.354223	-1.065754	0.374803	-0.804556	0.078470	-0.025592	0.780994	0.139103	0.258641	1.170570	0.484870	1.489476	0.159653	-1.190861	-1.175372	1.356204	0.019624	0.015786	0.914617
	-0.390996	-1.128436	-1.791588	-0.103363	-0.120628	0.196758	-0.608483	0.045806	0.161723	0.694318	0.716259	0.714023	0.161719	0.331518	0.278876	-0.527402	0.081144	-0.456032	0.887600
	-0.326434	-1.069896	-2.937896	-0.890070	-0.284522	1.014098	-0.444028	0.036045	0.134328	0.779141	0.267412	-0.483754	-0.588763	0.048095	0.047781	-1.090358	-0.123645	0.226612	1.411425
	-0.320839	-0.522124	-0.654852	0.182450	0.447380	0.233367	0.252509	0.086963	0.567212	1.198270	-0.209206	-0.422608	0.184065	0.071950	0.722307	0.145788	-0.097152	0.331760	1.494391
	0.488000	-1.055932	-2.253810	1.190967	0.275339	-0.277897	1.231434	0.332941	0.054857	0.128300	0.626795	-0.054302	1.136265	0.369232	1.221589	1.099972	0.767084	0.718945	0.811503
	-0.032213	-1.125586	-1.549743	-0.176877	0.250339	-0.380514	-0.033148	0.545913	0.185001	0.766982	0.480352	-0.603523	-0.207751	0.144583	-0.137017	0.321119	0.572432	-0.728650	0.706203
	-0.383319	-1.018189	-1.111926	0.250617	0.481833	-0.063052	1.336051	0.374781	0.218887	0.154890	0.649125	-0.413257	0.707091	0.457646	0.029724	1.017383	0.581834	-0.290624	1.150065
	0.104798	-0.806316	-1.589463	-0.166770	0.510012	-0.184596	0.235956	-0.448787	0.119844	-2.136414	0.140606	-0.709035	-0.618290	-0.188066	0.151368	-1.045545	-0.569652	-0.285015	1.169375
	0.787959	0.463553	-0.905020	-0.053888	0.261621	-0.355433	1.965850	0.332704	-0.369569	1.545100	-0.177936	-0.149286	0.092916	-0.155567	0.092488	-0.758755	-0.720822	-0.722197	1.620234
	0.821640	0.398452	-0.543001	-0.144627	0.618081	0.196324	1.805702	0.804366	0.676013	-0.206486	0.516940	-0.500075	-0.066827	-0.224312	0.185279	0.711245	2.400149	-0.891316	0.785977
	0.288166	-0.505976	-1.148147	-0.068184	-0.275063	-0.282937	1.540197	-0.022766	-0.226283	0.192038	0.939327	-0.399654	-0.611930	-0.081234	-0.120097	0.896356	0.356195	-1.086612	0.804198
	-0.750681	-0.313957	-1.107337	-0.590888	-0.251153	-0.115282	0.595058	-0.343289	-0.704331	0.837222	0.005083	-1.084067	0.053413	-0.272194	-0.483959	0.446626	0.430803	-0.150101	0.860969
	0.957823	0.239565	-0.860067	-0.189613	0.096629	0.166038	0.305164	-0.710019	0.203157	1.019927	0.299473	0.567101	-0.034896	-0.524778	-0.337944	0.352376	-0.190669	-1.651224	-0.043324
	0.231429	0.409650	-0.579122	-0.088779	0.344150	0.469275	0.688152	-0.006014	-0.590684	2.023665	1.298866	0.241328	-0.411941	-0.659776	0.161912	-0.391177	-0.533308	-1.592490	1.278408
	0.333176	0.307758	-0.699852	1.146112	-0.437961	0.524111	0.206147	0.365382	0.342388	0.191302	0.604174	0.039032	-0.209833	-0.115818	0.647961	-0.011226	0.056348	-0.423764	0.786144
	0.240728	0.376951	-0.783352	1.094029	-0.182494	-0.297222	0.670297	0.145387	-0.010228	0.328040	-0.423924	1.109826	-0.394464	0.166349	-0.020501	-0.925017	0.054226	-0.129464	-0.415634
	-0.554815	-0.181024	-0.659137	-0.732260	-0.065215	-0.121409	-0.232839	0.007445	-0.113791	0.598561	0.746646	0.438427	-0.335673	-0.395829	0.134372	-0.554973	-0.883516	-1.298911	0.315644
	0.118372	-0.726893	-0.823301	-0.631269	0.135524	0.015361	0.016519	-0.311647	-0.323794	0.269573	-0.055040	-1.180917	0.671800	-0.548659	-0.140368	0.631376	-0.573817	-0.190553	0.048305
	1.125061	0.434250	1.049551	1.310166	0.165050	-0.142575	1.657534	0.090176	0.019915	0.341867	-0.277287	-0.121739	1.464291	0.496543	-0.014035	0.455163	-0.522487	0.397551	1.206887
	0.968650	1.032443	2.348195	1.560926	0.477435	0.598836	0.956193	-0.525933	-0.278407	0.589848	0.728095	0.243564	0.265279	0.243795	0.178794	1.627386	1.392763	-0.389542	0.116411
	-0.214881	0.237402	0.850333	-1.322262	0.382263	0.049132	0.923577	-0.133412	-0.486028	0.831321	0.567064	0.664961	0.184160	0.820732	0.565404	1.559557	1.728631	-0.364256	-0.368072
	0.298282	-0.192885	1.309571	0.602863	1.107492	1.146089	-0.810565	0.168033	-0.318173	1.445768	0.937873	0.647125	0.121026	-0.138405	0.484768	1.582308	1.966659	0.522116	0.073736
	0.371865	0.234245	0.318532	0.394159	0.958190	0.639191	0.449926	0.439397	0.158152	1.213558	0.267894	0.229922	0.233664	0.141388	0.669625	1.368618	2.108233	1.097698	0.119248
	0.298661	-0.223702	0.394514	1.982202	-0.262795	0.723446	-0.668006	0.164957	-0.030683	0.699480	0.457952	0.961894	0.489698	0.162592	0.082076	1.089813	-0.131719	1.047723	-0.752239
	0.560634	0.369728	0.562620	0.836288	0.066703	0.319892	-0.583859	-0.184961	-0.396173	0.138118	0.534965	0.685646	-1.117470	0.689340	-0.904456	0.630238	1.788608	0.425547	-1.029204
	0.693042	-0.871003	0.850083	1.308847	-0.501499	-0.346219	-3.923032	-0.263412	-0.661526	0.214423	0.688587	-1.405673	-1.103943	0.522525	-0.214996	0.355819	0.251855	-0.113438	-1.805464
	1.672208	-0.201437	-0.062776	1.530794	-0.483529	0.257872	-1.390140	-0.056469	-0.209085	0.530306	-0.085796	-0.967395	-0.697356	0.022488	0.377699	-0.847741	0.443149	-0.645705	-0.871254
	0.582532	-0.325292	0.372769	1.387518	-0.290871	0.676616	-0.329263	0.175926	0.476154	0.020352	0.736415	-1.653525	-0.435204	-0.046392	-0.176081	0.926983	-0.449812	0.115758	-0.968620
	-0.170119	0.505314	0.898673	1.355729	-0.457605	0.000290	-0.995030	0.372562	0.822688	-0.100365	0.282460	-0.593736	-0.717340	0.162086	0.327410	-0.651115	-0.467165	-0.164613	-1.146643
	-1.541391	-0.567667	0.760771	1.854649	0.280393	0.289663	-0.864834	-0.029383	-0.289607	0.507303	0.671138	-0.348764	-0.715607	-0.425190	0.412092	0.323655	1.324880	-0.692019	-0.053707
	0.143700	-1.008753	1.021509	2.065575	0.047406	-0.177850	-1.456308	-0.308911	-0.774247	0.265165	0.181104	-1.018081	-0.837608	-0.048538	-0.809424	-0.421456	0.280524	0.127862	-0.931052
	-0.606278	0.356174	-0.135926	2.215197	0.270245	-0.364199	-0.015365	0.151504	-0.150639	0.197895	0.964624	-0.078504	-0.197610	0.424028	0.135839	0.231583	1.936701	1.162327	-1.007454
	-0.116477	-0.636440	0.835821	1.718895	-0.640341	0.515241	-1.022113	0.495847	0.672666	-0.516277	0.756532	-0.076391	-0.568592	-0.059478	0.712630	0.640682	0.317133	0.576032	-0.602670
	0.530578	1.852138	0.900040	1.883493	-0.470640	0.510337	0.988055	-0.310079	0.812077	-1.169340	0.209451	0.535948	-0.250758	0.055359	-0.229518	0.547341	0.957075	0.303921	-0.678493
	1.130120	1.548989	1.717035	1.825975	0.099784	0.260446	1.330928	0.913299	0.671609	-0.531424	0.412148	-0.191831	0.427609	-0.322857	0.512070	0.159546	1.366317	-0.065534	-0.494009
	1.619898	1.822322	1.695486	1.643911	-0.047906	-0.525280	0.576495	0.281495	0.717162	0.643117	-1.005882	-0.456713	0.153808	0.386854	0.587716	-0.125636	-0.747825	0.063337	-1.105594
	0.234721	1.259036	2.726886	2.160401	0.000284	-0.359189	2.141508	0.066248	0.065867	0.583860	0.501879	0.235362	1.251841	-0.269021	-0.757781	1.016282	-0.244539	-0.576700	-0.576334
	0.750104	1.312767	2.992705	2.753554	0.201390	-0.571821	2.125318	0.530355	0.104018	0.949642	0.657952	1.401161	1.341112	-1.016246	-0.613073	1.435530	0.909074	-0.869895	-0.285251
	0.502848	0.937316	2.297661	2.725971	0.197014	-0.810317	1.125109	0.001325	-0.114984	-0.184106	0.691952	0.493878	-0.069720	0.660731	0.462432	1.656778	1.460844	0.432029	-0.850045
	0.935357	0.364541	2.014000	2.037505	0.250188	0.450342	0.404574	-0.580858	-0.046158	0.415751	2.362837	2.046574	1.143950	0.082899	-1.078192	-0.062725	0.934118	-0.199177	-0.684067
	-0.361163	0.236995	-0.302544	0.980565	0.241025	-0.081051	-0.449626	-1.266102	-0.312621	-1.594078	0.397811	0.573370	-0.239636	-0.276785	0.250698	-0.034351	0.302391	-0.209736	-1.129019
	0.299962	0.418002	-0.352849	1.248284	-0.134706	-0.224955	1.286067	-0.248836	-0.317461	1.295747	0.881054	0.452326	-0.012777	-0.561313	1.073415	1.937505	1.699337	0.114823	0.253677
	1.066193	0.129980	0.373463	1.675495	0.560461	0.439466	1.248523	0.023324	0.162417	0.166952	1.005105	0.849476	0.118122	-0.566265	0.520732	0.636542	1.839666	0.179144	0.203349
	1.191516	0.770672	0.912312	1.624629	0.363024	-0.172955	1.391480	0.128247	0.166487	0.210567	0.545501	-0.038512	0.339946	-0.366026	-0.592561	0.925819	1.569467	-0.236416	-0.569422
	-0.014604	0.989770	1.881695	1.526201	0.268702	-0.184594	1.105635	-0.182370	0.261480	-0.073164	-0.137230	0.803911	1.058586	0.043568	-0.542461	0.273605	-1.195856	-1.158809	-0.414434
	0.440958	0.409522	0.661806	0.837044	-0.578036	-0.497815	-1.365531	-0.802560	0.121873	0.613027	1.549186	0.526884	0.679750	-0.370532	0.277903	-1.076494	0.091513	0.143544	-0.285311
	0.711284	-0.065097	2.641784	1.493308	-0.118235	0.471592	0.744930	-0.278037	0.394376	0.805947	2.128792	0.129968	0.838797	-0.023445	0.410961	0.841299	1.701152	0.068027	0.020315
	0.422523	-0.670914	3.003504	0.175118	0.178759	-0.532227	1.391634	-0.323428	-0.421102	0.292460	0.899309	-0.532933	0.661062	-0.166771	0.122258	-0.091718	1.080532	1.482426	0.080446
	0.297969	0.530304	0.810177	0.511707	-0.101050	0.478470	-1.026828	-0.125681	-0.329187	-0.127864	0.983212	-1.081528	-1.389263	-0.015646	-0.447589	-0.999288	-0.668515	-0.395079	-0.989212
	-0.146282	0.373763	0.291708	-1.578927	-0.323166	1.458435	-1.009619	-0.226209	-0.079979	0.306595	-0.624883	-1.015792	0.431463	-0.096875	1.171835	0.037022	-0.851564	-0.493107	0.134638
	0.055755	-0.758721	0.884773	0.541269	0.317720	0.759063	-0.600399	-0.618621	-0.298172	0.522915	-0.156778	-0.295760	0.096093	0.701908	1.101523	-1.041314	0.693854	-0.362554	-0.913708
	-1.133686	-0.554899	-0.633460	-1.660753	-0.339822	0.392408	-0.641454	0.357458	-0.111696	-0.363258	-0.067489	-0.525828	-0.638905	0.782704	-0.454632	0.127517	-0.896466	0.933095	0.241045
	-1.185162	-0.730156	-0.016215	-2.546995	0.141028	0.452620	-0.454969	0.130760	-0.080668	-0.178129	-1.274539	-1.365203	-0.722707	0.711536	-0.040847	-0.501020	-0.564984	-0.192381	-0.011837
	-2.313627	-0.448387	-0.522990	-2.470280	-0.264898	0.185774	-0.985170	-0.245269	0.032654	-1.022102	-0.794403	0.143191	-0.259422	0.403984	-0.604592	-1.151284	-1.243256	-0.691031	0.796400
	-1.915886	-0.396221	0.173222	-1.796518	0.965037	0.052880	0.426479	0.037048	-0.177568	0.057694	-0.100473	0.851027	-0.327524	0.673650	-0.437926	-0.638329	0.052465	0.811798	0.100491
	-1.068592	-0.118487	0.217831	-1.750715	0.205941	-0.469501	-0.172473	-0.488075	-0.189006	0.369422	-0.341715	0.141636	0.123271	-0.381674	-0.753288	-0.035160	0.547058	1.727971	-0.716990
	-0.952876	-0.100139	-0.379066	-3.011316	-0.187106	-0.358025	-0.635258	-0.222645	-0.713981	0.601431	-1.378929	0.417867	0.601892	0.106935	-0.620461	-0.867366	-2.123211	0.378280	-0.088158
	-0.636620	0.001732	0.315579	-2.850659	-1.396784	-0.165943	-0.723457	-0.647562	-0.951934	0.843024	-0.308160	-0.485868	-0.537757	0.402943	0.539658	-0.511249	-1.099246	-0.661154	-0.550592
	0.567072	0.612264	0.495047	-0.713689	0.160493	0.278437	-0.865107	-0.042351	-0.399238	-0.235936	-0.159774	-1.023424	-0.066823	-0.569259	0.200148	0.322928	0.168176	0.335294	-0.846109
	0.048973	0.314109	0.955915	0.018387	-0.165208	-0.026394	-0.004747	-0.813231	-0.859768	-0.140246	-1.135577	-0.315305	-0.199749	0.212446	-0.540957	0.199361	-0.368174	-0.164704	-0.948923
	-0.391947	-0.628227	1.040382	0.256244	-0.922617	-1.451406	-0.822273	-0.230142	-0.235618	-0.243353	-0.879731	-0.491889	-0.152948	-0.014631	0.103168	-0.070409	0.399763	0.103696	-0.819385
	-0.888734	-0.685144	0.888111	-2.538076	0.245152	-0.680076	-0.374807	-0.245883	-0.450207	-0.107197	0.395079	0.678746	-0.642294	-0.075840	-0.020522	0.201668	-0.429191	0.234951	-0.083347
	-0.126625	-0.110460	0.939583	-0.861088	-0.025243	-0.543118	-0.771565	0.616855	0.745566	0.973083	-0.229920	0.361998	0.834233	-0.105234	-0.707783	0.144151	-0.236812	0.626497	-0.787458
	-0.075124	-0.395456	0.709001	-0.379809	-0.652628	-0.550358	1.189953	0.074540	-0.172312	-0.122445	-0.182290	0.230088	0.793224	-0.173242	-0.457938	-0.192458	-1.031737	0.311273	-0.384103
	-1.427995	-0.660254	-0.197981	-1.099748	-0.744608	0.275055	-0.232509	0.139311	-0.558673	-0.261074	0.841405	0.845195	0.909167	-0.754910	1.032240	-0.154917	-0.853299	0.864705	0.473187
	-0.736889	-0.166281	-1.089292	-2.336512	0.027437	0.743588	-0.908991	0.523856	-0.386763	-0.751379	-1.027360	-0.627810	-0.465732	0.375723	0.875593	-0.326535	-2.142511	0.508036	-0.312318
	0.228938	0.133083	-0.968240	-1.573986	0.405259	0.109972	-1.278279	-0.519556	-0.411644	-1.028318	-0.819933	-0.680219	-0.672527	0.515798	0.656349	0.102357	-0.435949	0.270924	-0.961518
	-0.534441	-0.598879	-0.459509	-1.696934	-0.062580	-0.430637	-1.323681	-0.049118	0.244378	-1.040426	-0.177073	-0.628282	-0.525653	0.460355	-0.153124	-0.508207	-0.098436	-0.626413	-0.537983
	-0.954674	-0.403182	-0.319418	-0.245557	1.239132	0.325613	-1.334258	0.386300	-0.196992	-1.855616	0.244479	-0.146040	-0.843360	-0.330369	-0.303926	-0.985581	-0.752644	0.467186	0.275953
	0.420229	-0.102746	-1.432811	-0.241246	0.184678	0.717581	-0.155102	-0.252954	-0.000768	-1.912032	-1.450850	-0.329489	0.091059	-0.097109	-0.366817	-1.933969	0.535191	0.197091	0.561686
	-0.390087	1.007419	-1.782586	-1.365139	0.278959	0.395927	-2.228561	-0.551910	-0.401198	-1.038396	-0.517660	-0.367504	0.026680	0.255271	0.068566	-0.402221	-0.454649	-0.550875	0.327044
	-0.331991	-0.014107	-0.612853	-1.618255	0.380399	-0.010450	-1.054315	0.381741	0.063736	-1.229075	-0.581858	-0.731392	0.888522	0.309594	0.338560	-0.216592	-1.344333	-0.556695	-0.567883
	-0.005391	0.625194	0.036213	-0.719297	0.134359	-0.004733	1.838207	0.721680	0.419800	-0.047066	-0.859677	0.799790	1.554042	0.002464	0.540713	1.051162	0.530091	1.175472	0.463692
	-0.577867	-0.391084	-1.163201	-1.465202	-0.212765	-0.166305	1.627242	0.081294	0.134490	-0.955819	-0.329623	1.295589	-0.384519	0.438171	0.202337	0.211657	-1.191747	1.256767	-0.300862
	-0.521732	-0.418231	-1.128270	-1.691219	-1.012860	-0.099342	0.370679	0.143881	-0.264327	0.054804	-2.186020	0.923726	0.194121	-0.289255	-0.168324	-1.122942	-0.944407	-0.256912	0.634200
	-0.577338	-0.030441	-0.449830	-2.454370	-0.671101	-0.745964	0.887666	0.003213	-0.031014	0.217031	-0.387701	0.203709	0.429498	-0.090319	0.026929	-0.360780	-1.338653	0.458939	0.967467
	-0.348774	-0.622832	-0.187844	-1.304398	-0.581240	0.163925	-0.129289	0.125426	0.274388	-0.111032	-0.180012	0.492689	0.114826	0.005693	0.209456	-2.184638	-0.256825	0.771529	-0.151195
	-0.246614	-0.453498	-2.600207	-4.376257	0.407636	-0.146059	1.862066	-0.373130	-0.321909	0.770948	-0.672882	0.846662	0.520096	-0.028707	0.255886	-0.478091	0.115531	0.295833	2.177673
	0.149765	-0.237410	-1.103849	-2.722933	0.406219	-0.985652	-0.706387	0.165028	-0.097764	-0.407995	-1.655378	0.859816	0.533980	0.077555	-0.148930	-1.133147	-1.369100	0.677817	0.897492
	-0.428966	0.209183	0.487336	-2.678610	-0.060436	-0.052105	1.830367	0.286276	-0.081893	0.099277	-1.189999	0.103299	0.169128	-0.331698	0.030152	-0.444958	-1.484421	0.085534	0.760883
	-0.182459	0.962932	0.048758	-3.179770	0.170515	-0.070571	0.646286	0.122438	-0.247408	-0.349037	-1.121485	-0.440755	-0.032871	0.116080	0.377108	-0.777974	-1.663628	-0.426662	0.135060
	1.272145	1.595548	-0.505626	-0.033422	-0.131890	-0.281019	0.689408	-0.131876	0.542172	-1.865764	-1.788887	0.191490	-0.987065	0.350146	-0.394709	-0.593660	-2.267453	0.005310	-1.053299
	-0.176520	0.012889	-0.579665	-1.672327	0.667571	-0.593431	1.271734	0.295658	0.174293	-0.812153	-1.694038	-0.167319	-0.470535	-0.297510	-0.263592	1.038921	-0.883096	-0.141227	1.138284
	-0.512942	-0.725126	-1.022323	-1.771903	-0.587014	0.312804	-0.131275	0.481926	0.082670	0.185664	-2.247819	-0.287380	-0.666592	0.632792	-0.014953	-0.719830	-1.163454	-0.421599	-0.159680
	-0.142886	-0.315848	-0.731228	-2.085988	-0.146812	-0.485129	-0.782531	0.258710	-0.253611	0.808451	-0.685143	0.848634	0.252550	-0.361318	-0.527115	0.949607	0.364443	0.017519	0.437572
	-0.544695	0.015920	-0.347308	-2.028129	-0.577375	-0.340788	2.040643	0.384689	0.418589	-0.362576	-0.457059	1.697640	1.604152	-0.589414	-0.052413	-0.210968	-0.365532	-0.272069	1.591293
	0.150527	-0.019731	-0.395120	-1.177638	0.713220	-0.947084	0.895161	-0.464055	-0.099052	-0.097098	-1.284253	0.546933	0.419367	-0.424748	0.215214	0.469429	-0.517852	0.192520	1.062667
	0.585853	-0.096014	0.800641	-0.890037	0.246708	0.444716	1.943693	0.558986	0.491409	-0.843378	-0.807703	0.668314	0.470311	0.005203	0.314182	-0.299832	-1.955571	0.020710	0.376582
	0.531298	0.897444	1.459661	0.886395	-0.213056	-0.417552	0.784991	0.260523	0.605167	-0.313387	-1.425758	0.464630	0.727892	-0.312709	0.013724	-1.475082	-1.123711	0.480562	-0.885733
	-0.014494	0.714344	0.893026	-0.694903	-0.156264	-0.352627	-0.733427	0.078747	0.518808	-1.507587	-0.097881	-0.217024	-0.169678	0.320574	-0.530776	-1.149073	-0.740253	-0.326661	-0.993676
	0.474716	0.702718	1.265854	-1.321839	0.003780	-0.295124	0.366550	-0.010411	0.329419	0.058850	-0.688763	0.171464	-0.472877	-0.168071	-0.009986	-1.335401	-1.995431	0.142444	0.956528
	-0.225336	0.215742	-0.223501	-0.484712	-0.048772	-0.025534	-0.184015	0.200716	0.211129	-1.211967	-0.666169	-0.865198	-0.509956	0.157819	-0.228404	-0.946649	-1.035816	0.294899	0.472210
	-0.990992	0.609497	-0.412941	0.286824	0.822280	0.888991	0.127985	-0.426569	0.317466	-0.441952	-0.273604	0.442496	0.240061	-0.493114	-0.030965	-0.727799	-0.264610	-0.123935	0.212434
	0.446859	0.300691	-1.453534	1.082822	0.181260	-0.243876	-1.890828	-0.498300	0.040752	0.502571	0.216186	-0.642975	-0.122277	-0.462375	0.015314	-0.121285	0.017663	0.097840	-0.364019
	0.754780	0.210068	-2.961646	0.767498	-0.152156	0.396238	-0.646346	0.383939	0.866561	-1.045674	-0.010320	0.187707	-0.470060	-0.004322	-0.088764	-0.306141	-1.030553	0.024874	0.269616
	0.416880	-0.499457	-2.625664	1.808090	0.341134	-0.023705	-1.545045	-0.142986	0.290358	-0.986535	0.101971	0.446015	0.314285	-0.243242	-0.548953	-0.668589	-1.296263	-0.237434	-0.336076
	-0.447951	-0.029334	-1.485077	1.362548	-0.420259	0.423664	-1.519606	0.347006	-0.052692	-1.369043	-0.519037	0.240296	-0.730668	-0.105120	0.226217	-1.402236	-0.940313	0.726030	-0.987117
	-0.965920	-0.595163	-1.971551	0.492879	0.129495	-0.145764	-2.473346	-0.711952	-0.103385	0.676150	-0.253375	0.010927	-0.073482	-0.018760	0.269501	-0.856029	0.583564	-0.424295	0.225182
	1.376459	-0.125005	-0.920153	1.937283	1.066612	0.855204	-0.445608	0.153106	-0.172312	0.296660	-0.019333	-1.388727	-1.099527	1.118991	0.436005	0.026533	1.382597	0.479411	-0.099781
	1.052267	-0.378415	-2.122192	0.641141	1.138392	0.561758	-1.037077	0.036985	0.134315	-0.054150	-0.391542	0.084577	1.031605	0.285539	0.792192	-1.025932	-1.079868	-0.209682	0.150226
	-0.325541	-0.888090	-2.634092	1.208080	-0.034239	0.230678	0.242575	0.429692	-0.060206	-0.831941	-0.108101	0.770699	-0.858178	0.332019	0.602083	-0.539883	0.080854	-0.155105	0.619747
	-0.852216	-0.791517	-2.932708	-0.470566	-1.252576	0.594265	-1.438401	0.106930	-0.201619	-0.319945	-0.103713	1.175789	-0.553915	0.245824	-0.218969	-1.194720	0.182138	-0.932619	0.543209
	0.705259	0.605650	0.895670	0.735497	-0.659450	-0.174989	0.056995	0.257897	0.032644	0.284973	-0.463311	-0.349412	-0.243245	-0.100380	-0.855488	0.361292	1.779600	-0.713845	0.040477
	0.668717	0.674713	-1.161072	1.502917	-1.071582	0.202135	-0.884151	0.393490	-0.070192	1.046438	-0.572048	-0.823263	-0.519323	-0.646843	-0.436107	-0.222839	1.090008	-0.845727	0.158915
	1.028248	-0.074608	-2.567874	1.970060	0.958948	-0.439810	0.377355	0.004850	0.050970	-0.695495	0.816930	-0.873013	0.759032	-0.093145	-0.336061	0.044963	0.111561	-1.632216	0.313032
	-0.031994	0.068604	-1.550074	1.299846	-0.043231	0.180505	-1.138784	0.122930	-0.038131	-0.971096	-0.385152	0.294080	-0.063828	-0.384707	-0.268416	0.771175	0.404545	-0.740425	0.068808
	1.683401	0.849305	-0.847984	2.073226	0.619045	-0.278494	-0.209532	1.008103	0.401506	-0.071338	-0.450913	0.557569	-0.011679	-0.753288	-0.080593	0.639672	1.815061	-1.305008	0.865196
	0.961301	1.112135	-0.146464	1.183455	0.218820	-0.276611	0.393196	-0.125167	0.604317	0.170310	1.245065	0.324362	-0.101571	0.038009	-0.383471	0.817633	0.885101	-0.528994	1.277173
	0.544654	0.536828	-0.238034	1.169446	-0.228061	-0.829863	-0.987231	0.371112	-0.454734	1.036856	0.600790	-0.374421	0.621818	0.052611	-0.058035	0.878868	1.711862	0.138650	0.348146
	-0.404896	-0.808314	-1.389444	2.151065	-0.010568	-0.177921	-0.474774	0.286567	0.137681	-0.271107	0.321138	-1.430035	-0.202297	-0.548158	-0.427420	-0.063950	0.658098	-0.445342	0.885848
	1.050164	0.071643	0.168537	2.711261	-0.153292	0.466122	0.364366	0.485453	1.030196	-0.139411	1.212156	0.219596	-0.018746	-0.662298	-0.119861	0.192720	0.734315	-0.873012	1.029111
	1.333409	0.347065	1.595839	1.713083	-0.179554	0.227549	1.101947	0.523181	0.754064	1.966807	1.065121	-0.449968	0.713886	-0.237962	-0.090428	-0.161382	0.358788	0.226174	0.490682
	0.941640	0.367465	1.804303	1.038008	-0.321461	0.330275	-1.049396	-0.344559	0.333100	0.256617	0.121036	-2.137923	-0.206228	0.751260	0.470171	-0.389685	-1.112291	-0.215707	-1.058329
	0.934217	0.346953	-0.718567	1.586898	-0.832402	-0.290095	-3.088017	-0.736128	-0.488663	-0.459886	0.042878	-1.427023	-0.789813	0.589090	0.541190	-1.099095	-2.320954	-0.597154	-1.600010
	-0.852519	-0.298346	-2.154833	-0.267862	0.271217	0.317419	-0.890679	-1.028262	-0.007453	-0.183305	0.734684	-0.594816	-0.731836	-0.107115	-0.261942	-0.149250	0.697124	-0.606326	0.306582
	-0.426951	0.124186	-0.525104	-1.066980	-0.472801	-0.910344	-0.128862	-0.316957	-0.409951	0.684005	-0.922868	-0.208046	-1.719878	-0.225666	-0.202151	0.084054	1.131045	0.601754	-0.031707
	-0.760331	-0.819855	0.458795	-0.947879	-0.144124	-0.131581	-0.369222	-0.114325	-0.156928	0.996896	0.790912	0.650549	-0.613587	0.051921	0.391000	0.844808	-0.348492	-0.146076	0.388686
	-0.664880	-1.218582	-1.445358	-0.765402	-0.041579	-0.439384	-0.522847	0.111021	-0.290148	0.599142	0.148660	0.892745	0.921061	-0.458657	-0.202083	1.345212	-0.498706	0.597636	0.111509
	-0.577136	-1.222452	-2.200686	0.115603	-0.772724	0.057673	-2.042931	-1.019343	-0.794068	-1.224557	-0.556324	0.427579	0.422537	-0.040173	-0.810004	-1.376321	-1.222484	-0.173148	0.435866
	-0.264022	-0.635360	-0.782158	0.225911	-0.125997	0.472961	-0.188706	0.402401	-0.892422	1.314978	0.136122	0.485625	0.117307	0.463768	0.336909	2.487728	1.340892	1.066865	-0.081110
	-0.697746	-0.362543	0.530938	-0.211345	0.785701	0.791831	-0.445156	0.404363	-0.031979	1.027911	0.220743	-0.881477	-0.316998	0.467454	0.273404	1.317929	-0.158065	1.792374	-0.572617
	0.713184	-0.351514	1.776933	-0.048936	0.522227	0.816407	-0.458511	-0.761914	-0.578482	-0.477985	0.636080	-0.505876	-0.607963	-0.108697	-0.541394	0.634440	0.140920	0.894583	-0.486477
	-0.278550	-0.358712	0.171285	1.403013	0.214631	0.602342	-1.406595	-0.869821	-0.738114	-0.781747	1.275350	-0.855255	-2.043492	-0.045022	-0.161637	-0.181897	0.706468	0.265527	-0.832331
	-1.389657	-1.160998	-2.143168	-0.374555	-0.413836	-0.076407	-1.067231	-1.300224	-0.968274	0.275663	1.229061	-0.030094	-0.717708	0.187673	-0.024863	-0.451610	0.861190	-0.229187	-0.615493
	-0.564976	-1.176935	-0.412159	-0.407250	0.133332	-0.180313	0.547000	-0.022472	-0.297418	-0.794057	0.873638	-0.486859	0.139013	0.782104	0.749787	0.373218	0.639983	0.373823	-0.340039
	0.231862	-1.026098	1.243913	-0.706952	0.346666	0.200006	0.151367	-0.094197	-0.017351	-0.517465	1.481414	-0.252783	0.649173	0.532274	-0.559600	0.349125	1.573318	-0.763830	0.592310
	-1.260487	-0.703660	0.178956	-0.660518	0.150717	-0.406238	-0.290383	-0.125574	-0.637193	-0.045473	0.191103	-0.715217	-0.083367	0.210617	0.059437	-0.865429	0.329042	-0.608695	-0.429907
	-1.320848	-0.853853	-1.241593	-0.379535	0.341987	-0.900703	-1.436084	-0.741924	-0.331833	-1.655098	-0.332868	-0.664146	0.725107	-0.283231	-0.135987	-0.859033	-0.812684	0.689714	0.147878
	-1.582465	-0.795701	0.478845	-0.268900	1.049211	0.024596	-0.613258	-0.032992	0.372584	-1.264573	0.620008	-0.026237	0.223779	-0.012389	-0.301740	-1.670038	-1.349254	0.787540	0.152663
	-0.618602	-0.948091	0.065607	-1.466069	0.629931	0.160181	-0.038979	-0.274830	-0.110910	1.062458	-0.290264	-0.149589	-0.102481	-0.507969	0.092862	0.802945	0.710908	-0.542561	-0.778307
	-0.636192	-0.410507	0.491642	-2.009963	-0.252936	0.838695	1.161695	-0.542659	-0.590562	0.924505	-0.205666	-0.351235	-0.156402	-0.608471	0.173931	0.528889	0.709789	-0.479965	-0.704239
	-0.887313	-0.988314	1.439638	-0.516457	-0.760051	0.162567	1.260359	-1.533449	-1.127769	0.214994	0.598300	-0.606620	0.268044	-0.891720	0.183898	1.454840	-0.128255	-0.335672	-1.066347
	-1.274204	0.019896	0.791428	0.348246	-0.814200	0.406127	0.076447	-0.749398	-0.688592	0.453281	0.108284	-0.107301	-0.663237	-0.531777	0.292074	-0.285573	-0.071843	-0.368635	-0.229882
	-1.464883	-1.056006	1.461682	-0.473634	-0.185146	0.091060	0.670093	-0.636511	-0.623973	-0.121280	-0.610231	0.284123	-0.183009	0.305536	-0.557084	1.619537	1.588049	-0.750988	-0.148936
	-1.021404	0.288511	0.708431	-0.938961	-0.574024	-0.589148	-0.123827	0.486716	-0.063014	1.641216	-0.137089	-0.033797	0.118760	-0.275167	-0.038646	2.111226	1.863252	-0.313997	0.342464
	-0.433089	-0.838652	0.984810	-1.284025	-0.420486	-0.542879	0.813690	-0.099078	-0.061293	1.741286	0.300260	0.548659	1.411528	0.154036	0.004539	0.954689	1.207000	0.507902	0.094848
	0.345850	0.839857	0.458005	1.727983	0.165317	-0.091655	0.785683	-0.288521	-0.160597	0.841315	1.602571	0.169786	0.236527	0.612437	-0.652293	1.688733	1.119036	-0.261034	0.403655
	0.821331	0.151040	0.412900	0.548321	0.137304	0.042578	0.562302	0.312318	-0.130312	3.100631	0.614540	0.150284	0.603464	-0.407271	-0.507585	1.522758	1.771596	-0.584297	-0.617831
	0.727325	0.342397	2.556621	1.348729	-0.051580	0.081793	2.084181	0.756555	0.633775	1.031852	1.695985	1.304137	-0.022199	-0.241807	0.239308	2.089357	1.709462	-0.014663	0.926941
	1.105066	-0.120268	2.826775	1.442302	0.372767	0.557498	1.151258	0.497894	0.716111	-0.320260	1.902786	1.300813	-0.290188	-0.109994	-0.999371	0.391944	0.532420	-0.169049	1.366631
	0.688212	0.705681	2.758850	-0.270293	0.045267	-0.003601	3.193968	1.271462	-0.025349	1.235180	1.508453	-0.852639	0.816235	0.295400	0.354069	0.791536	-0.060238	-0.230847	0.772981
	-0.664833	-0.230953	2.145919	0.731126	-0.435026	-0.183541	2.162596	0.361014	0.668858	0.543759	0.362968	0.903871	-0.307343	0.835918	-1.166108	1.890394	2.199546	0.858066	-0.219574
	-0.253789	-0.368018	2.009701	0.000482	0.320513	-0.373342	2.770792	1.175895	0.705494	1.055610	2.154327	0.777344	0.469533	0.528789	0.691448	1.419346	2.116884	1.861516	0.390327
	0.298771	-0.550569	0.450740	-1.073303	0.750900	0.649335	3.127811	0.628118	0.744951	1.540778	0.992380	0.587480	0.690971	0.345638	0.891465	1.906444	0.965022	0.375134	0.820119
	0.044955	0.500441	1.721819	-0.617201	-0.094152	-0.773794	1.349079	0.209420	-0.143254	-0.525396	-0.291067	-0.186195	-1.286854	0.275839	-0.190518	0.362694	-0.033102	0.364765	-1.199027
	0.615530	0.530832	1.738010	1.044502	-0.364745	-0.011360	-0.434225	-0.212855	0.135264	0.960447	0.461724	-1.596938	-0.976485	0.121274	0.107720	0.206446	0.387784	-0.311361	-0.304323
	0.907234	1.509494	1.982905	2.468522	-0.907102	-0.673446	1.472781	-0.459473	-0.037419	1.282018	2.035664	-0.272206	-0.246195	0.191273	0.138305	-0.056748	-0.188244	-1.096684	0.179016
	1.541506	0.021484	1.862264	1.926821	1.143852	0.175180	1.494017	-0.249587	0.450297	-0.236190	0.664506	0.272436	0.001178	-0.535203	0.094450	1.486354	1.758983	-0.336701	-0.227995
	1.328478	0.204458	1.227927	2.580130	0.180437	0.629799	1.311268	0.061106	0.572895	-1.066738	0.597917	0.718505	0.027569	0.654166	-0.371512	0.686475	0.895690	-0.163594	1.041651
	0.784094	1.453396	2.254249	1.537746	0.238383	0.200009	1.629061	0.859517	0.508574	0.032676	1.152474	0.191408	0.295300	-0.058312	0.581977	-0.184899	0.168052	0.461884	1.003226
	2.046017	1.342532	2.297725	3.554388	0.330219	0.076988	1.438932	0.502398	0.537078	1.589513	1.005291	-0.632167	1.456690	0.312299	0.570336	0.188325	-0.100026	-0.689146	-0.009745
	2.195269	2.328300	1.053133	1.830292	0.016260	-0.204673	0.539602	0.231302	0.357052	1.132747	-0.570659	-0.110483	-0.914999	0.167048	0.796067	-0.387688	0.541098	-0.288070	-0.215034
	1.185711	1.942036	3.453945	3.264836	-0.158687	-0.489038	0.925373	0.778200	0.761731	0.676224	0.594805	-0.520022	0.056612	-0.887347	0.970299	-0.601586	0.417282	0.581678	-0.672104
	1.293316	0.369119	1.501082	2.301844	-0.054963	0.900503	0.312674	0.754870	1.142516	-0.747709	-0.601936	-0.026078	0.031695	0.162948	-0.368679	-0.794073	-0.593479	0.600640	-1.551937
	-0.453712	0.156197	0.945681	0.725445	-0.250755	-0.432884	0.336287	0.650796	0.164235	1.763496	0.417597	0.425235	0.361355	-0.292223	0.055952	0.847898	-0.485890	0.548945	-0.273886
	1.273988	0.449397	1.132651	1.818461	-0.559643	-0.446542	-0.233107	0.592215	0.737094	0.494739	0.510156	1.227437	-0.386242	0.945891	0.503868	-0.301652	-0.778736	0.086406	-0.498915
	1.109038	1.132505	1.084328	3.639440	-0.190830	-0.582502	-1.277332	0.579826	0.928200	-1.166511	-0.023769	0.501986	0.292534	-0.377135	0.607735	-0.450465	0.406973	-0.514994	-1.223680
	-0.205851	0.484686	0.901203	2.813649	0.386975	-0.401519	-0.108104	0.033717	0.581298	0.927610	0.105863	-0.886348	-0.061000	-0.779587	0.450184	0.031643	0.805592	0.031113	-0.495189
	1.006731	1.293275	0.128426	1.634059	-0.251435	-0.060146	0.366338	0.124579	0.756391	-1.130248	0.646516	-0.077140	-0.133171	0.037756	-0.489156	-0.164298	1.017956	0.584648	-0.903234
	0.282151	0.083012	0.053189	0.192629	0.231145	-0.094311	-0.146787	0.101443	0.954358	0.517863	-0.461171	-0.655288	0.808197	-0.262321	-0.030867	-0.838523	-1.719321	0.850703	0.028511
	0.120200	0.454811	-0.181048	0.336740	0.164961	0.975990	0.218557	0.536529	0.914682	0.055657	-0.889811	-0.118843	0.362299	0.570860	-0.001771	-1.059194	-0.400134	0.308011	-0.283823
	-0.109869	0.181148	-0.610658	0.923498	-0.100235	-0.198635	-0.773729	-0.238575	0.395344	0.384281	-0.556208	0.989508	0.030475	0.045057	-0.724963	-0.757218	-1.156862	0.630299	0.169002
	0.105281	1.298997	-0.331880	0.466937	-0.174919	0.111479	-1.048139	-0.157803	-0.302441	-0.403504	-0.585234	-0.605687	0.362843	0.061155	0.314941	-1.312263	-1.396671	-0.389223	0.571300
	-0.039745	-0.348775	-0.175324	-0.522046	-0.315507	-0.054546	-0.485113	-0.027802	-0.355666	0.055278	0.009513	-0.324404	0.630012	-0.405406	-0.136085	-0.286728	0.070547	-1.235449	1.016294
	-0.631587	-0.099303	-0.182537	-0.278458	-0.241875	-0.154136	-0.827212	-0.094549	-0.025219	0.490103	0.930785	-0.105790	0.236504	0.184466	0.723726	0.199088	0.729159	0.220586	0.759831
	0.103883	-0.911177	-0.113598	-0.221607	-0.234442	0.882192	1.680794	0.518763	-0.239555	1.317552	0.650485	0.166487	0.544135	0.155331	0.053117	1.257557	0.439727	0.928443	0.749086
	-0.673131	-0.256204	-0.630033	-1.157078	0.204177	-0.510158	-0.038058	-0.357357	-0.354951	-1.135315	-0.083867	-0.448041	-0.386447	0.850646	0.613386	0.838012	0.714442	-0.046351	-1.032412
	-0.486881	-1.003214	-1.219614	-2.693979	-0.292658	-0.803579	0.245636	-0.075199	-0.712640	-0.170560	-1.100406	0.580396	0.188670	0.508820	-0.200348	-0.961953	-0.316478	-0.729383	0.422706
	-1.456995	-1.520041	0.010997	-2.357115	0.054077	0.117641	1.442481	-0.001801	-0.482113	0.591784	0.308469	-0.009971	0.495630	0.245313	0.015367	-0.103056	-0.650041	-0.453488	0.285661
	-0.137318	-0.712966	-2.261151	-1.458537	-0.071640	-0.339323	-0.502593	0.092115	-0.172954	-0.856604	0.229904	-1.204309	-0.428227	-0.722678	0.543723	-1.017415	-1.363773	0.066873	0.233502
	-0.367395	-0.137737	-1.436913	-1.304444	-0.009727	-0.368596	0.035207	-0.667299	-0.759213	-1.415774	-0.288457	0.216368	-0.922921	-0.647018	-0.704245	-0.639270	-0.004432	-0.203170	0.209171
	-1.102475	-1.174004	-2.230530	-0.953389	-1.377512	-0.190359	-1.000933	-0.746076	-0.623808	-1.265675	-1.451899	0.108617	0.431837	-0.231781	0.055016	0.280677	-0.055954	0.602070	-0.654648
	-0.660130	-0.920403	-2.251770	-2.292969	0.079082	1.156945	-0.529124	-0.149393	-0.574458	-1.566453	-1.116023	0.983019	-0.853560	-0.311707	-0.042227	-0.250109	0.910717	-0.566710	0.280090
	-0.565062	0.284548	-2.132309	0.522958	-0.035103	0.288304	-2.449938	-0.177517	0.065653	0.029728	-0.195404	-0.124622	-0.984834	-0.649139	-0.320063	-0.416331	-1.210367	0.061515	0.656968
	-0.664777	-0.632723	-1.723207	0.019042	0.511608	-0.219175	-0.842313	-0.282607	0.205620	-0.474001	-0.111825	0.432183	0.745013	-0.263361	-0.814246	0.682861	-0.601773	0.077479	0.839579
	-0.171778	0.476393	-0.437735	-0.446784	0.996837	0.688391	0.182738	0.301108	0.043532	0.741677	-0.336211	0.955022	-0.086606	0.222792	-0.191064	-0.254269	0.665399	-0.389018	1.017245
	0.163939	0.111735	-2.661546	-0.531730	1.187188	1.003144	1.033183	0.447871	-0.309685	0.702501	-0.722837	-0.218297	0.036949	0.887840	-0.310195	-1.053610	-2.188039	-0.808352	1.805524
	0.896019	0.015862	-0.883304	-1.232138	1.125651	0.543535	0.648375	0.673503	0.589715	-0.419821	-1.065644	0.257762	0.189234	0.812341	-0.302374	0.770382	-0.018040	-0.418319	0.222164
	0.547903	0.053872	-1.424324	-1.243821	0.828306	1.043440	0.262958	0.715867	0.142282	0.861614	-1.082183	1.371402	1.244514	-0.358083	0.060808	0.087868	-0.842706	0.140444	-0.157374
	-0.289894	0.650077	1.781019	-0.236348	0.333770	0.583524	1.642807	0.435224	-0.006250	-0.986214	-0.694217	-0.523591	-0.110095	0.192574	0.217190	1.819141	-0.502241	0.167081	-0.082696
	0.324028	1.094943	0.275918	-0.965592	0.905798	-0.031379	-1.186025	0.121915	0.408784	-1.828660	-0.724382	-0.000033	-0.370224	-0.462805	-0.210213	0.070725	-0.727890	-0.447893	-1.396557
	-0.176346	-0.378049	-1.327015	-0.984477	-1.102044	0.682543	-2.822713	-0.438955	-0.166058	-1.707034	-0.967051	-0.355812	-0.465068	-0.113357	0.439493	-1.065202	0.388428	0.691877	-0.995850
	0.665127	-1.404408	-2.360951	-0.496301	-0.340617	-0.923272	-2.248862	-0.802488	-0.612342	0.235163	-1.345278	-0.746570	-0.867903	-0.221517	0.340045	-1.064460	-0.883258	-0.142553	-0.813694
	-0.008939	-0.528703	-0.846397	-1.441366	0.045828	-0.251122	-0.348104	-0.650015	-1.099599	-0.361203	-0.454164	-0.627737	-0.586186	0.085045	-0.657438	-0.709911	-0.854676	-0.232443	-0.982058
	-1.138224	-0.614107	-0.864535	-0.566864	0.588321	-0.652645	-3.277703	-0.635244	-0.983805	-0.301246	-0.071483	-0.745721	0.343703	-0.278335	0.415241	-0.388695	-1.711101	-0.391310	-1.166884
	-1.099124	-0.130112	-1.993981	-1.466670	-0.152899	-1.067664	-1.120018	-0.597210	-0.699209	-1.333064	-0.885458	0.869329	-0.397982	-0.395069	0.493700	-1.120720	-0.541690	0.060349	-0.991477
	-0.314056	-0.088681	-0.673925	-1.659144	0.261275	-0.942135	-1.811746	-0.283066	-0.861176	0.442783	-0.763975	0.606189	0.127028	0.296121	-0.333268	-0.748261	-0.726437	0.801028	0.007497
	-0.031756	0.495844	-0.136360	-0.501937	-1.016579	-0.895170	-1.524282	0.276070	0.126846	-2.430084	-0.769885	-0.607048	0.282238	0.193172	-0.574718	-0.581965	-1.784383	-0.814041	0.171122
	0.024981	0.372914	-0.468474	-2.067705	-1.006496	0.564310	-1.871832	1.042904	0.139361	-0.340890	-1.505033	-0.478277	-0.437752	0.126404	-0.044285	-2.073065	-1.133220	0.506830	0.288373
	-0.343613	-0.165198	0.517974	-1.243456	-0.317549	0.659038	-0.789594	0.662628	0.807669	-0.795735	-0.904137	-1.720662	-1.279044	0.407016	-0.441511	-0.279063	0.470013	0.648418	0.762334
	0.357343	-0.323512	-1.220841	-0.950385	0.450579	0.378962	-0.487978	0.025659	0.220209	-0.207762	-1.451965	1.369316	0.236917	-0.086234	-0.560969	0.459588	0.029605	-0.676770	0.386548
	0.709591	0.229252	-1.550711	-1.527070	0.480698	-0.408229	-0.455646	-0.749841	0.044079	-0.626524	0.510935	0.945526	-0.232933	0.001766	0.509324	-1.531643	-1.491787	-0.490913	0.216362
	-0.069551	-0.472778	0.236642	-1.513296	-0.241655	0.669273	0.629520	0.235850	-0.293516	-0.876197	-0.607703	0.808895	0.729560	-0.305343	-0.434509	0.047625	0.413075	0.372222	-0.228106
	-0.937615	0.343013	0.887152	-0.777083	0.497624	-0.427005	1.761021	-1.008041	0.162021	-0.035757	0.028224	1.284530	0.241154	0.481008	-0.553596	0.536958	1.703814	0.625202	0.132108
	-0.411508	0.052112	1.423733	-0.265904	-0.044440	-0.396369	0.955053	-0.896867	-0.396782	-0.462023	1.004112	-0.219202	0.509930	0.652908	-0.165525	0.693544	2.330663	-0.350320	-0.474589
	-1.540253	0.111508	0.820303	-0.934795	0.052951	-0.337237	0.000882	-0.830900	-1.140120	0.724361	1.122992	-0.740038	-0.142343	-0.530222	-0.391324	-0.568160	-0.024865	0.316693	-0.037628
	-0.509508	-0.437461	-0.097441	-1.088673	-0.516661	0.186326	-0.862797	-1.406144	-1.089135	0.749344	1.183098	0.643655	-0.032439	-0.526672	0.173864	-1.097137	-0.182603	0.254729	-0.640160
	-0.737714	-0.137061	-0.740339	-0.628224	-0.261600	0.075519	-1.272404	-0.524268	-0.273730	-0.734192	-0.415230	-0.790179	-0.053871	-0.310862	0.326749	-1.352968	-1.062034	0.230481	-0.999241
	0.271773	0.716831	0.066001	1.527637	-0.149240	-0.017709	-0.031575	0.162560	0.629602	1.002187	-0.049225	-0.738879	-0.210307	0.289241	1.294907	-0.008925	-0.347252	-0.110894	0.287801
	0.921388	0.772781	0.732504	1.000962	-0.252140	0.006273	1.551039	0.063729	0.742631	0.678496	0.081938	-0.424275	-0.334094	-0.077332	0.518480	-0.277140	-0.133643	0.762864	-0.201469
	-0.600312	0.061409	0.382371	-0.286230	-0.840665	0.598169	0.515217	0.945415	0.234304	0.410861	-0.271631	0.982023	1.750577	-0.167902	0.609972	0.938773	0.060575	0.096729	0.897445
	-0.590960	0.692852	0.850956	-1.571374	-0.350081	0.354588	2.400462	0.839193	0.850838	0.985316	-0.785382	0.752357	1.181098	-0.665389	-0.202846	0.831981	0.722905	1.188558	0.755877
	-0.997872	-0.596406	1.116983	0.875561	0.294070	-0.133672	0.808337	0.315962	0.644150	-0.207091	0.886224	-0.048087	0.851022	-0.362838	0.457732	-0.155090	0.169795	-0.223509	0.112081
	-0.328395	0.031333	1.536825	1.025397	-0.128553	-0.032590	0.564451	-0.312524	0.228650	-0.691655	0.133221	-0.308294	-0.214050	-0.505472	0.178231	-0.536935	-2.212044	-0.141767	-0.021617
	0.653181	0.346879	0.764671	-0.489335	-0.362617	-0.172821	1.128194	-0.597308	-0.147488	-0.062437	-0.965501	-0.688325	0.117007	0.447530	-0.247258	-0.647859	-0.212786	0.383264	0.165659
	0.542786	0.003241	0.109428	0.048217	0.356961	-0.185838	-0.664698	-0.147737	-0.887319	0.443822	0.248773	-0.128918	-0.611462	0.475759	0.140384	-0.210132	-0.295195	0.130820	-0.262348
	0.035565	0.100104	-1.280591	-0.392338	0.422026	-0.456211	-0.097318	-0.958291	-1.103391	-0.649888	-0.221322	-0.655232	-0.561744	1.082100	-0.507634	-0.667735	-1.063947	-0.522704	-0.548230
	0.311478	-0.156477	0.643221	-0.193446	-0.147177	-0.925079	-0.825118	0.000049	-0.110131	-1.937474	0.248948	0.216805	0.254911	0.174996	0.145551	0.478470	1.396780	0.355152	0.193295
	-0.385425	-0.020579	-1.072953	-0.704721	-0.399503	-0.201358	-0.347765	0.282342	-0.203921	-1.285183	-0.418894	0.888931	0.368573	-0.609370	-0.071150	0.167827	0.653521	-0.620837	0.277824
	0.693269	-0.151763	-0.935354	-0.186892	-0.281557	-0.206657	-1.781732	-0.525708	-0.093394	-0.767613	-0.650184	0.274711	-0.338562	-0.427631	-0.307683	-0.538472	-0.893746	-0.607390	0.015870
	0.349245	0.435031	-0.153864	1.064287	0.020308	0.173785	-0.123684	0.572527	-0.140706	-0.350226	-0.178961	1.676527	0.602336	-0.008295	-0.533567	-1.650916	-1.156948	-0.243808	-0.476818
	0.642976	-0.026631	-0.249430	1.975289	-0.107677	-0.145719	-0.864629	0.416067	-0.155337	0.947622	0.183672	-0.350076	-0.354154	0.182495	0.394552	0.027983	-0.017015	-0.203367	-0.454435
	0.168661	-0.176379	0.121481	1.178368	0.205178	0.289204	-0.926071	-0.031708	0.149449	0.636415	0.831722	-0.219697	-0.816271	-0.202351	0.274728	0.203810	0.355512	-0.956821	-0.313607
	0.560512	-1.009894	1.027121	0.197318	0.344180	-0.307643	1.612257	0.317608	0.160538	-0.034702	1.284868	-0.556936	0.596556	0.102736	-0.106056	2.075068	1.184173	0.417665	0.545229
	-0.134174	-0.145047	0.122730	0.385572	0.240251	0.871118	0.611700	-1.177460	-0.724367	1.691678	1.044930	0.235524	-0.763205	0.148088	-0.131598	0.099564	0.369378	0.322416	0.351628
	0.644552	-0.252729	1.427943	1.142217	0.409956	0.038022	1.332552	0.710086	0.570460	1.598024	0.931501	-0.961355	-0.010968	-0.178804	-0.552743	1.793427	1.408862	-0.094455	0.510646
	-0.044382	0.196460	-0.167554	1.987701	0.289569	0.360987	0.161578	1.217978	1.335561	0.306468	-0.101550	0.034631	0.147020	0.401090	0.499810	1.005772	1.340750	-0.290087	-0.976611
	0.026960	0.335215	0.514982	1.295349	-0.263609	0.080908	1.385935	0.516067	0.786047	1.319690	0.788851	-0.663037	-0.623207	-0.018783	-0.186331	1.137766	0.795542	0.388184	1.299509
