	0.359862	1.183569	1.555305	-0.132410	0.038557	-0.288863	0.491235	0.687096	-0.117779	-0.052283	-0.847465	0.067549	-0.555428	0.334721	0.047127	0.205063	-0.567821	0.418931	0.371549
	-0.131652	-1.063660	1.710603	0.472609	0.396739	-0.541922	1.220941	-0.209330	-0.329826	1.395905	1.367355	2.960579	0.142843	0.059471	-0.615671	1.611143	1.119716	1.025216	-0.256657
	-0.451714	1.151544	2.491476	2.186333	0.439269	0.171867	2.847559	1.251747	0.440296	2.553693	1.439209	3.376413	0.364121	-0.438186	-0.731450	2.057020	0.519330	1.494311	-0.168373
	0.826479	0.746214	-0.228799	0.798920	1.107829	0.330233	0.189912	-0.164669	-0.442458	0.198791	0.214069	2.249233	0.917271	0.129998	-0.016729	-0.722527	-0.844297	0.804529	-0.551844
	-0.451510	0.552810	0.348890	-0.664896	-0.083194	-0.319426	0.380328	-0.161985	-0.157705	0.860763	0.607162	1.036601	-0.138944	-0.916434	-0.741837	-0.360725	-1.192719	-0.453816	-0.171126
	0.536213	-0.448620	1.328351	-0.248496	0.304918	0.214129	1.103978	-0.074464	0.927725	1.896335	0.328451	-0.419915	-0.457172	-0.357272	-1.431365	-0.019093	-0.573914	-0.162086	-0.018064
	0.561305	-0.115221	0.302566	1.796030	-0.215988	0.087080	-0.128384	0.328301	0.636017	0.584988	0.628394	-0.259837	0.111801	-1.307040	-0.968262	1.184025	-0.281605	0.469349	-0.270669
	0.198236	-0.576005	-0.950728	0.740582	-0.387088	-0.252536	1.481306	0.038649	0.026281	0.561828	-0.526662	0.156912	0.323570	-0.344410	-0.502843	-0.327471	1.247581	-0.466869	-0.928844
	-0.307908	-0.374510	1.025656	-0.185047	-0.281520	-0.308933	-1.674345	-0.572907	-0.636398	-1.142504	-0.413105	-0.380623	-1.120075	-0.725941	-0.462503	-0.716283	-1.114684	-1.062541	-0.301716
	0.026406	1.126038	0.264052	0.164318	-0.658490	-0.274190	0.409270	0.139593	0.300236	0.305412	-0.622598	-0.264442	-0.397594	-0.532699	0.428915	0.019246	0.367955	-0.225712	0.258722
	1.190275	0.272222	0.383998	0.345204	-0.649238	0.441561	-1.058579	0.006382	0.033244	-1.279041	-0.642017	-1.119573	-0.309938	0.729996	0.238249	0.050417	-0.080365	-0.673534	-0.496451
	-1.281995	-0.895609	-0.425055	0.991795	-0.987641	-0.590607	-0.948925	-0.141890	0.270691	-1.111449	-0.844195	-2.310012	-0.397062	0.954880	-0.317447	-1.197862	-0.234401	-0.119108	0.217504
	0.267820	-0.639711	-1.893114	-0.529262	0.116069	-0.110036	0.025682	0.140342	-0.100238	-0.726853	1.294554	-2.072288	-0.924056	0.892059	1.415735	-0.264178	0.231887	-0.299920	0.762571
	-0.481257	-0.747853	-2.044923	-3.819372	0.835596	-0.286385	-2.188698	0.125643	0.630902	-0.476911	0.100977	-0.732726	0.667384	0.435263	0.506792	-0.487007	-1.327119	-0.513631	0.460754
	-0.243029	0.275927	0.680256	-0.116452	0.992651	0.923804	-1.412849	-0.327099	-0.224604	-1.116792	-1.007914	-1.613340	0.168243	1.461914	1.261115	-0.432029	0.048673	0.261704	0.033654
	0.797404	0.239145	0.019942	0.835531	-0.518884	0.874609	-0.005886	-0.330048	-0.106686	-2.222997	-0.338800	-1.039405	0.446249	0.810471	0.443532	-0.094370	-0.032711	-0.364051	0.598642
	0.485789	0.204466	-1.274729	-1.745302	-0.435325	-0.133564	-0.759817	-0.485365	0.352088	-2.080489	-1.087084	-1.628196	0.233517	0.455570	1.320346	-2.164606	-0.172845	-0.841046	0.594691
	-1.492333	-0.196342	-0.928199	-1.314644	0.303568	-0.458342	-1.075313	-0.021988	0.434828	-2.375148	-0.069670	-0.171181	0.373538	0.868027	1.228551	-0.857673	-2.381609	-0.595700	-0.179686
	0.381297	0.101018	-0.439306	0.623874	0.056291	-0.806920	-1.153082	0.075049	-0.155530	-0.293231	0.056986	-0.630280	-0.094836	0.499610	1.743841	-1.094493	0.597578	-0.094464	0.017203
	-0.073551	0.494135	-0.722098	-1.447156	-0.309074	-1.253483	0.258290	0.160641	0.919289	0.014830	-0.360572	-0.482191	0.790378	0.087404	1.311791	1.071074	0.333919	-0.083773	0.335800
	-0.047135	-0.497413	-0.381904	0.619300	0.706155	0.799540	-0.172484	-0.149656	-0.533574	-1.194346	-1.330824	-0.389958	0.097040	0.437357	0.691996	-0.204686	0.488186	0.214152	-0.124186
	-0.142625	0.893536	-0.673252	-0.609555	0.030026	0.588985	-0.910108	-0.205843	-0.734405	-1.890396	-0.784376	0.174272	-0.063532	0.473009	0.746434	-1.576278	0.106744	-0.625572	0.233149
	0.865186	0.465751	-0.163041	0.238545	-0.186223	0.458046	-0.484329	-0.387582	0.159729	-0.870178	-0.872145	-0.635621	0.103644	0.629799	0.233453	0.207762	1.011961	-0.430575	-0.405280
	0.773309	0.389154	0.373354	0.453905	-0.343507	-0.514764	-0.736618	-0.169419	-0.500622	-1.342172	-1.302115	-0.917168	0.825642	0.141661	0.920307	0.659980	0.114791	-0.631087	0.092883
	-0.130026	0.242781	0.832623	-0.014799	0.463317	0.416888	-0.759105	-1.198223	-1.321016	-2.714908	-2.348945	-1.009107	0.612859	-0.238793	0.287780	-0.254372	0.719844	0.083861	-0.738174
	0.295290	-0.313329	-1.380577	-0.565482	0.137635	-0.012410	-1.906639	-0.593263	-0.789255	-1.317996	-1.751347	-2.298292	0.656005	-0.806800	-0.769537	0.121156	-1.580265	-0.050524	-0.454314
	-0.048236	-0.823875	-2.783696	-0.316103	0.161054	0.743803	0.122363	-0.542379	-0.221056	0.392109	-0.026547	0.062925	-0.469634	-1.754509	-0.383989	0.651913	0.415859	0.078958	-0.098061
	-0.863938	-0.558077	0.444204	-0.763316	-0.400233	0.598673	-0.385120	-0.541829	-0.004895	0.281584	0.296677	0.354455	0.376823	-1.084326	-0.482092	-0.907837	1.152778	-0.746290	0.392203
	-0.858660	-0.255254	-0.607702	0.131381	0.181359	0.691761	0.725517	-0.323366	-0.644048	0.066664	0.282079	-0.573065	-0.573630	0.546841	-0.896970	0.486470	2.065629	0.696395	0.124498
	-0.644559	-0.517646	-1.687563	-2.874421	-0.056072	-0.313425	-0.612096	0.374185	-1.058048	-1.331304	-0.481283	1.384966	0.681678	1.080436	-0.479315	0.381390	-0.195129	-0.261043	-0.266323
	-0.083161	0.196033	-1.524473	1.019169	0.047062	0.515315	-1.193282	0.359971	0.801330	0.556420	-0.504390	1.962974	-0.228559	0.243810	-0.551100	-0.188185	0.800217	0.262664	-0.352257
	0.256547	-0.002774	0.280673	1.172932	-0.480262	0.219303	-0.184211	0.617884	0.050122	0.033217	0.402062	0.856792	-0.641272	0.491049	-0.975488	-0.169001	-0.735568	-0.724673	-0.784504
	-0.589502	-0.237928	0.601113	-0.974540	-0.410149	-0.130753	-2.067219	0.045418	-0.488936	1.002105	-0.149380	-0.315094	-0.446540	0.063742	-0.421687	-0.817378	0.762678	-0.483488	0.534042
	0.279091	-0.613668	-1.985928	-1.449580	-0.474285	0.180053	-0.519747	0.356443	0.400548	1.843320	1.742758	-1.399984	-0.883889	-0.226467	0.712429	0.756446	-0.555414	0.867033	0.083618
	-1.191794	-1.508184	-2.760507	-1.126712	-0.448992	-0.386072	-0.007147	-0.038070	-0.685190	2.280528	1.256768	-1.766807	-1.270336	-0.853149	-1.083408	-0.228552	-0.592908	-0.174367	-0.624302
	-1.182734	-0.225181	0.110179	0.365177	0.064198	0.493025	1.730295	0.431016	0.667192	0.935063	0.904449	0.006783	-0.241785	0.747797	-0.053431	0.407481	0.916793	0.903817	0.487023
	-0.527787	-0.822210	0.185609	0.833825	-0.223368	0.076380	-0.012663	0.906353	0.113763	1.983595	2.265061	-0.107420	-0.263451	-0.253566	0.441611	-0.847157	-0.646123	-0.053841	0.999587
	0.805408	-0.419761	-0.707866	-2.400909	-0.220341	0.872391	0.472154	0.034611	0.061421	0.362830	0.556602	0.983349	-0.211621	-0.507242	-0.420924	0.581221	-0.256460	0.877692	0.863162
	0.730388	0.884259	1.058231	1.529843	0.850503	-0.190223	2.473749	0.063117	-0.245001	1.878439	-0.305104	0.144513	-0.805712	-0.992575	0.127225	0.429578	0.325709	0.662266	0.269278
	0.509439	-0.200000	-1.492349	0.139539	0.351973	-0.099244	0.747480	-0.495669	-0.225716	-0.733570	-0.055839	0.089844	-0.666360	-0.835409	-0.313867	-0.615033	0.083104	-0.983168	0.460290
	-1.194725	-0.267115	1.891710	0.000317	-0.712607	-0.612199	1.972733	-0.040115	0.391292	0.416939	0.027461	0.937872	-0.399193	-1.308760	-0.233449	-0.522509	0.039041	-0.295532	0.108347
	-0.027167	1.404285	1.023400	0.993552	-0.062872	0.088754	0.581101	-0.029446	0.379996	1.870698	0.495052	0.375194	0.308477	-0.121620	-0.032632	1.733344	1.285322	-0.579968	0.816877
	-1.193409	-1.424449	-1.096067	-0.061925	-0.632523	-0.191104	0.015234	-0.165591	-0.459329	1.096319	1.115881	-0.048688	0.898547	0.261867	-0.085792	-0.753618	-0.951623	0.046385	-0.511275
	-1.617027	0.533029	0.446568	0.599353	-0.230913	-0.144763	1.689541	0.356923	0.315795	1.315235	0.882034	0.583514	0.777630	-0.067076	-0.000511	-0.845834	0.254996	-0.047952	0.224690
	-0.381933	0.281025	1.327860	0.607154	-0.051641	-1.173356	0.910967	-0.394307	-0.700689	0.254520	-0.434954	0.321850	1.114925	-0.554222	-1.157439	-0.136857	0.717524	-0.461824	-0.181387
	-0.607629	-1.078881	1.056071	1.569333	-0.271086	-0.085228	1.400668	-0.469253	0.116743	1.115903	0.379876	1.025699	-0.082825	0.272782	-0.439461	-0.800750	0.008784	0.556015	0.188976
	1.369306	1.535180	1.537379	0.893005	0.525680	0.042453	-0.151656	-0.272584	-0.531958	-0.293265	0.826142	0.086912	0.543470	-0.226557	-0.564624	0.041579	0.205198	0.501204	0.558895
	0.640903	0.461496	0.579630	0.716488	-0.534023	-0.001071	-0.464607	-0.012139	0.239265	1.209027	-0.130704	0.935615	0.347119	-0.376924	-0.795168	0.776660	1.241986	0.457968	-0.677956
	0.705237	-0.487965	1.702300	0.402589	0.467562	-0.264442	2.368657	0.120117	0.148734	1.979402	0.673309	1.401695	0.839961	-0.615994	-1.409347	1.516330	0.665768	1.186505	-0.267469
	1.333154	0.433734	2.043627	1.351350	0.245525	0.443763	1.151577	0.733867	0.881851	2.553541	1.390287	2.191558	0.322755	-1.641186	-0.815300	2.852285	1.644565	1.734904	0.302160
	0.170531	-0.240111	0.529360	1.146772	0.826945	0.152988	-0.754332	0.390337	1.072924	0.944123	2.577178	0.263927	1.427643	-0.761189	0.567557	0.822029	0.220822	0.265359	-0.214054
	-0.191035	-0.040638	-0.405503	0.326113	-0.531175	-0.906912	-0.306094	1.012322	0.405896	1.456129	1.636977	0.525877	-0.759791	-0.206945	0.577765	0.522806	0.870551	0.701591	0.327078
	0.664659	-0.523007	0.501673	-0.352491	-0.692803	-0.493253	0.141755	0.505468	0.747876	0.896894	1.368209	0.262675	-0.815579	-0.997529	-0.587349	1.111173	-0.077253	0.640885	-0.450360
	-0.194607	0.101197	0.647007	0.447615	-0.620708	0.160637	-0.128517	0.158057	0.550895	1.077090	0.855911	0.477600	-0.046158	0.308824	-0.928337	1.736431	0.514770	0.311926	-0.078364
	0.220096	-1.358448	-0.495793	-0.450709	-0.426509	0.302234	0.746535	0.175560	0.389507	1.268254	-0.084230	1.128722	0.159351	0.624153	-0.025845	1.404999	1.129137	1.010699	0.486277
	0.506830	0.275103	-0.543865	0.578379	-0.669370	-0.293600	0.280244	0.030171	-1.004523	-0.270976	0.109120	0.986065	0.825499	-0.159467	-0.072165	1.863479	0.372865	0.059576	0.744872
	0.478191	-0.647490	-0.747731	0.640260	-0.105591	-0.050262	-0.479789	-0.251618	0.196921	0.942105	0.329004	-0.911292	-0.861118	-0.085780	0.122688	-0.552466	0.638993	-0.711052	-0.258750
	-1.257371	-1.011841	-1.173269	-1.767406	-0.047171	-0.134433	-1.429579	-0.363623	-0.460667	-0.145051	-0.209591	-0.211178	0.015077	-0.657968	-0.280608	0.651732	-0.330799	-0.417940	0.399638
	-0.315379	-2.172132	0.505811	0.475007	0.568898	0.319267	0.491378	0.100828	0.158737	0.853309	0.613832	0.832616	-0.568739	0.885787	0.294366	1.408598	1.256432	-0.606396	-0.116998
	0.721206	1.417233	-0.197554	0.771198	-0.112705	-0.338739	1.101197	0.142080	0.228530	0.812071	0.361906	0.431094	-0.058891	0.762309	1.434905	0.545238	0.673915	0.004395	0.136258
	0.982065	0.355018	-0.493118	0.886391	-0.097869	0.878917	1.880815	0.093779	0.171885	0.339874	-0.439604	0.563563	0.770199	0.022257	0.926152	-0.206583	-0.283916	-0.027910	-0.039865
	-0.556063	0.228107	0.010359	-2.167014	0.331196	0.396095	-0.048787	0.217611	0.665069	-0.322025	0.445322	-0.744887	-0.700130	-0.430344	-0.657317	-0.363035	-1.291852	-0.278913	0.201450
	0.386622	0.810526	2.608896	1.858594	0.834961	0.802749	2.656879	0.536131	0.342316	0.043834	0.660237	0.090535	0.350762	0.118477	-0.624593	-0.520322	-0.840910	-0.637544	0.247744
	0.958184	1.689071	1.459970	0.822198	0.736544	0.667180	0.164773	0.423063	0.407048	-0.544884	0.410285	-0.325719	-0.063734	0.876908	0.326293	-0.109720	-1.252089	0.048949	0.604934
	-0.708439	-0.144668	-1.055740	-1.192742	0.183841	0.652831	-0.481103	0.176625	0.455013	-1.844336	0.026070	-0.699539	-0.172986	1.360466	0.782596	-0.559536	0.319541	0.177127	-0.833693
	-0.119087	0.510149	0.367565	-1.060989	0.664616	0.085426	-0.187692	-0.131338	0.278063	-0.922598	-0.686587	-0.151242	-0.680054	1.539801	0.845642	-0.990398	-0.690081	-0.048039	-1.185567
	1.579556	1.197330	0.217528	1.293824	0.672893	-0.179041	-1.260052	-0.137536	0.354087	-1.069645	-0.594102	-1.265910	-0.307305	0.653116	0.336811	-1.903849	-1.920561	-1.171829	-0.108420
	0.044133	-0.345950	-0.592256	-0.494259	0.043432	-0.237589	1.486876	0.400883	0.046252	0.293634	0.971341	0.834879	-0.503388	-0.830449	-0.360831	1.854097	1.522302	0.512997	0.103873
	0.382941	-0.404368	-1.188212	-2.026448	-0.579086	0.282279	0.246947	-0.276652	-0.384025	-0.285027	-1.003745	-0.704564	-0.769441	-0.279654	-0.224250	0.193570	-0.945395	0.122907	-0.057524
	0.747632	-0.191752	-0.404109	-0.348752	-0.153953	-0.217496	-0.126685	0.036150	0.587353	-1.229076	-0.408990	-0.745926	-0.462215	0.148313	-0.029635	-0.872648	-1.892470	-0.275086	0.212786
	0.030703	-0.398639	-0.527483	-0.644490	0.263894	-0.193346	-0.112301	0.261815	-0.403736	-0.929971	-0.196157	-0.493494	-0.189554	0.672898	0.674484	-0.610730	-0.047789	0.398236	-0.024698
	0.303117	0.838439	-0.000386	-0.564718	-0.404626	0.040479	-1.163181	0.465519	-0.069844	-1.161140	-0.120130	-0.869231	0.073496	1.693451	0.878799	-1.292924	-2.319102	-0.010283	-0.095558
	-1.066033	-0.268103	-1.021094	-0.660573	0.905648	-0.630386	-1.264944	-0.598049	0.250701	-2.491886	-1.531004	-2.507327	0.363707	1.275564	0.857421	-1.123038	-0.208454	0.182845	-0.283292
	-0.620853	0.352614	-0.722200	-1.525458	0.603731	0.644502	-2.691561	-1.223914	-1.452366	-3.317521	-3.854545	-2.065724	-0.601468	1.117512	1.036416	-2.255260	-2.160237	-0.828657	-0.808382
	1.123295	2.186667	1.844389	1.672458	1.044395	-0.276419	0.654127	-0.459855	-0.430137	-1.789000	-1.027681	-0.138020	0.309245	-0.331370	0.248939	-1.364866	-1.211144	-0.078672	0.014812
	1.693841	0.754138	0.874210	0.116004	0.310978	-0.761253	-1.441597	-0.478369	-0.123644	-1.409977	-0.566783	-0.475447	0.487904	-0.858681	-0.314067	-0.105726	-0.165359	-0.722076	-0.595850
	0.149043	-0.586636	-0.222199	-0.239556	-0.591423	-0.444282	-1.749147	-0.708731	-0.060570	-0.907543	-0.913714	1.048329	0.605440	-0.462016	-0.533761	-0.643492	-1.338027	-0.376231	-0.946834
	-0.098780	0.720512	0.304527	0.562234	-0.493200	-0.232815	-0.133148	-0.161026	-0.263340	0.150718	-2.168950	1.008137	0.853017	-0.139312	-1.001782	-0.702490	-1.509650	-0.130819	-0.237767
	0.576881	0.483152	1.460702	0.064726	0.293916	-0.141361	-1.685173	0.111485	0.455652	-1.102184	-1.883516	1.494057	0.996418	0.741973	0.792060	-3.086085	-2.508635	-0.171041	-0.103495
	-1.056214	0.091570	-0.086897	-0.805627	0.633649	-0.344017	-0.523984	0.834818	1.172439	-0.896102	0.078406	0.444185	0.631968	0.687663	0.755685	-1.276676	-0.034885	0.064798	-0.582010
	-0.170328	-0.111186	-1.443976	-0.851902	0.099688	0.089357	-0.745781	-0.799140	0.290315	-0.938534	-0.753031	-0.123331	-0.210140	0.122011	0.645645	-0.287421	-1.581920	-0.867090	0.027997
	-0.556233	0.502104	0.410195	0.576298	0.120817	0.379744	-0.010193	-0.615212	-2.023854	-2.417942	-1.926992	0.483522	0.030364	-0.325804	0.512269	-0.269795	0.643186	0.493210	0.474189
	-0.511782	0.122060	0.057797	-0.288335	-0.957083	-0.367116	1.641781	-0.450833	-0.133782	-0.219675	0.122897	-0.153938	0.873060	-1.003676	0.334393	0.152650	1.510007	-0.471940	-0.099005
	-0.214674	-0.466113	0.065378	-0.355010	-0.802757	-0.065277	-0.118386	0.399590	-0.024922	-0.028846	-0.241530	-0.061460	-0.220774	-0.621651	0.218640	-0.077890	1.123332	0.413871	0.000601
	-0.450734	-0.589040	-2.787282	-1.437960	-0.065641	0.133007	-1.159941	0.114970	-0.322700	-0.287942	-0.643698	-0.437306	-0.272581	0.061729	0.685059	0.125241	1.001555	0.036119	0.413502
	0.061729	-0.948538	0.242231	0.292377	-0.060833	-0.706523	0.132958	-0.203986	-0.273581	-0.457681	-0.241570	-0.236400	-1.003452	0.203597	0.050815	0.260721	-0.059908	0.433855	0.031021
	0.327555	1.057360	1.076508	0.577408	0.259584	-1.403827	-0.524294	-0.900147	0.290654	-0.055614	0.775957	0.757797	-0.484497	0.885055	0.146607	0.791169	1.471900	-0.129208	-0.071593
	-1.327988	-1.421488	-1.022342	-0.682002	-0.185962	-0.155052	1.001811	0.536980	0.508677	0.256009	0.810521	-0.948912	-0.350738	0.185707	-0.240736	1.104894	0.352160	-0.244821	-0.355577
	-1.165594	-0.052465	-0.429309	-1.175625	-0.294680	0.054791	-0.764585	0.028379	0.156173	0.460994	0.284554	-0.265019	-1.193440	-0.780466	-0.485129	-0.872310	-0.296916	-0.434824	-0.162310
	-1.638052	-1.571149	0.090306	0.556002	-0.737908	-0.617597	-0.824370	-0.666438	-0.397419	-0.166128	0.377377	0.226923	-0.251683	-0.231281	-0.502981	0.450278	0.102404	0.232645	-0.521805
	0.321562	0.899182	0.429409	0.650086	-0.521240	-0.743545	0.177105	0.044496	-0.073300	0.814963	0.994839	-0.119449	-0.098125	0.048958	-1.147601	0.524849	1.348301	0.514823	-0.079491
	0.255164	0.426271	1.264729	0.080582	-0.112962	0.181169	1.338179	0.718333	-0.270998	1.682181	0.410137	1.257015	0.598764	-1.890341	-1.212786	1.069128	0.900370	0.386743	0.437421
	-1.677894	-1.913094	0.258591	-0.436203	-0.362853	-1.121079	-0.961260	0.104215	0.323795	-0.296198	-0.060862	-0.563760	0.596073	-0.788374	-0.511219	-0.390982	0.609843	0.795867	0.973664
	0.161014	1.126481	0.055501	0.314449	0.513732	-0.583836	-0.986351	0.307656	-0.422048	-0.585766	-1.208371	0.590352	0.060506	0.466870	1.040617	0.954430	1.843217	0.284684	0.071433
	0.714085	1.516493	1.761697	1.181208	0.409841	-0.078979	-0.262719	0.167354	-0.789144	-0.397848	-0.423842	-0.555892	-0.183806	-0.879451	0.946893	-0.271341	1.142420	0.520920	0.824567
	-0.104839	1.027838	1.839009	1.760578	1.575605	1.330910	1.845368	0.459569	-0.649551	0.414809	0.149683	0.510277	0.268294	0.799875	-0.024150	1.345179	1.228099	1.251223	0.450284
	0.711876	-0.178739	0.090437	1.435881	0.412983	0.850493	1.685749	0.350547	0.044966	0.052688	-0.670892	0.915474	-0.354716	1.295020	0.253180	1.159578	-0.949427	0.276706	0.255044
	-0.463381	-0.308122	-0.405584	-0.279082	0.717565	1.105804	0.837123	0.232125	-0.624538	0.200831	0.151959	0.485190	-0.358708	-0.402671	-0.005977	-1.287138	0.198742	0.457669	0.288438
	1.598678	1.251343	-0.418381	0.488866	1.080829	0.660713	0.155870	0.149790	0.194222	0.943073	0.965926	-0.208399	1.614924	-0.492222	-0.125007	0.243541	-1.480596	0.580576	0.394419
	0.683253	-0.595687	0.684403	1.608749	0.047262	0.117953	1.828928	0.412017	-0.207121	2.843990	0.403414	0.003582	1.181896	-0.501760	-0.691307	0.881246	1.709431	0.530790	0.505431
	-0.408974	-0.452278	-0.788800	-1.588298	0.307835	0.430786	-0.135079	0.319129	0.515234	1.399517	1.889817	-0.441290	-0.276038	0.616590	-0.524165	0.449063	0.443821	-0.281611	0.173824
	0.125836	-0.856510	-2.055155	-1.430095	0.391022	0.224906	-0.620493	0.289037	0.807522	1.940967	2.280274	0.022309	0.318863	-0.546710	-1.397991	0.159658	-0.074270	0.418253	0.869827
	-0.733373	-1.127270	-0.708751	-0.335510	-0.537947	-0.072353	0.313578	0.519120	1.047020	1.890754	0.931654	-0.600211	-0.504076	0.164323	-0.696481	1.505027	1.735678	0.106146	0.854873
	-0.546320	-0.531090	-0.439852	-0.412582	-0.780825	-0.095403	1.291759	0.515669	0.140878	-0.069221	0.613549	0.562380	0.646917	-0.862194	-1.436402	0.445745	0.282025	0.379790	0.003705
	0.036555	-0.187491	0.366064	-0.711429	0.245784	0.645333	0.523526	0.236817	-0.207900	0.585708	0.182684	0.704921	-0.241417	-0.307277	-0.743055	1.454707	0.947727	0.175835	0.398136
	0.455483	-0.034712	0.161918	-0.042707	-0.006478	0.041494	1.436849	0.268034	0.604219	1.895123	1.444156	1.477485	0.241900	-0.206221	0.001240	0.458361	-0.263857	0.581954	0.689004
	0.423244	-0.149288	-1.388936	0.068113	0.344688	0.066844	1.510502	-0.064481	-0.204782	0.894176	0.138561	0.376116	0.354443	0.082521	1.038011	1.192201	0.592273	-0.099489	0.817549
	-0.483736	0.483105	1.152657	0.249443	-0.002805	0.884576	-0.785205	0.157535	-1.055883	-0.214595	-0.767775	-0.341374	-0.500296	0.564715	-0.524926	-1.587808	-0.469740	0.733096	0.086551
	-0.611977	-0.110516	0.597135	-0.989116	0.031698	-0.147037	0.308338	0.402998	-0.379288	-0.252847	0.274678	0.708620	-1.077770	0.581563	0.634469	0.151291	-0.769822	-0.020300	-0.000588
	1.075936	-1.062915	-1.031123	-0.601164	-0.562326	-0.280824	-0.017720	-0.087099	0.150296	0.900803	0.474027	0.766570	0.103242	0.304163	1.559112	-0.032764	0.324411	-0.221208	-0.594396
	-0.317589	0.548596	-0.511744	0.639257	-0.590881	-0.389876	0.136297	-0.478202	0.173010	-0.716761	-0.876830	-0.380046	-0.569277	1.316122	0.487569	0.524903	0.247184	0.367339	-0.316685
	0.433817	-0.104182	-0.183533	-1.017383	0.339824	-0.290078	-1.945511	-0.247995	-0.554262	-1.734319	-0.080497	-1.114804	0.662058	-0.052789	0.375568	-0.551953	-0.490958	0.243834	-0.204358
	0.013212	0.214584	0.894775	-0.520662	0.051275	1.033547	-1.259777	-1.180844	-0.576382	-0.204142	-0.250958	-0.001769	-0.554229	0.512148	0.077094	0.016980	0.115018	0.113019	0.078080
	-0.353445	0.279762	0.880580	-0.544104	-0.004420	0.023539	-1.812000	-0.019075	-0.095780	-1.669389	-2.230655	-0.304862	1.159802	0.287467	0.369478	-0.968241	-1.259371	-0.868890	-0.914545
	-0.960057	0.273446	-1.357184	1.255205	-0.344879	-0.272452	-1.618657	-1.323172	-0.209472	-1.059732	-1.537004	0.032245	1.094378	-0.369757	0.209116	-0.038532	-0.409950	-0.789596	-0.394535
	0.134630	0.825091	0.361944	-0.719166	-0.814854	-0.282749	-1.854369	0.432376	-0.243183	-1.989780	0.875433	0.743797	0.346521	-0.918348	-1.428891	-1.688296	-2.109291	-0.427966	0.416354
	0.200092	0.482635	3.059819	0.886561	-0.526058	0.334448	-0.594838	0.100377	-0.236002	-0.396902	-2.050578	-0.295583	0.250619	-0.314628	-0.480416	-0.927034	-1.137026	-0.455402	-0.640858
	0.865155	1.157093	1.290358	1.488399	0.340737	0.125536	-0.300762	-0.313357	-0.143468	-0.525834	-2.573056	1.473538	0.908742	-0.015215	-0.047171	-1.873977	-2.434809	-1.483021	-0.991355
	0.098204	-0.820869	-0.557664	-0.558618	0.211945	0.155249	-1.629250	-0.130267	0.441754	-0.285896	0.669684	-0.830803	-1.089109	-0.135916	0.104965	-1.026527	-1.972917	-1.091228	-0.572372
	0.463348	-0.128024	-0.673568	0.401868	-0.235980	1.010126	1.417743	0.594358	-0.365876	0.808935	0.451013	-0.271132	-1.761129	-1.069809	0.833155	0.513966	0.507621	-0.363377	-0.550284
	1.201772	0.717497	2.023506	1.382062	0.600350	-0.279319	0.601449	-0.040195	-0.082826	-0.516382	-0.282058	-0.438962	-0.670173	-0.126784	0.648399	0.847728	-1.168476	-0.771211	-0.705232
	0.001636	0.186713	-0.367935	-0.594701	0.411247	-0.262464	-0.505422	-0.319044	-0.550067	-1.809927	-1.003018	-0.112722	-0.031281	0.924027	0.674006	-1.293205	-1.824297	-0.707176	-0.912546
	-0.675789	-1.215739	-1.980733	-1.311035	-0.818213	-1.071312	0.793120	-0.529572	-0.673103	-1.766928	-0.156934	-0.529330	-1.310362	0.462135	0.166810	0.348905	0.163506	-0.442828	-0.925911
	-0.496201	-1.454803	-1.196644	0.166697	-0.500440	-1.020586	-0.333760	0.039289	-0.070335	0.944793	1.192698	-0.635202	-0.766861	0.324591	-0.145511	0.088871	1.408802	-1.046591	-0.623340
	0.160869	-0.574725	0.489480	0.208833	-1.038411	-0.416483	-0.455460	0.135088	0.505930	0.299469	1.049574	-0.077030	-0.247208	-0.127432	-0.547114	-1.316401	-1.100482	-1.142115	0.341456
	-1.724896	0.265661	0.500554	-0.202662	-0.898103	-0.612638	-0.429261	-1.237130	-0.328385	-0.094729	-0.006846	-0.620434	-0.576825	0.068006	0.757632	-0.249391	-0.600476	-0.462963	-0.296767
	-0.139778	-0.728689	-0.611042	-1.217471	-0.600168	0.371910	0.377009	-0.403489	0.185750	0.631249	0.051780	-0.647149	-0.920709	-0.136168	-0.945560	0.362579	0.292093	-0.173866	0.142368
	-0.595693	1.695980	1.116707	2.037975	0.128868	-0.036401	0.486215	0.015570	0.399305	0.275432	0.407322	0.385579	-0.324993	-0.083237	-0.591503	0.252707	-0.156789	-0.039760	-0.014249
	0.594029	0.745889	0.514206	0.951178	-0.685109	0.283109	-0.226806	0.358576	0.294639	0.800698	0.931311	-0.714144	-0.683438	0.008884	-1.048604	0.393214	-0.148804	-0.702205	-0.268178
	0.713058	0.359673	0.380501	0.466660	-0.199644	-0.256613	0.776887	0.132628	-0.249825	0.305446	0.119860	-1.041778	0.170547	-0.711191	-1.287093	1.815555	-0.263768	-0.973160	-0.770921
	0.805131	0.260133	2.006975	0.929861	-0.564613	-0.142063	-0.776899	0.654266	0.619548	0.545811	0.741304	0.487552	-0.178560	0.192904	0.248252	1.120828	0.511782	-0.184971	-0.727700
	-0.416960	-0.437016	-1.208515	1.136076	-0.267775	-0.143421	-0.958734	-0.155190	0.571600	0.472091	0.542074	-0.285129	0.091537	-0.109798	0.676867	0.470607	1.166807	0.126952	-0.194299
	-0.943556	-0.125506	-1.280154	0.156965	0.188424	0.459119	1.440215	0.274336	0.983517	1.159514	0.403698	-0.013160	0.609353	0.147704	-0.467687	1.786740	1.885311	0.003747	-0.077245
	0.915342	0.508346	1.443415	0.592912	0.856448	-0.514241	1.540747	0.652686	0.394237	0.587579	0.607615	0.680580	0.916009	-0.836909	0.321226	1.153636	0.568742	-0.324608	0.429648
	-0.777043	-1.022217	-0.037135	0.371422	0.584246	0.568030	1.096279	0.400096	0.989139	0.868015	0.379710	0.291485	-0.140856	-0.229956	1.063297	0.025822	0.230485	-0.252178	-0.853372
	0.198649	-0.627824	-0.767514	-0.067726	0.654475	0.483402	-0.061270	0.240745	0.530473	-0.080547	0.353522	0.437992	0.068070	0.052304	-0.840318	-0.350932	-0.542852	-0.598789	0.227079
	0.184834	-0.069613	-0.503284	0.204394	0.207571	-0.074843	1.088435	0.258057	0.461299	0.259438	0.028459	-0.108788	1.256886	1.019924	0.356147	0.932358	1.419477	0.038216	0.122168
	0.178202	-0.026536	-0.884871	-0.001342	-0.064539	0.115928	0.316268	0.385691	-0.016341	-0.048515	0.789702	0.377041	1.416805	-0.254771	-0.569504	1.282816	1.108811	0.444543	0.247634
	1.653905	0.721280	0.207215	0.301022	0.088131	-0.553519	-0.023611	0.082404	0.850798	-0.386001	0.034029	0.010770	0.519039	0.013413	-0.628328	0.093975	0.905751	-0.546004	0.126897
	-0.441852	-0.196680	0.148418	0.543595	-0.343747	-0.136075	0.556286	0.148135	-0.171264	0.614926	0.904866	-0.454108	0.414917	-1.033740	-0.059272	1.259281	0.979811	0.639709	0.566513
	0.523715	0.083290	-1.458061	-0.359607	-0.208910	0.411287	-0.751676	0.068319	-0.291822	0.419558	-1.086335	-1.168838	-0.783454	-0.878598	-0.156789	0.457170	-0.022980	0.276260	0.437293
	0.197408	0.741616	0.878823	0.849975	-0.257070	0.830265	0.921953	-0.169014	-0.700134	-0.144773	-0.627387	0.388361	0.715701	-0.258773	-0.230856	-0.889738	-0.410391	1.070184	-0.194860
	0.388622	0.051848	0.123963	-0.890281	-0.887867	-0.834850	-0.297685	-0.326404	-0.145388	-0.420935	-0.674414	1.126503	-0.852096	0.234080	0.295457	-0.329406	1.821765	0.129758	-0.240465
	-0.753757	-0.825563	0.880742	0.050282	0.542088	-0.520492	-0.925365	-0.182636	-0.077872	0.356540	0.826578	-0.471968	-0.502877	0.770472	0.288026	-0.908429	-2.009798	0.006678	-0.615020
	0.315230	0.018984	1.017996	0.340445	0.300783	0.096003	-0.733613	0.318186	-0.290382	0.340003	0.414778	-0.012701	-0.170488	0.037762	0.016087	-0.182163	-1.433649	-0.151408	0.180620
	0.146059	1.185461	0.231751	0.542613	-0.568808	0.778859	-1.305492	-0.141749	-0.531695	-0.544120	-0.226129	-0.295171	-0.495294	1.393229	0.521074	-0.187293	1.332031	-0.274239	-0.218626
	-0.105438	-0.969259	-0.657258	-1.060582	-0.258280	-1.052060	-0.482134	0.065102	0.269465	-1.154334	-0.229482	-0.575681	-0.798968	-0.084726	-0.114521	-0.269462	0.928916	1.010832	0.102938
	-0.112921	-1.088670	-0.377029	-1.120044	-0.203364	-0.467097	-1.440229	0.173741	0.457045	0.245447	0.324668	0.200680	0.119901	-0.241940	-0.711036	-0.144988	-0.151045	0.348063	0.423033
	0.723781	1.059082	0.867718	1.970128	0.249392	0.536476	2.299805	0.342518	0.480465	0.926654	0.692893	0.767778	-0.874539	-0.162218	1.239917	0.911738	-0.216901	0.836174	-0.251686
	0.128882	-0.242762	0.759279	0.527297	0.630003	-0.076150	0.410095	-0.743247	-0.238119	0.073776	-1.188090	0.718885	-0.315925	-0.765101	-0.013018	-1.710157	-0.964786	0.544641	0.293230
	0.358397	1.127227	0.751340	-0.934005	0.754731	0.476929	-0.254816	-0.853124	-0.884886	-1.506346	-1.339292	-0.920173	-0.011108	0.352875	0.636473	-1.977794	-0.110906	-0.156722	-0.476545
	0.989107	1.553906	0.697094	0.401170	-0.407321	-0.328121	-1.135394	0.668475	0.282944	-1.680313	-0.775033	-0.279431	0.143156	0.161092	-0.342837	-0.242356	-2.116586	0.130698	0.541669
	1.030753	1.592029	1.894557	2.955932	0.622664	0.747320	-0.807090	0.138073	0.601473	0.420606	-0.403089	0.182662	0.167428	-0.426944	-0.571162	-1.340147	-1.178537	0.211834	-0.617348
	0.371147	0.298947	0.886370	0.549053	0.520442	0.268350	1.551198	-0.130102	-0.556544	-0.768401	-0.273753	-0.734036	0.599172	0.227121	0.450471	-0.528258	-0.469276	0.239968	-0.431956
	-0.546303	0.029508	1.129304	0.872481	0.648294	-0.520713	1.493663	0.098006	1.196651	-0.066175	0.168326	1.036902	1.542608	1.473695	0.527851	-0.583513	-1.154343	0.460624	0.237637
	0.854725	1.923089	1.122885	0.576866	0.153520	-0.308589	2.283733	0.004565	0.147101	-0.415706	-0.553848	0.895246	0.898884	0.987679	0.181014	-0.963261	-1.098504	0.194593	0.080076
	-0.325270	0.051019	0.742831	0.319580	1.029745	0.780469	-0.168872	-0.774677	-0.105558	-1.406782	-1.130212	-0.096970	0.321002	1.823711	0.495679	-0.321570	-0.921754	-0.299363	-0.307039
	-1.652168	-1.136713	0.290824	-1.000575	-0.000754	0.832420	-0.402953	0.000078	-0.616056	0.145278	0.097622	0.350521	-0.902321	0.576317	-0.145527	-0.719304	-0.192959	0.974095	0.434482
	0.381930	1.003982	1.165940	1.509721	-0.183960	0.290519	-1.792002	-0.185345	-0.809906	-1.246055	-1.230545	0.848548	-0.707684	-0.046585	-0.860977	1.599680	-0.200936	-0.710362	-0.240156
	-0.426637	-0.305302	2.523830	1.327403	-0.963147	0.223871	-2.024196	-0.549341	-0.491713	-0.954433	-1.266217	-0.789130	0.561252	-0.662212	-0.205885	0.269522	0.088274	-0.907565	-0.750384
	-0.769309	-0.653312	-0.710987	-0.681636	0.549372	-0.518327	-0.593821	-0.744827	-0.513838	-0.576100	-0.991237	-0.139725	0.506054	-0.366026	0.694726	0.033037	0.875700	0.234745	-0.549374
	-0.174064	-0.829891	-0.863230	-0.502150	0.314652	-0.415462	1.211075	0.305139	-0.053901	0.844505	1.223714	0.793350	-0.733422	-0.529481	-0.149374	0.020996	0.270360	0.905292	1.629718
	0.433645	-0.002743	0.119163	0.331922	1.174362	-0.418392	1.059340	-0.216058	-0.329307	1.769212	-0.528425	-0.081689	0.419635	-0.146772	0.370812	-0.282019	0.735859	-0.383390	0.191658
	0.091488	0.363137	1.844054	0.805222	1.064566	-0.069702	1.200616	-0.516564	-0.740686	-0.390442	-0.987796	0.024100	0.580037	-0.879254	-0.836906	0.966684	1.055788	0.647407	0.483845
	-0.932574	0.763606	-1.170476	-1.680878	0.295600	-0.279737	0.600788	-0.451648	-0.146378	0.409017	0.875953	-0.042601	-0.404537	-0.316484	-0.391063	-0.116057	1.556836	0.918976	1.519674
	-0.684057	-2.290549	-1.800756	-1.179172	-0.666691	-0.353560	1.110744	0.397660	0.540259	0.236391	0.931480	0.292160	0.453780	-0.178956	-0.802791	0.552501	1.180263	0.724858	0.689767
	-0.034240	-0.405882	-0.661704	-0.280925	0.126520	-0.170576	0.080626	0.244798	-0.112195	0.597247	0.397950	1.129640	-0.377520	-0.188948	0.139768	-0.275167	-0.098116	0.152041	-0.569363
	-0.640544	-0.090707	0.549833	0.747398	-0.490372	0.356256	0.105031	-0.034719	-0.284546	0.351915	0.041422	0.711989	-0.451895	-0.966939	-0.397468	-0.251635	-0.633075	0.318787	-0.009202
	-0.794160	-0.676087	-1.524854	-1.270147	-0.181868	0.432308	0.363388	0.373790	0.203600	1.071892	0.942740	0.999814	0.049088	0.383957	-0.041600	-0.129999	1.261787	1.055538	0.130084
	-0.684381	0.109819	-1.427096	-2.576620	0.139894	-0.753383	-0.794005	0.598870	0.543492	0.938313	1.094230	0.678404	-0.644955	0.223963	0.201710	-0.796879	0.996159	-0.050977	0.891375
	-0.236436	-0.309417	0.127518	0.315105	-0.348725	0.210326	-0.646180	0.013268	0.368785	0.092620	0.154859	-1.293991	0.537275	1.367010	0.815829	-0.382711	0.843390	0.590123	-0.063083
	1.329215	-0.613506	-1.397308	-0.101618	0.463692	-1.062945	0.165135	-0.240238	0.011047	0.180797	0.161172	-1.224664	-0.555323	0.154856	0.692180	0.086810	0.021746	-0.139500	0.048265
	0.616519	-0.090412	-0.439753	-0.902902	-0.126119	-0.569158	-1.672459	-0.606850	-0.619599	-0.834163	0.480178	-1.217685	0.200618	-0.002734	-0.564995	-1.061219	-1.603715	-0.089259	-0.321816
	-0.511718	0.012441	0.078714	-1.015156	0.606807	0.641609	-1.272368	-0.155199	0.538491	-1.953283	-0.458225	0.460554	0.345096	-0.101398	-0.008533	0.348603	0.307787	0.010254	0.846725
	0.676286	0.686647	-0.519976	-0.134625	-0.334534	0.781568	-0.062012	-0.051518	-0.694013	-0.506706	-1.021122	0.223469	0.317329	0.331217	0.897346	0.849676	2.330642	0.708100	-0.050272
	1.675666	1.289052	-0.325891	2.080163	0.187824	0.490544	0.137717	0.005070	-0.133215	-0.072909	-0.286484	-0.537502	-0.058643	-0.779019	0.405952	-0.472622	-0.000599	0.447501	0.339315
	-0.706482	-1.588193	-1.696580	-1.606607	-0.571440	0.387556	-0.298369	-0.316851	-0.247262	0.220531	0.472483	0.747445	-0.295337	-0.097671	-0.179148	-1.276503	-0.558567	-0.776966	-0.040718
	-0.207924	0.027754	-0.878144	-1.568562	-0.372098	-0.823085	0.194946	0.715006	0.852188	0.389856	0.658093	-1.464955	0.494451	0.493842	0.172378	1.153901	1.316486	0.147106	0.808820
	0.510152	-0.161255	-0.744446	-0.114187	0.236577	-0.264308	0.065375	0.375806	0.420891	-1.464053	-0.270512	-0.452009	0.149345	-0.816278	0.598463	0.094395	-0.333572	-0.193881	0.006922
	-1.005591	-0.960643	0.087425	-0.670995	0.159813	0.634577	-0.226073	0.237378	0.407593	0.510608	0.302781	0.247641	1.046285	0.427308	0.674107	-0.884987	0.244854	0.718459	-0.034031
	0.054780	0.613085	-0.552987	-1.834799	-0.703697	-0.069155	-1.093188	0.288950	0.527324	-0.062700	-0.038251	0.132338	-0.644125	0.063323	0.617878	-0.027883	-0.212701	-0.403387	-0.404576
	-0.184404	-0.405929	-0.455580	-0.048102	-0.254244	0.752693	0.490501	0.073295	0.586269	-0.057220	-0.739965	0.703713	-0.337318	0.202778	0.005076	1.334706	0.569236	-0.279240	0.319628
	0.884821	-0.407189	-0.277666	0.180107	-0.129473	-0.167880	1.250157	-0.371574	-1.037299	-0.141371	0.420450	-1.178902	0.801712	-0.244030	0.472332	0.123738	0.573147	-0.037719	0.326653
	-0.597107	0.622004	0.045353	-0.184707	-0.185712	0.572389	1.058053	-0.247179	-0.257338	0.174306	0.235566	-0.063747	-0.248976	-0.016533	-0.244022	0.119692	1.248136	-0.737324	0.775525
	1.219935	1.254000	-0.155399	-0.348180	0.564079	1.733775	1.622117	-0.024602	-0.407281	0.618484	-0.397622	-1.128597	0.376566	-0.348533	0.006624	-0.762169	-1.738734	-0.972551	-0.503080
	1.100610	1.264293	-0.849163	0.846537	-0.103397	0.365249	0.436374	-0.076820	-0.332120	-0.150696	0.007498	0.453510	0.168588	0.916824	0.357669	-0.394762	-1.359835	-0.648742	-0.452907
	-0.084714	-1.198922	-1.684532	-0.210594	0.152907	0.207411	-0.549874	-0.004492	-0.128116	-0.446336	-1.048246	-1.494371	0.475054	0.840122	0.566635	-1.078658	-1.846628	-0.365009	-0.516814
	-1.125329	-0.248004	-1.518710	-1.915353	-0.644817	-0.035155	-1.026925	-0.293162	0.410718	0.491490	-0.533968	-0.030853	-0.142116	0.987963	-0.451136	-2.016755	-1.211793	-0.658711	-0.131927
	1.666342	-0.284950	-2.349332	-0.514642	-1.374206	0.343849	0.977094	0.308142	0.421275	2.226515	-0.179655	-0.653044	-1.278669	0.345876	0.462351	-0.612116	0.236761	0.099259	0.335000
	-1.378977	-0.388136	-1.475180	0.149635	-1.012117	-0.155939	0.684050	-0.339334	-0.161138	-0.273818	1.024416	0.489969	-0.836174	-1.087697	-0.879762	-1.358307	-0.863071	-0.145518	-0.288903
	-0.521846	-1.530235	-4.013224	-2.680607	0.126257	-0.145924	-1.672500	-0.140991	0.166740	-0.476807	0.740661	-0.657518	-0.449792	-1.023545	-0.274178	1.186654	2.736098	-0.123304	-1.157335
	0.299163	-0.614221	-0.623654	-0.097317	0.893666	0.385884	0.209162	0.337793	1.050219	0.327866	0.533404	-0.129330	0.457085	-1.104252	0.024393	0.130147	-0.710267	-0.823116	-0.758584
	2.068063	1.229631	0.091102	1.089263	0.108633	0.322410	-0.209928	0.200755	0.965564	-0.006769	0.176350	0.304173	-0.173623	-0.516817	-0.087361	-0.822612	-2.018184	-0.926959	0.556981
	0.289292	0.403782	-0.835192	-0.434361	0.627351	-0.615602	-1.580692	0.152779	0.751787	0.045715	1.339044	0.690270	-0.881567	0.032354	-0.086739	1.234837	-0.673756	0.134741	-0.915041
	-0.894248	-0.683803	-1.351182	-0.728830	0.727956	0.442515	-0.485659	-0.083899	-0.237911	0.390957	0.027650	-1.168084	-1.350390	-0.453351	-0.392328	-0.058583	-0.113530	-0.236690	-0.809391
	0.191169	0.910910	-0.046223	0.077528	-0.764495	-0.134527	-0.295264	-0.150628	-0.607222	0.075474	0.034204	-0.513825	-0.413326	-0.483171	-0.662994	0.145448	-1.965240	-0.374084	-0.140831
	0.385608	0.908721	1.924282	1.715398	-0.596521	-0.353575	2.430118	0.066515	0.866155	0.839116	-0.472510	1.877885	0.117098	-0.006647	0.086112	0.017178	1.154993	-0.028299	0.221141
	-0.141017	0.207747	0.039961	0.343329	-0.447125	-0.875262	1.109551	0.054774	-0.412833	-0.710403	-0.093770	0.725067	1.114673	0.258124	-0.028572	1.162259	-0.159655	-0.472963	-0.410128
	-1.536885	-0.453671	-1.390773	-0.954426	-0.730565	-0.308349	0.038511	0.525582	-0.053523	1.235527	1.274892	0.585089	0.882378	0.404829	-0.351968	1.335752	0.538275	0.148226	0.028153
	-0.726164	0.523514	0.439831	0.755001	0.752469	-0.709033	-0.622934	0.401356	0.022804	0.086553	-0.666931	-0.310922	0.528827	-0.213898	-0.344657	0.653155	0.563060	-0.329776	-0.487196
	-0.683153	-1.374154	0.100442	0.118450	0.804333	-0.130864	1.333173	0.588984	0.705126	0.936534	-0.363857	-0.353108	0.573301	0.627079	-1.005754	0.676366	2.288417	0.791880	-0.276214
	-1.270635	-1.065581	-2.243134	-1.538114	-0.417637	-0.696001	0.388141	-0.097350	-1.003300	0.405230	0.874571	0.403286	0.676747	0.755724	0.041967	0.727803	0.319460	0.129848	0.644677
	-0.756219	-0.270076	-0.514559	-2.409249	0.039982	-0.010257	-0.690863	-0.380863	0.174092	1.209704	0.704926	-0.047294	0.720693	-0.384484	-0.505343	1.126599	-0.520394	0.274049	0.706784
	0.334951	-2.171026	-0.617647	0.103506	-0.622756	-0.418735	-0.071403	0.142273	0.243057	0.807436	0.879694	-0.067216	0.250038	-0.703741	-0.977786	0.359488	-0.748131	0.750630	0.715940
	-0.544696	-0.706859	-2.117163	-1.161205	-1.078906	-0.917582	-0.038992	0.500983	0.508094	2.178567	1.635391	-0.027335	0.141496	-0.627579	0.423908	0.113189	1.191236	0.265919	1.209128
	-1.864684	-1.204540	-1.629561	-2.422022	-0.553629	-0.670769	-0.097612	0.350954	-0.044913	0.876532	0.859687	-1.422696	-0.795330	-1.718761	0.922861	0.486586	0.098514	0.538174	0.238002
	-1.287264	-1.475506	-1.498447	-1.018292	-0.470249	-1.371103	-0.627170	0.220760	0.196264	1.559527	1.653113	-0.602246	-0.544182	-1.007317	0.219655	0.310608	-0.268324	0.998890	1.172746
	0.507569	-0.693717	-0.181412	-1.305451	-0.350224	0.556910	-0.194195	-0.388690	0.081834	0.912220	0.329422	-0.142065	0.156313	-0.346346	-1.114856	0.223032	-0.104493	-0.001972	0.210470
	-0.214643	-0.227711	0.346998	0.041103	-0.491167	-0.530624	-0.971072	0.318066	-0.002934	0.004261	-0.039704	0.835310	0.060608	0.296329	-1.086066	0.014483	0.055748	0.582378	-0.388986
	-0.835388	-1.108373	-0.859212	-0.848669	0.419429	0.701439	-0.579614	0.324130	0.121780	-1.462958	0.933213	-0.362585	-0.580100	-1.208418	-0.717267	1.321711	1.105009	1.504840	-0.395820
	-1.545547	-1.710940	0.118045	-0.931205	0.596401	0.691424	-0.612795	-0.180517	0.393268	-0.378668	0.286320	-0.071208	-0.151103	-0.693925	0.540910	0.204401	0.680848	-0.165441	0.513266
	-0.537647	-0.981119	-0.481412	-0.438659	-0.414931	-0.375534	-0.966524	0.639083	0.186764	0.188662	1.861727	0.338038	-0.654278	-0.174108	0.088435	0.688248	0.649897	0.162670	0.222012
	0.056091	0.239912	0.251304	0.376658	0.470507	0.425562	-0.385830	0.095833	0.032222	0.311355	-0.497801	0.957997	0.131105	0.033333	-0.142404	1.760566	1.607033	-0.630646	0.027147
	-0.361459	-1.162849	0.560716	0.990602	-0.483660	-0.113470	-0.132553	0.051599	-0.865182	0.306014	0.072325	-0.592330	-0.485639	0.653362	-0.080283	-0.184386	0.738049	0.240797	0.941242
	-0.433426	0.392767	-0.805948	-1.529736	-0.216737	-0.109875	0.601750	-0.416581	-0.762300	0.960009	0.631018	-0.250180	0.289203	1.000557	-0.561104	0.296023	2.009319	0.031280	0.814919
	0.554149	-0.551624	0.212993	0.105172	0.657967	0.421841	1.738616	0.819130	-0.457075	0.445884	-0.561915	0.424229	0.832665	0.147578	-0.614909	0.005822	0.088915	0.495254	1.036584
	-0.039396	0.782601	1.278710	0.323278	0.233277	-0.940732	-0.013837	-0.711886	-1.069076	0.391720	-0.964708	0.220104	0.511315	-0.132656	0.112062	1.216122	0.706015	-0.328931	0.041968
	1.359579	1.897258	1.008144	1.198190	0.027568	0.238028	1.178908	-0.494412	-1.224866	-0.805690	-0.223257	-0.364620	0.572674	1.001285	1.734098	-0.114744	1.132505	-0.009039	0.908622
	0.111562	-0.434943	0.188342	0.347325	0.397837	-0.437548	0.849826	-0.202691	-0.642838	0.020388	0.545881	-0.910427	-0.052448	0.571897	-1.049270	-0.487180	0.224498	-0.190668	1.013619
	-0.425081	-0.726800	-0.308460	-1.865704	0.338890	0.129853	0.738127	-0.478827	0.199203	0.954422	0.542158	0.102459	0.808082	0.395201	-0.058410	-0.128177	1.242698	0.039768	-0.102015
	0.918295	1.555273	2.001499	1.276023	-0.210074	2.072266	-0.769724	0.367342	0.671472	-0.464395	-0.037425	0.099095	-0.011455	0.416852	0.400255	-0.608959	0.127403	0.395114	-0.057746
	1.377291	1.542567	1.960573	3.137528	0.065009	1.382710	1.233147	-0.234887	0.132551	0.419474	0.342614	0.496154	0.907466	-0.717135	1.389322	0.085636	0.982142	-0.171899	0.125027
	1.445323	0.247618	2.033973	2.450614	-0.435971	0.938397	0.199042	0.206998	-0.748597	-1.233949	-0.155947	0.452752	0.558647	-0.702992	1.567351	0.014597	-0.608586	0.065116	-0.437271
	-0.751927	-0.019931	0.808188	-0.199958	-0.299755	1.244343	-1.502003	-0.089678	-0.700841	0.753405	-0.642942	-0.375435	-0.683897	-0.000453	0.510821	0.486328	0.652629	-0.688318	0.473125
	-0.363900	-0.267156	1.347527	-0.279189	0.173416	-0.713061	-1.338950	-0.098699	-0.332905	-0.592997	-0.729041	-0.789033	-0.301665	-0.490101	-0.653391	-1.454225	-1.451173	0.450281	0.098095
	-0.061819	0.276896	0.168914	-0.021701	-0.641459	-0.660218	-0.660125	0.037105	-0.532353	-0.822361	-0.128408	-1.403182	-1.124085	-0.551854	0.714002	0.845899	-0.971925	0.306018	-0.158199
	-0.888656	-0.021328	3.228852	2.033412	-0.217178	0.497673	-0.034381	-0.450587	-0.135941	-1.359025	0.050411	0.061251	-0.357370	-0.781137	-0.385581	-0.443623	-1.989599	0.134013	-0.212730
	0.733236	2.507011	3.625366	1.975475	-0.736808	0.242698	1.460445	-0.035281	-0.392663	0.359607	-0.672089	2.082815	-0.708912	0.564894	1.575200	0.634526	1.083789	0.032001	-0.159505
	0.229250	0.758757	2.006191	2.322080	0.533216	-0.469230	-0.105367	-0.178239	0.335368	-1.776596	-0.130147	1.350769	0.406887	0.749832	0.763589	0.532778	-1.450169	-0.419284	-0.768428
	0.422163	1.282213	2.423611	-0.812726	0.554543	0.033130	1.325370	0.027794	-0.237110	-0.684376	-2.246160	0.981627	0.046004	-0.464688	-0.193478	-1.549123	-1.843535	-0.468060	-0.643530
	1.559130	0.921045	3.364048	2.808640	1.131466	0.174051	-0.491516	-0.260971	-0.805140	-0.120411	-1.159867	0.029710	0.313513	-0.467897	-0.314133	-0.040738	-1.821549	-0.893637	-0.937706
	0.403915	0.586367	2.490620	4.274442	0.880732	-0.366820	0.598684	-0.189523	-0.651358	-0.047595	-0.746254	-0.053008	-0.462853	0.737455	0.417894	0.351611	1.144410	0.311496	0.176723
	0.773931	1.238482	1.490794	1.215114	0.339592	-0.414808	-2.170748	0.035927	-0.006836	-1.578811	-0.883428	-1.803278	-0.528756	0.749343	0.431661	-0.082678	-0.147510	-0.212550	0.220237
	-0.411558	0.716757	-0.423004	-1.392861	0.341816	-1.351051	-0.797699	-0.491125	0.324771	-2.184135	-0.181870	-1.349920	-0.020914	0.236503	0.037528	-1.212033	-2.246383	-0.626282	-0.974379
	0.013785	-0.332028	1.422741	1.028672	0.408003	-0.137242	0.055900	-0.573055	0.258700	-0.305944	0.076120	-0.702038	0.117706	2.291086	0.681748	-0.558722	0.723846	0.009660	0.056500
	-1.053907	-0.063414	2.436572	2.907401	-0.195112	-0.727467	-0.931103	-0.111511	-0.260098	-2.122627	-1.145819	0.383258	0.113052	1.204756	0.670280	0.271263	1.037911	0.089204	0.323839
	0.381839	0.597124	0.631446	0.678110	0.139107	0.572356	-1.040119	0.619381	0.383433	-1.170397	-1.374460	-0.688915	0.475014	0.740871	0.539523	-0.899626	0.291666	0.105867	-0.368487
	0.047830	0.623431	-0.208385	0.318179	0.165298	-0.158241	-1.138029	0.191324	0.144147	-0.762827	0.214818	0.135686	-0.620907	0.363826	-0.456564	-1.025148	-1.582371	-0.828542	-0.580044
	-0.473747	-0.057665	1.330232	-0.414675	0.456915	1.119036	-0.819791	-0.230492	0.572284	-0.971905	-0.082364	0.287941	0.085583	0.270245	-1.154226	0.126166	0.904613	0.539661	0.465305
	3.123534	1.773796	1.985433	0.581801	-0.911198	0.418096	-0.577693	0.338840	0.266238	-0.862153	-1.061529	-0.405445	-0.109973	0.078204	-0.989726	0.525322	0.457593	-0.559544	-0.531934
	1.624267	1.917423	1.967044	2.936261	1.160543	0.294658	1.082802	-0.242184	-0.094787	-0.933015	-1.917208	0.915045	0.275686	0.441000	1.090614	-0.602999	0.701905	0.086450	-0.617123
	1.005574	1.410510	1.671142	2.126244	1.258919	-0.311313	-0.767016	0.044239	0.607294	-1.877353	-0.707255	-0.071656	1.030969	0.454430	0.277335	-0.971733	-1.316813	-0.482865	-0.441363
	-0.786067	-0.099993	1.400428	-0.328379	1.362277	-1.058587	-0.220869	-0.741268	-0.172992	-2.296577	-1.474509	-0.516172	0.140181	-0.055265	-0.307171	-1.003165	-1.204793	-0.763344	-1.134403
	0.130972	-0.057208	0.141012	-0.178331	-0.125012	-0.832404	-0.381790	-0.432391	-0.276534	-2.740254	0.349828	0.180587	0.162185	0.217329	-0.467235	-0.191953	-0.860721	-0.133980	-0.513673
	-0.453206	0.434765	-0.422490	-0.302956	-0.094557	-0.383387	-0.193056	0.632318	1.111055	0.665023	-0.846155	-0.135216	-0.255242	-0.374812	-0.432091	0.354699	-1.351882	-0.903758	0.299569
	0.483332	0.476771	0.885694	1.315043	0.651008	0.737904	-0.686397	0.049193	-0.052598	-0.874058	-0.919319	1.339365	-0.761164	0.429191	-0.544084	0.216998	-1.526623	-0.193324	-0.455120
	0.391683	0.900765	-0.591228	-0.571887	-0.197609	0.294066	-0.578865	-0.086191	-0.177062	-0.114661	-1.006468	0.689316	-0.375761	-0.427743	0.067477	0.305555	0.232166	0.079501	-0.981050
	-0.133409	-1.013174	-3.256747	-1.318730	-0.172796	1.441327	-1.300952	-0.437856	0.081417	-0.049422	-0.478418	0.583675	-0.792662	0.202904	0.785155	-0.909986	0.117152	-0.478191	-0.485947
	0.413971	-0.643935	-2.763288	-2.756812	0.133159	0.178171	0.585293	0.614246	1.206024	0.190201	0.695067	0.162571	0.578224	1.291122	0.444179	-1.867877	-0.590437	0.165624	0.520419
	-1.394611	-0.079399	-0.190896	-0.190114	0.153271	-0.133537	1.341233	-0.274347	0.369887	0.913217	-0.636878	0.954075	0.487077	1.368387	1.177105	0.016209	-0.991727	-0.264580	0.738073
	0.977263	0.572342	-0.602089	0.641857	0.144636	0.429668	1.564938	0.136746	0.026672	0.742435	-1.437570	0.786290	-0.332187	-0.427905	-0.146534	0.453805	-0.670441	-0.091304	0.072696
	-0.016544	-1.313677	-2.628551	-1.438996	-0.799857	-0.190541	-0.384853	-0.020081	0.515259	1.538175	0.633309	-0.908437	-0.138088	-0.051357	0.601250	-0.928068	0.737765	-0.027947	-0.627569
	-1.148092	-1.764922	-3.920740	-2.418610	-1.383362	-1.113013	0.127752	0.375285	1.045588	1.497007	2.038688	0.642702	0.467796	-0.727344	0.242740	0.221222	0.194828	-0.129783	-0.176927
	-0.341231	-0.999671	-1.426315	-1.818270	-1.009248	0.188859	0.278961	0.848478	0.238814	1.755542	1.487342	-0.884996	-0.124605	-0.095197	-0.735244	0.291435	-0.066786	0.575327	0.451528
	-0.716510	-1.081675	0.500913	-0.546648	-0.141289	-0.838487	0.705337	0.509857	0.646452	0.880902	0.975374	1.808033	0.606535	-0.684356	-1.228688	-0.184190	-1.510903	0.719094	0.721143
	-1.287306	-1.434039	-2.841533	-0.571967	-1.410490	0.734523	-0.391341	-0.111888	0.035405	1.228466	0.396268	-1.048728	0.110728	-0.479869	-0.299065	-0.085074	0.173977	0.172112	-0.684168
	-0.438943	-0.973525	-3.216749	-2.290186	-0.004101	0.686242	0.112496	-0.653087	-0.594877	0.084827	0.804250	-0.283217	-1.257506	-1.159601	-0.159745	0.454993	-0.515613	-0.867666	-1.088715
	0.798483	0.257230	-0.642713	-1.581522	0.373411	0.159925	0.073987	-0.575822	-0.293227	1.709606	0.822116	-1.010648	-0.221731	-0.286331	-1.094398	0.180696	-1.106417	0.215889	-0.468299
	0.192696	-0.273796	-1.164522	-1.446646	-0.702671	-0.220468	0.567128	0.832950	-0.127364	1.417735	1.056235	-0.063658	-0.174154	-0.848704	-0.546406	-0.338891	-0.834900	0.474875	-0.307689
	-0.891124	-0.402788	-1.527059	-0.122065	0.237736	-0.353172	-0.493777	-0.021870	-0.726143	0.289001	-0.078396	-0.204780	-0.900361	-1.292575	-0.970607	0.655460	-0.113455	-0.307959	-0.185290
	0.496909	-0.219834	-2.954963	-1.309279	0.070125	-0.577024	-0.093727	-0.325035	-0.572326	-0.005551	-0.574839	-0.326384	-0.481966	0.121859	-1.048938	0.513140	2.180365	0.300079	-1.335328
	0.256612	0.940703	0.076511	0.537078	-0.151670	0.529661	1.934695	0.142420	0.611302	1.819680	1.840355	1.161319	-0.119781	-0.314974	-0.382246	0.411056	1.395152	0.575803	1.025638
	0.310885	-0.861705	0.327840	0.062675	-0.038650	-0.208361	3.198834	0.661940	0.236668	1.450856	0.721353	0.975702	-0.101017	0.048594	0.018252	-1.465091	-0.029598	1.083514	1.364207
	0.143444	-0.127225	-0.230818	-1.121698	-0.370245	-0.464189	1.736113	-0.211759	0.408527	1.144490	1.089508	0.010141	-0.679511	-0.020426	-0.186967	-0.452734	-0.100606	1.286057	0.010747
	0.877297	-0.056793	-1.500301	0.953783	0.088427	-1.556440	1.213766	0.257072	-0.587627	0.368237	-0.429704	0.801832	0.537958	0.671488	-0.488686	0.846828	2.304746	-0.366635	-0.318548
	0.603418	0.455219	1.190889	0.586573	0.337470	-0.503239	2.721667	0.541747	0.441324	2.313547	1.938475	0.217126	0.225810	-0.963452	-0.951088	0.324762	-0.400628	0.999293	0.060097
	-0.100742	1.033878	1.447219	-1.100695	0.536651	-0.262180	0.396678	0.327281	0.583561	0.924942	0.796991	-0.474426	0.833075	-1.228350	-1.025822	0.564082	0.395886	0.555812	0.544332
	-0.754695	-1.081648	0.952199	0.713599	0.238614	0.628859	0.228571	-0.147361	-0.661128	-0.143716	-0.125412	0.837141	0.143992	-1.320153	-0.912264	1.337736	0.792218	-0.011191	-0.095048
	-0.278437	-0.054895	-0.626108	-0.528886	0.035174	-0.490209	-0.572149	-1.047435	-0.457778	0.089787	0.328910	1.052537	0.222276	-0.421951	0.028748	1.586252	1.660584	-0.100244	-0.303242
	-1.206103	-0.515168	-0.014638	0.566308	-0.236102	0.016639	0.089831	-0.168263	-0.523227	-0.210398	-0.092337	-0.101452	0.867757	0.073031	0.739070	0.364612	1.017766	0.530203	0.481327
	-0.271710	0.414207	1.475636	0.966947	-0.217380	0.153777	-1.475651	0.276357	0.623539	-0.188320	0.486709	1.337724	0.088479	0.310254	0.413025	0.935754	0.644000	0.132748	0.629077
	-0.815663	0.582055	0.540537	0.196989	0.314991	0.021720	-2.028451	0.579228	0.134826	-1.829454	-1.318972	-0.472955	0.252857	0.286133	0.063173	-1.135856	-2.059339	-0.650423	-0.791783
	-0.452714	-0.199528	0.540638	-0.214347	0.511467	0.059582	-1.304164	-0.938345	0.296062	-1.143992	-0.964710	-0.887747	-0.336358	0.753525	1.432887	-0.121776	0.312471	-0.649190	0.538736
	0.452159	-1.322584	-2.502900	-1.258867	0.161266	1.333797	-1.352753	0.252754	-0.910587	-0.640740	-0.307451	-0.468568	0.072800	0.579293	1.183103	-0.133731	0.877932	-0.859470	0.375922
	0.211409	0.573139	1.386026	2.412313	-0.169262	0.605089	-1.594040	0.164041	0.368787	-1.923782	0.345715	-2.536720	0.581885	0.865355	0.735215	-0.447957	-1.106074	-0.294441	0.108630
	0.818083	0.953780	2.717108	0.570290	-0.403341	-0.099848	0.346101	-0.413634	-0.671407	-0.714768	-1.586233	-0.637948	-0.664514	0.620078	0.667973	-0.816837	-0.327781	-0.196119	0.864338
