	0.074125	0.218954	-1.060246	-0.118724	0.454515	0.170297	-0.451282	0.229990	0.678402	1.722024	0.443578	-0.013556	0.375915	-0.009957	-0.424411	0.561276	0.906874	1.157660	0.443878
	-0.227870	0.649715	-1.600982	-0.345648	-1.146900	0.055921	-0.218325	-1.058446	-1.276996	-1.068151	-1.341577	1.681060	0.016432	0.566185	0.557345	-1.530218	0.135589	-1.004183	-0.982777
	0.348211	0.725186	-1.478255	0.540693	-0.320176	0.457543	0.251965	-1.322768	-3.041034	-2.397556	-1.386862	0.884701	-0.146007	-1.111930	-1.220592	-0.957729	-1.005047	-1.676869	-1.262474
	0.068888	-0.555875	-0.994683	1.278849	-0.284182	0.367605	-0.435472	-1.137861	-1.226504	-0.358711	-0.187300	0.778867	-0.299989	-0.077700	-1.126342	-0.455794	-0.698062	-1.486271	-0.982758
	0.109104	-0.213820	-0.399382	-0.353356	0.495159	0.036489	1.025330	0.545737	-0.350899	0.542936	-0.304646	0.641984	0.499703	0.376656	0.453614	0.510778	-0.070609	0.050607	-0.552533
	0.595275	-0.834392	-0.543108	-0.363182	-0.199597	-0.792982	-1.094335	0.130434	0.018363	-1.251928	0.168183	0.607039	-0.075382	0.067666	0.615317	-1.347302	0.298134	-0.020815	0.324598
	-0.109976	-0.527052	0.226401	0.682080	-0.281143	0.065045	1.436283	-0.232126	-0.101904	-1.612112	-0.133203	-0.139053	0.306456	-1.878959	0.072037	-0.802916	0.021287	-0.766823	-0.183103
	-0.011940	0.462996	0.396862	0.425041	-0.413782	0.515618	-1.111100	-0.301025	-0.252804	-1.202600	-1.541065	-0.116921	-0.791611	-0.892689	-0.520650	0.474028	-0.478394	-1.296547	-0.228164
	-0.678419	-0.749836	1.338864	-0.040438	-0.339924	0.539864	-1.953932	-0.627906	-0.195252	-1.789004	-1.557384	0.905381	0.163006	1.223693	0.113239	-0.714255	-0.142683	-0.474865	-0.113421
	-0.187927	0.021718	1.263733	0.282963	0.431394	0.218519	-0.496864	-0.279671	1.027691	-0.601719	-0.638017	-1.024890	-0.711862	1.255188	1.140231	-0.718222	0.620304	0.137275	-0.581647
	0.554607	0.795898	1.299966	1.311916	1.238285	0.965145	0.871049	-0.101782	-0.051715	0.210529	-0.186914	-0.615013	1.193149	-0.288804	0.807575	0.628649	-0.100494	-0.502208	0.204910
	0.219840	-0.171389	1.786826	0.666454	0.749006	-0.404130	0.236441	-0.417432	-0.415266	-1.107869	0.734228	0.714038	-0.305232	-0.365833	-0.151807	0.103727	-0.449041	0.023846	0.093386
	-0.443805	0.014659	1.561648	0.067109	0.228868	-0.052636	-1.245219	0.071077	-0.172551	0.264104	0.759343	-0.040727	-0.483302	0.145003	-0.277573	-0.379840	0.433170	0.697902	0.356704
	0.174923	0.585263	-0.142465	-0.305663	-0.142830	-0.210925	0.324224	0.029164	1.000120	0.263064	2.014245	-1.019527	0.369436	0.878954	0.700958	-0.229036	-0.133411	0.367378	0.749005
	-0.123344	0.801875	1.308910	-0.058463	-0.861246	-0.220002	0.956812	0.447852	0.375274	-0.084554	0.900728	-1.620933	-1.566031	-0.922410	0.272428	1.033881	-1.266513	0.336067	-0.466510
	0.088990	-0.154739	1.354015	0.851505	-0.399957	-0.384904	-0.215236	0.418703	1.127047	1.178614	1.208992	-1.118521	-0.264834	0.930658	1.459099	-0.275711	0.749223	0.844575	0.777565
	0.229854	-0.489134	1.398037	-0.603663	0.075577	0.327130	-1.510638	0.296359	0.493332	1.226594	0.865975	-0.529418	0.737243	2.042109	-0.387091	1.312325	-0.605615	0.915195	0.758322
	0.962085	-0.657155	-0.454066	-0.325574	-0.185553	-0.186687	2.219891	0.815311	0.141863	1.299157	0.822505	-0.228233	-0.104508	0.164302	0.455667	0.628339	1.191217	0.149935	0.565993
	-0.294750	-0.503484	-0.095356	-0.318964	1.063381	-0.050591	1.052326	0.709300	0.952393	0.875349	0.874351	-0.594400	0.071594	0.173282	0.756579	0.768401	1.145787	0.100677	1.222332
	0.076944	-0.170350	0.620002	-0.823382	0.571593	-0.050774	-0.333894	0.655420	1.012967	1.503564	1.119162	-0.987997	0.642891	1.457321	0.212029	0.950353	1.222050	0.910872	0.211442
	-0.239335	-0.143885	-1.467496	-0.243921	0.782167	-0.282352	0.294136	1.198110	1.224233	0.328169	0.223410	1.059085	0.092410	-0.140734	0.029447	1.378793	0.862270	2.005665	1.160721
	0.217997	0.864570	-1.385000	-0.393328	1.300097	-0.299472	1.203640	-0.324490	0.380645	1.303891	1.110315	-0.175627	-0.157275	-0.919732	0.083587	2.059458	-0.104851	1.552537	0.483770
	-0.259557	-0.270185	0.628083	0.016528	0.130053	-0.159826	2.059167	1.072282	1.496984	0.841771	1.422896	-0.770381	0.655617	1.198079	0.607333	0.651748	-0.095241	1.886403	0.786501
	-0.305183	0.562536	0.445203	-1.340463	0.412251	-0.230407	1.679320	2.005038	0.721488	1.176904	1.420402	0.412517	0.895154	0.181576	0.717004	1.248190	0.561250	0.777681	0.771645
	0.599974	-0.164986	0.755087	0.125367	0.622871	-0.135752	2.280581	0.409286	1.630608	2.301231	1.431593	-0.529404	1.108765	1.236454	0.997682	-0.473685	-0.479884	0.483592	1.143575
	-0.678949	-0.343329	-1.427805	-0.489945	0.168153	0.245758	0.877415	1.034863	1.841479	1.287718	0.875201	0.872604	0.587581	0.576422	0.608038	-0.638987	-0.515112	0.077311	-0.182846
	1.171509	0.707018	-0.737401	-0.078227	0.231230	0.567710	0.232243	0.617784	0.871303	-2.036881	0.880195	0.088938	-0.107443	-0.883570	0.562614	-0.548065	1.162246	0.339966	0.178073
	1.777861	1.073262	0.373466	-0.212820	0.682314	1.585403	-0.781592	-0.037691	0.298779	0.477901	-0.554002	-0.562819	-0.446145	-0.960618	-0.582247	0.495739	-0.792398	0.484292	-0.194029
	0.324982	0.879453	0.405953	0.310797	0.203059	0.155497	0.548415	0.291166	-0.429115	-0.019311	-1.261487	-0.777886	0.091497	0.671372	-0.460709	-0.544912	-1.058287	-0.515227	0.142050
	0.345707	1.102880	-0.542348	0.045602	0.155571	-0.511231	-1.593629	0.556717	0.247060	1.006889	-1.002396	-0.164656	0.469816	-0.562458	-1.389023	2.287969	0.370954	-0.250070	-0.796036
	-0.495781	0.454747	-0.724160	-0.126978	0.631134	-0.443942	-1.320938	0.133005	0.400856	0.339463	0.754303	0.235377	-1.431928	-0.760195	-0.261154	-0.238433	0.309520	1.032107	0.181269
	-0.867124	-0.365770	0.437208	-0.093535	-0.153214	-0.816444	0.539957	0.324591	-0.450668	0.530308	0.587927	0.198575	0.158588	0.961676	-0.467131	-0.329311	-0.773093	-0.333935	0.703983
	0.105536	-1.074843	0.695617	-0.383948	-0.586586	-0.314417	-1.248159	-0.447220	-0.517032	0.081690	-0.413135	-0.654232	0.220894	-0.074210	-1.670484	-0.777339	0.305377	-1.187196	-0.224631
	-1.848221	-1.263252	-0.883626	-1.402638	-1.632191	-1.306395	-2.650663	0.044246	-0.428360	-0.626352	-1.937320	-1.083985	-0.829849	-0.789431	-1.260826	-0.840375	0.033638	-1.674848	-0.808425
	-1.449923	-1.125194	-1.123617	-0.868229	-2.232205	-0.696743	-2.103319	-0.609723	-0.099867	-0.571218	-1.800766	-1.281663	-1.768437	-0.308211	-1.265297	-1.787727	0.144970	-1.184517	-0.268740
	-1.190499	0.323546	-1.763742	-0.599559	-0.352040	-0.183150	-0.816892	-0.061113	-1.104407	0.448052	-1.916789	-0.365745	-0.835313	0.680200	-0.617795	0.325842	-0.461386	-0.183022	-0.185987
	-0.541857	-0.956559	-1.507463	-0.490911	-0.704719	0.705026	-2.413673	-0.883644	-0.724658	0.092455	-1.936987	0.737448	-0.083576	-1.029020	-0.079918	0.100439	-0.177937	-0.711752	-0.918320
	-1.149424	-0.017851	-0.619665	0.130080	0.046464	-0.280043	-1.442324	-0.626214	-0.721167	-1.307473	-2.264006	-0.551160	0.163969	-0.563874	-0.121532	-0.586653	-1.155894	-1.376272	-1.246492
	-0.884982	-0.194661	1.169727	0.411165	0.074799	-0.557640	0.197127	-0.418345	-0.513573	0.352986	-1.523395	0.755223	0.371357	-0.573864	-0.133463	0.334775	-0.226361	-0.418539	-0.513466
	-0.640210	-0.617628	0.477476	-0.607090	-0.165890	-0.050951	1.270298	0.486732	-0.206543	0.642965	-0.154080	2.562412	1.727674	-1.079196	-0.369094	0.362992	-1.289054	0.294449	0.617965
	-1.220618	-0.818283	-1.215069	-1.309223	-1.662028	-0.451454	-0.544085	-0.527519	-0.754951	-0.267552	-1.004597	1.847395	1.003792	-0.643125	-0.440501	-0.187881	1.599000	0.205901	0.511712
	-1.019242	-0.998581	-1.269117	-1.331978	-1.555854	0.165442	0.360526	-0.227040	-0.721744	0.874002	-0.345223	0.916683	-0.221105	-1.397568	-1.692369	-0.153020	0.875298	-0.993535	-0.359279
	-1.152217	-1.076347	-2.257927	-1.521452	-0.921306	-0.806559	-0.974487	0.130667	0.419901	-0.317321	0.257258	-0.432544	-0.677115	-2.157455	-2.547423	-0.801824	0.871122	-0.651491	-0.734513
	-0.655320	-0.253540	-1.499187	-1.780574	-1.367325	-0.842770	-0.660481	-0.033409	-2.126777	0.173180	-1.559820	-1.473106	-0.189016	-0.555210	-1.121225	-0.820322	-0.716936	0.346586	0.051627
	-0.991829	-1.179628	-1.103002	-0.383677	-0.336842	-0.195300	-2.490987	-0.441500	-1.146142	1.075250	-1.828832	0.752929	-0.407325	-0.649459	-1.689554	-0.163586	-0.780520	-0.443062	-0.298752
	-0.313572	-0.760712	-1.193377	-0.572947	-0.096132	-0.750169	-0.162675	-0.782507	-0.660896	-1.647354	-0.535846	1.159609	-0.332268	-1.244951	-1.265152	-0.496098	-0.286539	-1.088416	-1.215586
	0.022158	-0.538348	0.423338	-0.516842	-0.105159	0.191233	0.332702	-0.298461	-1.027265	-1.475005	-0.032797	-0.208773	0.936897	-0.988976	-0.391775	-1.239137	-1.166104	-0.503007	-0.599667
	0.268005	0.147035	0.612826	0.480055	-0.710717	-0.204061	-0.861959	-0.790762	-0.691173	0.096884	-0.455784	1.072025	-0.396628	-0.859840	-1.499987	0.816140	-1.507379	-0.272621	-0.884381
	-0.636947	-0.761320	0.200714	-0.328237	-1.271923	-0.656770	-0.897612	-1.452091	-1.619725	-0.606163	-0.960106	0.284284	-0.726271	-1.162089	-0.578855	-0.848918	-0.341911	0.736429	-0.182224
	0.366389	1.200835	0.081350	0.393238	0.706032	0.011676	1.029527	-0.543629	0.021820	1.017625	1.736794	-1.634326	-0.963794	-1.529888	0.339862	0.809272	1.238775	0.625799	0.287137
	0.733419	1.070970	0.072236	0.770569	0.720627	-0.140986	-0.249824	-0.344609	0.809460	0.782464	0.885881	-0.512323	1.533831	1.181835	0.690174	0.734350	-0.479439	0.218605	-0.217378
	0.510387	-0.920233	0.792004	0.401508	0.328415	0.607349	0.326103	-0.019401	-0.817983	-0.517088	0.062281	-0.701077	0.327495	0.916425	0.810411	-0.766325	0.619143	-0.344654	-0.620527
	0.383935	-0.167398	0.057235	-0.134520	0.007674	0.148619	0.533854	-0.515253	-0.840964	0.128174	1.168182	-1.426321	-0.443389	0.739385	1.395779	-0.035654	1.252479	-0.027245	-0.124708
	0.903526	0.375766	-0.397392	0.354804	0.166118	0.647399	-0.723702	-0.143351	-0.747035	0.611203	0.576394	-0.167384	-1.043577	1.701923	0.721337	-0.289736	0.130747	0.502988	0.653848
	2.245377	1.756643	1.822128	1.922513	1.624051	1.449641	-0.004039	0.429758	0.594784	-0.582097	0.468280	0.544508	-0.683081	1.085109	0.651151	0.295358	-0.156472	0.248383	0.009421
	1.791804	1.285028	2.297860	2.285337	1.589882	1.418116	1.163439	-0.921637	0.852990	-1.109704	0.411490	-0.532395	-0.886088	1.025684	3.052480	-1.328313	-0.688880	-0.422562	0.259724
	0.671930	0.987703	0.968657	1.656141	1.878627	0.202268	0.272402	-0.613672	-0.226759	-3.795593	-0.693935	-0.557165	-0.987786	1.733294	2.046514	-0.407667	-1.768705	-1.018888	-0.580796
	1.089899	0.580952	1.102908	1.699347	0.861409	0.894698	0.321004	-0.299856	-0.317498	-1.847919	1.325113	1.424833	-0.389132	1.393729	2.157667	-1.066509	-0.273890	-0.507826	-0.205322
	0.576405	0.794017	0.429538	1.486643	0.529771	0.556422	2.969444	1.162164	2.848662	-0.241364	1.895866	1.371299	1.841019	2.414312	2.857428	1.605990	0.249133	1.902551	1.243210
	0.685755	1.103241	1.909165	0.994141	1.467826	0.254507	4.722480	3.270190	3.432635	2.758846	4.173691	0.434899	2.664953	1.952596	1.358197	2.856300	3.085749	2.464685	2.147076
	2.669255	0.584327	1.308305	0.665880	-0.787455	0.260525	3.479656	1.776378	0.813183	1.476309	0.923662	1.007469	0.568484	0.302920	-0.253793	2.116164	1.864301	1.165797	0.544773
	0.711652	0.440137	0.301543	1.453553	-0.143490	0.540247	1.191103	0.001183	1.446108	2.818709	2.331576	-0.040616	-0.016925	0.408821	1.269997	1.173587	2.173260	0.408982	1.228836
	1.001066	1.524674	0.964807	2.071783	0.033240	0.698846	3.771048	0.164250	1.166438	4.777956	1.351526	-0.323443	0.412667	1.574104	0.882325	3.216585	-0.009891	1.235852	0.821434
	1.260999	0.052877	1.636454	0.599758	0.421433	-0.632658	3.181491	0.829579	1.110976	1.569946	-0.421619	0.428080	-0.749795	0.439442	-0.302388	2.379103	0.514551	2.465878	0.734822
	0.286694	-1.020767	0.401230	0.092022	-0.547757	-0.818964	-0.905348	0.458036	-0.446991	1.302133	-1.291238	-0.708671	0.142088	-0.480374	-0.120502	-0.832036	-0.585643	-0.383747	-0.892888
	2.052909	0.613976	1.818386	1.451099	1.348777	0.444792	-1.301541	0.600222	0.115576	2.092807	-0.893739	1.049900	0.889474	0.876589	1.222984	0.895231	-0.040389	1.415567	0.587823
	-0.249705	0.912570	1.012964	-0.226017	-0.171764	-1.275822	-0.353877	-0.512277	0.844708	-1.660441	0.134841	-0.401941	-1.102392	-1.438844	-0.835394	0.057456	0.970340	0.848251	-0.084106
	-0.898928	-0.661780	0.669130	-0.164556	-0.991851	-1.222983	0.802615	-0.518347	0.120031	-1.064776	-0.840593	-0.048769	-0.404590	-1.414217	-1.263231	-1.270756	-1.993279	0.949814	0.462466
	0.375945	-0.837778	0.863424	0.300233	-1.723550	-0.724214	-0.980228	-0.980337	-0.941759	-1.919897	-0.015268	-0.957316	0.224667	-1.412655	-1.606636	-2.158632	-2.341622	-0.411845	-0.523160
	-2.009605	-1.021346	-1.321825	-1.129365	-1.384370	-1.989109	-1.259129	-0.831674	-0.964685	-0.583440	-0.206048	-2.138525	-1.867492	-1.959693	-1.986450	-3.744907	-2.214586	-1.863707	-1.751959
	-1.033392	0.464041	0.170855	-0.270811	-1.470807	-0.718208	-3.765128	-1.393124	-2.068307	-2.211194	-2.757954	-1.146500	-0.524021	-0.899905	0.043570	-2.809415	-1.674491	-1.107797	-0.889843
	0.326755	0.592457	0.751163	1.214482	0.191107	-0.340128	0.839632	0.670452	-0.359304	-1.839853	-0.411295	0.170900	1.219215	-0.162780	-0.253560	-0.236663	-0.409904	0.866550	-0.311694
	0.489537	0.664121	1.664945	1.174072	1.397773	0.310068	0.969899	-0.295299	1.514849	0.785587	0.122915	0.909717	0.871177	0.132898	-1.222588	1.271069	-0.830896	0.094136	0.359276
	0.996181	0.772452	0.425521	0.302330	-0.228734	0.314583	2.087694	-0.841699	-0.102589	-0.930089	1.293259	0.794146	-0.107080	-1.270807	-0.173733	0.347529	0.064688	0.236552	0.680017
	0.385545	0.308418	0.588769	0.689537	0.506041	0.705435	1.294335	-0.044096	-0.237070	0.629240	1.449146	-0.457356	0.547688	-1.131809	0.273384	-0.567560	0.568800	-0.079249	-0.164620
	-0.630795	-1.141917	-0.478218	-0.690789	0.049842	-0.335248	0.382663	-0.136381	-0.345688	-1.003741	0.944678	0.708718	-0.521847	-0.502950	0.031701	0.244415	0.426436	-0.080336	0.140388
	0.865905	0.785418	0.867923	0.574871	1.120128	0.815172	4.126160	0.591426	0.891607	0.012355	1.987531	-0.676810	0.027890	-0.366281	0.514978	0.369676	0.973437	1.265047	0.471565
	0.983662	1.017183	1.760907	0.678962	1.561620	0.263736	2.889400	1.000767	1.889911	1.932411	1.827881	0.172347	-0.028927	0.575395	1.746101	1.477199	0.593963	1.065545	1.112041
	1.546652	0.376140	0.722801	0.933755	0.853583	0.085741	1.280148	-0.015009	0.458534	-2.202587	-0.131182	1.052419	0.501551	1.449434	0.716302	1.131725	1.111430	0.659991	0.174272
	0.374719	0.861889	-0.254279	0.333670	0.433008	1.595464	-0.226356	-0.179143	-0.242430	-0.806976	1.081690	-0.424672	0.373027	0.676984	1.570858	1.292138	0.851919	-0.104464	-0.040227
	0.052688	0.485248	1.308382	0.800635	-0.114412	1.147114	0.308337	-0.305293	0.088791	0.320796	0.463993	0.361043	0.599323	0.236308	1.537365	1.358758	0.201012	0.330879	0.061629
	0.973710	0.545144	0.329855	-0.450174	0.269829	1.323405	1.109774	0.831999	0.888028	-0.937738	0.894663	0.031287	-0.579031	0.528295	1.326153	0.616008	0.102308	1.046754	-0.030250
	0.026877	0.053668	-0.066037	0.040472	0.001796	1.350808	0.725119	0.386790	0.379118	-0.518321	1.262635	-1.773812	-1.417721	-0.066665	-0.111687	-0.210551	1.032291	-0.115035	0.837193
	-1.250668	-0.390100	0.138063	-0.137671	0.230067	-0.196921	-1.483669	0.220183	0.464973	-0.967909	-0.243483	-0.551262	0.680432	1.091166	0.468050	-1.238038	-0.063517	-0.880086	0.080107
	-0.550960	-0.459719	-0.379910	-0.206976	0.179645	0.044888	-2.094248	0.198614	-0.953231	-4.014372	-0.919908	-1.024842	-0.082852	-0.164828	0.443189	-0.841117	-1.433372	-1.146625	-0.923951
	-0.193149	-0.651517	-0.573645	0.294172	-0.305317	0.508068	0.403250	0.333602	0.753126	0.511733	0.542027	0.175065	-0.466067	0.452691	0.667628	-0.504187	0.598671	0.523114	-0.304175
	-0.505209	-0.342390	-1.254835	-1.089623	0.120183	-0.435353	-0.158938	0.629592	1.284016	1.020403	0.947402	0.297444	0.919023	0.992950	0.922146	0.241704	-0.300694	0.366808	1.360519
	-0.752309	-0.203495	-1.367867	-1.664671	-0.923107	0.507800	0.335687	-0.006964	-0.342335	1.416798	1.413479	-0.701569	0.827904	0.747039	-0.306326	0.176975	1.254324	0.540950	0.356733
	-0.320389	0.186959	-1.439681	-1.356028	0.169169	-0.085829	0.081995	0.114192	-0.999077	0.146471	-0.093703	-0.402565	0.097479	0.275039	-0.343315	0.859167	0.009586	0.120287	-0.092157
	-1.190204	-0.249370	-1.770004	-1.127768	1.074842	0.621258	-1.686524	-0.010123	-0.077568	0.565449	-0.594117	-0.363684	-2.017252	0.865626	0.444154	-1.201434	0.957086	-0.494641	0.195781
	-0.631083	-0.407470	-1.669611	-1.256270	-0.082366	-0.172521	-2.088120	0.276422	-0.073528	0.524489	-0.036598	0.781370	-0.030158	0.165061	-1.891482	1.429445	0.411318	-0.135760	0.423278
	0.554089	-0.475345	-0.845595	-1.029916	0.532074	-0.298455	1.035826	0.187886	0.305229	-0.445012	-1.601860	1.117487	0.735079	0.052536	-0.554624	1.173037	-0.282005	0.620921	0.285301
	-0.566513	0.158101	-2.186494	-1.898372	-0.516139	-0.673022	-1.518912	-0.175091	-0.830858	0.211698	-0.417449	0.269076	1.032464	-0.692138	-1.582563	-0.401676	-0.123644	-0.678513	0.046392
	-1.159209	0.314433	-2.135884	-0.955032	-0.122759	-0.631790	-0.785702	-0.432399	-0.833228	0.883495	-0.947710	0.904209	-0.275145	-0.094017	0.060335	-0.868555	-0.186017	-0.707835	0.057445
	-0.714302	-0.887675	-1.580378	-1.695780	0.647164	0.183762	-1.289506	-0.096541	-1.093536	1.881889	0.149473	0.608942	0.387764	0.183967	-0.460575	0.158452	0.461837	-1.451576	0.531088
	-0.181823	-0.750832	-1.534333	-1.133715	-1.856166	0.414344	-2.215020	0.024029	-0.354531	0.656139	-0.284467	1.132828	0.178312	-0.367265	-0.725891	0.279152	-0.127657	-0.565915	-0.843488
	0.333970	-0.691630	-1.385138	-0.802291	-0.959221	0.674811	0.874132	-0.057924	-0.848122	-0.020197	-0.948999	-0.699267	0.222078	-0.306395	-0.954686	-0.002002	0.928568	0.127095	-0.401837
	-0.522093	-0.493040	-2.256254	-0.084191	0.149467	0.271985	-1.319219	-0.892349	-0.913724	-0.070626	-0.226827	-0.247334	0.394397	-0.931419	0.123411	-0.221049	0.174995	-0.030661	-0.594168
	-0.437645	-1.762032	-2.613217	-1.424995	-0.048835	0.348660	-1.992875	-0.588067	-1.858207	-0.902695	-0.789059	0.324272	-0.312876	-1.820764	-0.217112	-0.104418	-0.704634	-1.005724	-0.973996
	-1.039665	0.192804	-0.284962	-0.742169	0.413993	-0.217487	-1.670277	-0.405147	-1.886351	-0.242484	-0.532040	-0.495096	-0.347580	-1.274234	-0.150272	-0.286808	-1.369231	-1.671934	-0.346397
	-0.910685	0.706111	-0.592790	0.563028	0.668175	-0.731490	-0.781188	-0.651411	-0.767558	-0.869271	-2.190888	-0.116897	-1.068029	-1.617690	-1.289158	-1.794836	-1.835187	-2.167112	-0.840551
	-1.187478	1.362286	-1.314054	0.608370	0.475997	-0.676990	-1.404823	-0.317672	-1.846236	-1.553746	-1.462889	-0.729710	-0.974238	0.005808	0.213461	-1.146550	-1.822533	-1.656331	-0.410403
	-1.198620	-1.050786	-0.646806	-0.880101	0.351653	-0.210769	-1.917646	-1.121531	-1.295517	-1.001031	-1.949923	1.589648	-0.027375	-0.000596	-0.126263	-2.383380	-1.210671	-1.446492	-0.611982
	-1.940194	-1.322790	-1.291285	-1.067104	-1.125245	0.254020	-3.237490	-0.296884	-1.067586	-0.649801	-1.179804	0.018238	0.182508	0.514795	-0.125617	-1.356945	0.003467	-1.351306	-0.758223
	-0.236121	0.168736	-2.455996	-0.724847	-0.814229	-0.456202	-1.559753	-0.496823	-0.467992	0.860369	-0.264328	0.430411	0.632745	0.120157	-0.352634	-0.406798	0.531416	-0.148305	-0.213691
	0.083972	0.142196	-0.840703	-0.896841	-0.778319	-1.347624	-0.791328	-1.251588	-2.205533	-0.050442	-1.064987	1.851474	0.446295	-0.195156	-1.931793	-0.826962	1.144171	-0.646340	-0.941114
	-1.555003	-1.044977	-0.630697	-1.021799	-1.052609	-0.784102	-3.768116	-0.692704	-2.484630	-1.033076	-1.739545	-1.169335	-1.249140	-0.722168	-0.431505	-2.271853	-0.995165	-1.675934	-1.082180
	-0.829582	-0.552630	-0.535279	-0.285950	-0.372027	-0.777606	-3.004651	-1.053136	-0.669151	-0.035557	-1.109582	0.313587	0.252569	-1.391878	-1.329315	-2.664914	-0.079636	-0.858243	-1.010266
	-0.225639	0.389826	-0.446095	-0.411648	-0.286949	0.098183	-1.033702	-0.534882	0.141539	-2.317893	-1.753762	0.150282	-0.035317	-0.642610	-1.196659	-0.430181	-0.973718	-1.679204	-0.380171
	0.125445	-0.739984	0.957431	0.246677	-0.987752	-0.111650	-2.218425	-0.855047	-0.324096	-0.538301	-2.276069	-0.559646	0.818055	-0.888871	-0.918401	-0.025865	-0.177995	-2.135030	-1.366838
	-0.156217	-1.273210	-0.524622	-0.572272	-0.826396	-0.269965	-2.274800	-1.177008	-1.204292	-1.649015	-2.316105	-1.189990	0.449617	-1.959114	-2.098145	-1.272800	-1.429182	-1.562958	-1.316519
	-0.104041	-0.772647	-0.370401	-0.148934	-0.288043	0.654569	0.233816	-0.123513	0.084216	0.146658	-0.833517	0.405179	-0.520680	-0.049028	0.496467	-0.662541	-0.522658	-0.544143	-0.397844
	0.668815	-0.072793	-0.339134	0.358446	-0.416810	0.465867	-2.393401	-0.606253	0.246000	-0.764946	-0.533354	0.425398	0.931559	-0.043232	-0.281971	0.010119	0.692592	-0.919334	-0.208011
	0.055269	-0.928042	-0.757463	0.211453	-0.026196	-0.285000	-0.519170	-0.128198	-0.467447	-0.096639	-1.133482	0.040374	-1.382745	-0.485786	-0.827634	-0.986508	-0.016387	-0.464082	-0.403652
	-0.381949	-0.159458	0.496150	0.026932	-0.008483	-0.586623	-1.051465	-0.820424	-1.353873	-0.611195	-0.864762	-0.522182	-0.882711	-0.760576	0.306335	-0.949957	-0.942173	-0.968223	-0.084407
	-1.175530	-0.300762	-0.583042	-0.800962	-0.726871	-0.051239	-3.831879	0.408896	0.153456	-2.643169	-1.117193	-1.558478	-1.730364	-0.212187	0.122511	-0.198399	-0.124769	0.030413	-0.510445
	-1.059132	-0.247631	-0.258834	-0.435957	-0.160552	-1.201939	-1.729478	-0.029733	0.074629	0.843941	-0.294059	-0.245723	-0.016338	-0.341885	0.675719	1.265458	0.664345	0.073423	0.330844
	-0.493503	-1.309481	-1.387230	-0.588050	-0.807171	-0.488711	-1.424671	-0.826460	0.449564	-1.235434	-1.279433	0.402246	-0.950806	-0.327796	-1.553593	-0.005169	0.245905	-1.054553	-0.860324
	-0.199125	0.585375	0.192302	0.203872	0.458269	-0.073598	-0.626593	-0.695000	-0.401006	-1.228298	-0.080866	0.536618	-1.033778	-0.215792	-1.046305	-1.910705	-0.509841	-0.819952	-0.162950
	0.441626	0.393839	0.495852	0.206141	-0.447358	1.054066	-1.556360	-0.108981	0.685809	-0.430331	-0.816506	0.111060	0.319851	-0.468605	-1.006507	0.037020	-0.103940	-0.550894	0.152548
	-0.644998	-0.984083	0.015669	-0.614677	-0.151049	-0.720514	0.228559	0.217232	0.631894	0.642351	0.914135	0.434369	-0.862399	-0.861872	0.664797	-0.812959	-0.034609	0.689277	-0.055978
	-0.757792	0.006681	-0.554807	-0.647698	1.121602	-0.445175	0.079342	-0.032583	-0.026497	0.609926	1.373371	0.015584	0.035937	-0.430696	0.853477	-0.155001	-0.320907	0.140757	0.096158
	0.823855	0.605734	-0.086317	0.129855	0.775408	-0.083202	0.402883	0.125643	0.102439	0.059919	0.622946	0.081146	-0.637444	1.225903	-0.506262	0.564915	-0.389363	0.755300	-0.006212
	0.884447	1.522453	1.028840	1.116476	0.566213	0.777682	0.135811	-0.637472	-0.297766	-0.024080	-0.454676	-0.358782	-1.989018	0.254099	-0.478975	0.045949	0.318392	0.832012	-0.105082
	1.612862	0.135703	0.806135	0.916000	0.349369	0.148039	1.585966	0.367099	-0.281426	-0.585121	-0.415715	-0.766161	-0.472564	1.157119	0.687864	0.869884	-0.657345	0.352955	-0.106621
	0.252956	0.528039	0.004822	0.873262	-0.028274	0.513061	0.993298	0.343946	1.777926	-0.256626	1.707121	-0.213248	0.376455	0.642708	1.456754	1.186419	0.347444	0.419307	-0.136226
	1.521003	1.289243	0.031657	1.204723	0.540584	0.972324	2.209474	0.100417	0.756707	0.981455	1.211249	2.300293	1.146314	1.033639	1.300202	1.006357	-0.356179	-0.106314	-0.015258
	2.305905	0.943440	1.566256	1.294249	0.210957	0.292138	1.778595	0.740264	0.980632	-0.881803	0.477331	-0.495576	0.151645	1.668628	0.677503	-0.223873	-0.132860	0.673054	0.655993
	1.667821	1.504433	1.808561	2.224883	-0.476829	0.311938	0.800883	0.261186	0.543773	1.269547	1.134058	0.269768	0.623512	0.628293	0.497682	-0.975192	-0.285466	-0.646654	0.254090
	1.222533	0.552829	0.516302	-0.176395	-1.473669	-0.456356	0.831630	0.618708	0.031623	0.536949	0.691311	-0.262669	0.800385	-0.188010	-1.984844	0.424237	-1.017228	-1.085888	-0.102817
	0.371502	0.129311	1.008663	0.751430	0.071403	0.738254	1.070310	1.089042	1.022590	0.524758	0.567510	-1.686791	-1.527863	1.118187	-0.005168	-1.143989	-0.896332	-1.475714	-0.360730
	0.847902	-0.059862	0.765981	1.222816	0.226621	-0.508714	-1.187822	0.687057	1.204456	-0.579480	-1.390826	-0.933179	0.367008	0.247129	2.175740	-0.441218	0.078523	0.522013	0.115441
	0.592110	-1.325971	1.870485	0.518812	0.475721	0.684239	0.356623	0.428376	0.844139	-0.254470	0.032159	0.623404	-0.605491	0.959668	1.115129	0.025687	1.038645	0.794334	0.387882
	-0.642360	-0.371628	1.138113	-0.210775	0.948800	-0.165147	-0.152578	0.108500	1.536940	1.439169	-0.232686	0.341276	1.889921	1.096336	0.280359	1.294220	0.885032	-0.055742	0.660688
	1.183055	0.412452	0.337539	0.514696	0.872628	-0.365133	3.686512	1.081960	1.188805	0.594730	-0.475419	-0.087652	1.954782	0.784307	0.823747	-0.022280	0.481573	0.555419	0.639020
	-0.061554	1.253651	1.849562	2.079680	-0.313249	-0.310978	0.994786	0.747155	0.528786	-0.173618	0.469255	0.458693	1.170734	-0.144360	0.077665	0.491124	-0.078419	0.221352	0.646804
	-1.132623	0.182449	0.806823	0.133148	-0.534172	-0.230898	-0.539035	0.606162	0.816969	0.360385	-0.149638	0.741396	0.830156	0.455189	0.574628	-0.191233	1.097493	0.168406	0.084397
	0.121269	-0.601932	-0.183118	-0.121013	0.657840	0.484363	1.595492	0.462886	0.187316	-0.215196	0.960149	-0.798558	0.774575	0.264188	1.369036	-1.321155	0.147728	0.016559	0.548387
	0.500936	0.783983	1.209093	0.817347	-0.396582	0.221844	0.034886	0.651391	-0.025272	0.375070	-0.097876	0.670381	0.348648	-0.012823	1.507734	0.864083	0.585075	1.231406	-0.223073
	-0.390626	-0.089814	1.089140	0.365166	0.293075	0.196124	0.274629	-0.004579	0.472667	-1.159543	-0.882319	-0.000838	0.048307	0.031330	-1.137509	0.998656	0.586995	1.008703	0.065414
	-0.315159	1.085366	1.152310	1.422633	0.674619	0.446785	1.596119	0.123222	0.238413	1.284048	1.277451	-0.306954	-0.816415	1.128209	-0.215710	0.491122	-0.256770	1.191368	0.327304
	0.681014	-0.207798	0.867577	0.318361	0.525967	0.443267	0.183631	0.562955	0.440824	0.582873	-0.599857	-0.168826	-0.779250	0.890922	0.374666	-0.092138	0.139479	0.835969	0.016922
	0.687393	0.716867	1.588361	0.547743	1.039833	0.187285	0.699931	0.762666	1.502598	0.320456	1.599252	0.535711	0.828443	1.544765	-0.007359	1.059196	1.158464	0.883628	1.616525
	-0.084202	0.243273	2.132396	1.099136	0.541083	0.398069	1.028717	0.372268	1.538647	0.368038	0.296748	0.653673	0.423195	0.757640	0.624797	0.217273	1.228661	0.992944	0.509618
	-1.022689	-0.272028	0.358849	0.150786	-0.019299	0.109995	0.553523	0.166757	0.447346	-0.807784	-0.068935	-0.088847	-1.276930	0.655761	1.333934	-1.473795	-0.542733	-0.392967	-0.159367
	-0.958816	-0.384917	-0.211191	-0.197231	0.687429	0.078181	0.932063	0.709623	0.085661	0.608643	0.309350	-0.848608	0.566237	0.414659	-0.032902	1.380549	1.487448	-0.112155	0.972859
	-0.811944	-0.012655	0.383559	-0.702310	-0.384469	-0.628069	-0.689873	0.303670	-0.290598	-0.879022	-0.903528	-0.201885	-0.775307	-0.547533	-0.184184	0.765170	1.010414	0.210592	0.270229
	-0.078404	0.200164	0.594598	1.389162	-0.527168	-0.406726	1.731777	-0.298571	-0.499590	-0.005391	0.291213	-0.566644	-0.400547	-0.557560	-0.012389	0.369394	1.231214	0.546908	0.381216
	0.126709	0.832972	0.429163	0.262943	-0.737853	-0.659688	-0.237753	-0.258985	-0.334464	-0.200317	0.576435	-0.086921	0.235370	1.200972	0.236592	-0.111857	0.835969	0.284897	-0.253835
	-0.738157	-0.784617	0.634167	-0.373025	-0.288945	-0.177694	-0.390452	-0.069568	-0.531383	0.146846	0.223442	1.640723	0.663962	-0.244850	-0.088523	-0.002457	-0.021783	1.845033	0.000190
	0.321501	-0.116375	0.645690	-0.864845	-0.377801	0.062088	0.510537	0.890194	-0.097709	0.846223	1.287473	0.477878	0.797066	-0.371857	1.082009	1.001564	0.652819	0.652435	0.212332
	-0.429916	-0.873713	0.937510	0.208915	1.070914	0.491612	1.122414	0.112959	-0.546689	0.035072	1.059778	0.538574	1.128327	1.255638	0.586161	-0.310781	0.648474	2.372100	0.700263
	0.250606	0.176537	0.723684	0.682710	-0.436669	0.170687	2.386686	0.024546	-0.001182	0.758257	1.014816	1.819969	1.298184	0.144793	-0.504810	1.682007	1.150080	1.253673	0.489915
	-0.403131	-0.106898	0.232689	-0.280792	0.777822	-0.216690	1.524438	-0.068983	0.206623	0.051850	0.633516	-0.251925	-0.923559	-0.506863	-0.687150	0.020766	0.227746	-0.278058	0.016828
	-0.777404	0.449586	-0.190239	-0.094340	-0.057813	0.028870	1.292526	0.300100	0.616700	0.738344	1.338254	-0.075965	-0.038081	0.058000	0.343978	0.667342	0.624045	0.465070	0.335054
	0.901862	-0.409943	0.350406	0.012254	0.310291	0.187696	0.825217	-0.101066	-0.251796	-0.189855	0.128474	-0.293371	-0.904490	0.734406	-0.515489	0.462202	0.807865	2.075824	0.313649
	0.098049	-0.456496	1.425625	0.609869	0.504629	0.941535	0.740121	0.481652	-0.094961	-0.157975	0.937740	1.503919	0.223098	-0.331643	0.299144	1.395407	1.417406	0.770702	0.059941
	0.516287	0.263869	-0.298488	0.976899	0.876233	0.144876	1.875497	0.336760	0.117060	0.309902	0.391587	0.064822	0.898575	0.947763	0.461711	1.232424	0.612697	0.024494	0.367345
	0.212131	-0.285401	-1.070715	0.271151	0.386676	1.205508	4.639378	-0.016608	0.933269	1.398639	2.528746	1.722632	1.531142	1.924554	2.158272	2.519679	1.516098	1.729627	0.173580
	1.920401	0.211469	-0.292862	-0.053457	0.497400	1.164035	1.997446	0.386304	0.702533	1.139483	1.715959	1.026919	0.592497	1.910737	0.710449	2.009601	0.191862	0.478951	0.382104
	0.165458	0.241675	-0.086073	0.142757	0.042001	0.604647	2.252689	0.379317	-0.412215	1.205821	0.047032	2.379176	0.911617	1.469010	0.519583	1.157372	0.522246	0.168625	0.491003
	-0.877834	1.284398	0.201471	0.343050	0.638521	0.928447	2.748370	-0.482521	-0.437685	2.121284	1.323318	0.965943	0.598904	-0.192666	0.660484	0.860872	-0.195865	-0.488855	0.694296
	0.780722	0.206067	0.357870	0.522526	0.765974	-0.463740	1.285793	0.049373	1.014361	0.693439	1.098828	2.465524	1.712449	0.133528	-0.630661	1.602019	-0.969104	0.231624	0.330135
	1.033722	-0.279902	-0.152912	-0.770360	0.149912	-0.171548	0.604514	0.534200	0.925143	1.629581	0.907800	0.161933	0.367699	-0.534957	0.610994	1.819829	0.035922	-0.087988	0.120623
	-0.557208	-1.249862	-0.561384	-1.322382	-1.087310	-0.531342	0.342173	-0.318428	-0.080422	0.034711	-0.706052	0.207360	0.849209	-0.003206	-0.154549	0.570880	-0.690033	-0.868878	-1.011454
	-1.543581	-0.557675	-0.353090	-0.001626	0.616454	-0.685577	-0.335647	0.322436	-0.697860	0.018670	-0.214965	-1.112588	-0.488207	0.680781	0.353916	0.329149	0.255037	-0.511035	0.101594
	0.957541	-0.419208	-0.832019	0.079626	0.053785	-0.263267	-3.096462	0.185255	0.526423	0.363027	-0.273980	-0.924175	-0.108021	0.705046	0.603601	1.692095	-0.756861	0.624379	-0.528192
	-0.359822	-1.150608	-0.142063	-0.403198	0.299841	0.566254	1.396712	0.458083	1.259166	0.185522	0.826308	-0.028005	-0.739338	-0.027237	0.053376	0.045165	0.063006	0.522170	0.012565
	-0.479062	-0.511395	0.288868	-0.783931	0.200576	0.014772	1.337859	-0.161593	0.878635	-0.540231	0.107492	-0.595060	-0.427031	-0.289176	1.578942	0.244675	0.811631	0.005693	-0.363817
	-0.831708	-0.398781	0.703498	-0.923738	0.365235	0.543399	0.493053	0.051399	-0.338827	-1.176579	0.058094	-2.225337	-0.680314	-0.728786	-0.962682	0.564070	-0.048033	-0.358269	-0.060117
	0.217819	-0.203470	2.167850	0.453161	0.489389	-0.269483	0.432986	0.719982	0.619691	0.459308	0.853513	-0.925866	0.383638	-1.307793	-1.299928	1.382504	1.178907	1.436728	0.387490
	0.906403	-0.335619	0.342047	0.643658	-0.692636	-1.238882	2.662132	0.713986	1.500588	1.051899	0.908174	-0.612760	-0.314848	-0.987071	-1.361076	0.340039	-1.520763	0.985412	0.464104
	-0.115212	-0.477142	0.392302	-0.365991	-0.363118	-0.610058	3.119832	-0.312501	0.051185	0.037429	2.646641	-1.795752	0.015399	0.351454	-0.216859	0.253518	1.010643	1.186627	1.062391
	0.066578	-0.023599	1.334330	-0.165172	-0.594289	-0.029138	-0.275325	-0.524213	0.012427	0.840966	1.552648	0.311990	-0.071478	-0.199000	-0.125856	0.807428	-0.284507	1.025831	0.922831
	-1.137419	-0.731262	1.291912	-0.187883	-0.532915	1.378097	2.198402	0.413225	1.133632	0.018185	1.267115	-0.882546	-1.710657	-0.375441	-0.478111	0.285407	-0.638220	1.103224	0.699829
	0.334755	1.102308	-0.642187	0.149883	0.117001	0.212011	0.700072	0.650274	0.861394	2.122976	1.290800	0.795354	0.979092	0.343235	0.527337	-0.352864	-1.008088	1.033743	0.527184
	-0.240183	-0.123842	-0.485213	-0.589345	0.547455	0.437228	-0.239431	0.548124	1.030570	0.360634	0.816423	1.265268	0.051456	0.974965	0.008999	-0.658645	-0.193126	0.722629	0.091293
	-0.599207	-1.064943	0.488282	-0.457064	0.125050	-0.551776	-0.992263	0.291145	1.050191	1.802906	0.584662	0.285109	-1.263760	-0.193470	0.694719	-0.454612	-0.733357	0.745834	0.296336
	-0.289257	-0.256064	0.828932	-0.060511	0.502828	-0.845068	-0.149724	0.428263	0.799121	-0.659540	0.877926	-1.532848	-0.861409	1.571951	-0.872269	-1.358482	-0.642694	0.903075	-0.062780
	1.476533	0.891954	0.294664	0.745553	0.467379	-0.718795	1.432796	0.573569	1.046238	0.901672	1.865126	-1.686114	-1.419727	1.233402	0.602458	-0.125451	-0.923831	0.199698	0.615445
	1.085936	0.010253	0.373050	0.350628	-0.258966	0.152204	1.397145	0.132575	0.979875	0.445749	-0.621148	-1.013105	0.915411	-0.380644	-0.770627	1.787379	1.976588	0.371178	0.083623
	0.990064	-0.507663	-0.502345	-0.824045	-0.074530	-0.143231	1.670656	-0.378004	0.289504	0.052100	0.875168	-0.925529	0.862798	-0.485059	0.271593	0.268149	2.114884	-0.125306	0.135335
	-0.177598	0.156514	0.132787	0.677819	0.197757	0.262916	1.802595	0.639811	-0.337183	0.559151	1.300135	0.694642	0.755455	-0.214398	0.297814	1.310780	0.306374	0.225851	0.493288
	0.367621	-0.050203	-0.635952	-0.019375	0.619476	-0.234614	0.907899	0.844235	0.787032	1.216020	1.508228	0.222562	0.550542	0.228976	0.408573	1.256806	-0.270332	1.368010	0.370678
	1.394007	-0.218678	0.546767	0.357226	-0.058546	-0.685255	1.258865	1.064187	1.615259	1.875220	1.131561	1.027496	0.919868	0.102669	0.007341	1.659138	1.356000	1.522497	1.035000
	1.717369	0.456389	-0.018292	0.547806	0.414131	-0.583275	1.529480	0.392849	1.782245	0.471617	0.160861	-0.289235	0.800674	0.453822	1.237888	-0.694043	-0.332632	0.556205	0.023783
	-0.009278	1.336439	0.110836	0.511967	0.082907	-0.039203	1.379488	-0.138437	-0.392192	0.547113	0.374444	0.123917	1.450734	-0.615405	0.891358	1.762960	0.472200	0.634194	0.632694
	1.309339	1.206959	-0.094247	-0.181729	-0.857935	0.186606	1.268839	0.167376	0.389586	0.250646	-1.052517	0.501813	1.267129	-2.460773	-0.573208	1.185295	0.382755	0.001879	0.326969
	0.845642	0.903806	-0.676291	0.887044	-0.037570	0.123465	2.289711	0.333264	-0.419917	0.600683	1.099069	-0.589428	-2.073442	-1.371248	-0.245217	0.295206	0.567337	0.115762	0.485184
	1.266898	0.380096	0.226542	0.271277	-0.266414	0.116545	-0.020753	-0.167298	0.017875	0.329156	-1.230947	0.397546	0.588464	-0.556876	0.108307	-0.895154	-0.605551	-0.178312	0.606521
	-1.771401	0.457169	0.463256	0.190955	-0.430747	1.039272	-0.480049	-0.220944	-0.076314	-0.078085	-0.196300	-1.182391	-1.275046	-0.135429	-0.713839	-0.862177	-1.779103	0.107977	0.763633
	0.151647	-0.235130	0.457927	-0.177897	-0.542076	-0.143153	-0.566743	0.003000	-0.024336	1.246279	0.226322	0.482664	0.524319	-0.979794	0.241550	0.438569	-0.173324	0.095407	0.072440
	0.723028	0.134768	-0.312193	-0.820937	-0.484732	-0.901196	-1.373423	0.374358	-0.778481	0.787659	-0.245767	0.117365	-1.276622	0.024447	0.210361	-1.015843	-0.861741	0.764889	-0.074079
	0.772303	1.353109	-0.346728	0.353422	0.048825	-0.547823	-0.051340	0.758096	-0.144896	1.598585	0.678565	-0.627676	0.413223	0.669660	1.037395	-2.366095	-0.884316	1.085775	0.460389
	0.293925	1.342123	-0.741450	-1.002942	-0.927558	-1.228168	-0.498995	-0.814857	-0.589687	-0.801581	-0.281156	-1.335941	0.664658	-0.082196	-0.896389	-1.211334	-1.247157	0.491305	-0.018597
	-0.746590	-0.453357	-0.807827	-0.810481	-0.895641	-0.859352	-0.049031	-0.056308	-1.295866	0.369077	-0.372839	-1.616027	-0.801960	-1.223668	-1.846251	-0.273247	-1.573625	0.015006	-0.168542
	-0.562322	0.044899	-0.820048	-0.461757	-0.438987	0.294668	-1.171500	-0.051305	-1.260719	0.009717	0.203340	-0.494880	-1.579088	-1.592575	-0.688005	-0.094147	-0.383094	-0.583970	-0.284828
	0.843206	0.811997	-0.815646	-1.119815	-0.765154	0.595722	-0.747423	-0.199085	-0.807287	0.066598	0.099022	0.855622	0.835164	-1.187945	-0.271047	-0.061073	0.529709	0.172848	0.281940
	-0.651169	0.167530	-0.911673	-0.237037	-0.259577	-0.286228	-0.671052	-0.049686	-0.588843	0.539602	-0.794033	0.728187	0.330622	-0.210307	-0.136610	-0.307955	0.713032	-0.402947	0.238874
	-1.156955	0.287364	-1.184083	-0.930307	-0.781848	-0.600191	-1.244056	-1.079480	-1.402457	-1.739188	-2.496361	0.507723	-0.373141	-1.980392	-1.192188	-0.753777	-1.602552	-0.997091	-0.809957
	-1.652943	0.715746	-1.408868	-0.060441	0.036428	-1.019831	-2.289863	-0.733116	-1.271056	-0.114079	-0.309118	0.187627	-0.347025	-0.873894	-0.752638	-0.498128	0.724879	-0.434238	-0.498245
	0.495214	0.748441	-0.694943	-0.822590	-0.431727	0.522631	-0.360589	-0.298354	-0.770203	-0.031537	-1.338323	-0.016441	0.692525	-1.370056	-0.867588	0.199498	-0.563334	-0.481912	-0.839012
	0.186626	1.102592	-1.105679	-0.382897	-0.622210	0.335015	-0.006230	-0.910604	-0.901002	-0.219256	-0.766064	0.919699	0.697548	-1.547959	-0.100958	-1.593921	-0.747953	-1.371018	-1.067520
	-0.959862	-0.916370	-1.313576	-0.552428	-0.747385	-0.019007	-2.469093	-1.182032	-1.561619	-0.911502	-1.504080	-0.712836	-0.085061	-0.334937	-0.682530	-1.246189	-0.244995	-1.251904	-0.525472
	-0.910268	-1.175992	-0.586807	-0.938677	-0.756143	-0.390542	-4.096808	-1.404264	-2.247085	-1.537829	-2.783795	0.238304	-0.034311	0.223515	-1.077502	-1.349678	-0.820698	-1.055551	-1.046910
	-0.474714	0.700216	-1.141723	-0.853055	-0.027800	-0.566416	-2.774797	-0.026035	-0.384388	-0.435575	-2.212894	-0.181812	0.200252	0.064794	-0.829925	-2.224153	-0.667808	-1.833217	-0.931475
	-0.948611	0.100890	-2.290301	-1.140228	-0.209994	-0.459027	-3.147981	-0.980100	-1.836601	-2.754638	-2.571319	-2.247028	-0.636927	-0.173367	-0.983654	-2.649636	0.218838	-2.194543	-0.821712
	-1.288707	-0.575060	-1.925429	-1.042126	-0.863677	-0.477444	-3.850423	-1.254277	-2.253929	-2.174203	-2.426831	-0.364610	-0.164038	-1.633018	-1.044369	-1.653795	-1.146511	-2.228336	-1.577824
	-0.150760	-0.780735	-0.997733	-0.424420	-0.443437	-0.194619	-2.841291	0.048139	-0.996853	-1.753634	-3.108275	0.203974	-1.123281	-1.024887	0.655922	-1.834848	-0.443728	-1.017308	-0.817316
	-1.221622	-0.148217	-0.220688	0.305171	-0.169493	0.296110	-3.511919	-0.785516	-1.223747	-1.170760	-3.356940	0.242362	-0.408825	-1.430658	-0.674968	-0.366699	-1.566445	-1.682745	-0.424285
	-1.560731	-0.976577	-1.411899	-1.357505	-1.113484	-0.602574	-4.599550	-1.741072	-1.346733	-1.930507	-3.405537	-1.589145	-0.384965	-1.778859	-2.452870	-1.456430	-1.426855	-1.776791	-0.915689
	-1.108171	-0.032912	-1.291303	-1.347065	-0.103523	-1.006736	-2.490162	-0.924727	-1.522486	-1.471956	-2.307828	-0.542736	-3.077933	-0.487684	-0.582738	-2.761335	-0.946124	-1.466602	-0.909582
	0.006668	0.129372	-1.344948	-0.360440	-0.123363	0.016672	-2.269394	-1.341258	-1.429725	-1.288007	-1.211481	0.261415	-1.052376	0.494941	-0.374221	-0.830801	-0.409380	-1.153537	-0.854220
	-0.787382	-1.415784	-1.364117	-1.308245	0.825541	-0.614383	-2.766485	-1.367974	-1.404942	-1.997941	-0.369315	-1.333330	-1.578066	-1.565244	-0.651089	-1.696388	-1.770076	-1.606851	-1.184856
	-0.658208	-1.499410	-2.263649	-1.373886	-0.330171	-0.546137	-3.841598	0.295961	-0.974916	-1.205202	-2.102740	-1.449285	-1.479112	-1.766704	-0.023319	-2.262582	-2.010495	-2.378663	-0.391392
	-1.024139	-1.605957	-2.126874	-0.903299	-0.919711	-0.806168	-3.419781	-1.491046	-1.042495	-1.025204	-1.268577	-1.201758	-1.921942	-1.365470	-0.752247	-0.401089	-1.104316	-1.889156	-1.382068
	-0.476372	-0.594178	-1.364303	-1.032751	-0.442843	0.054155	-2.393245	-0.458292	-1.093891	0.246393	-1.206722	-0.334862	-0.824501	-0.045692	-0.789703	-1.739862	-0.945650	-1.603046	-1.123769
	-0.638625	-1.087908	-1.516310	-1.029138	-0.257150	0.191873	-2.997216	-1.029862	-0.455971	-0.691754	-2.751151	-1.079942	-2.181257	0.473260	-0.004225	-1.795590	-0.134615	-0.984447	-0.884126
	-1.099649	-0.400704	-1.406977	-0.606379	-0.067924	-0.069245	-4.189639	-0.757727	-1.380615	-1.522666	-0.455088	-0.685399	0.040505	-0.812953	-0.492001	-0.468243	-0.940596	-0.959189	-0.315203
	-0.642670	0.426921	-1.133198	-0.283690	-0.230638	-0.298867	-3.651261	-0.139310	-0.602203	-0.250281	-2.253259	-0.736442	-0.529543	-1.286933	-1.374922	-0.987037	0.238410	-1.282037	-0.642109
	-0.586771	0.237844	0.559913	-0.594509	0.393928	0.717007	-2.984626	-0.109167	-0.732624	-0.905117	-1.516460	-1.432592	-1.215672	0.138361	-0.014174	-1.350689	-1.489169	-1.202076	-0.592355
	-0.097185	0.462710	1.315085	1.244910	0.917423	0.828242	-2.446196	0.418198	0.933423	-1.402480	-0.055095	0.594250	0.224498	-0.617438	0.725326	-0.445669	0.392729	-1.374729	-0.788234
	1.337226	-0.399150	-0.064215	1.443754	-0.477987	0.570201	-2.975532	-0.272030	0.267318	-0.260061	0.205165	-0.149405	0.533016	-0.389351	0.123002	-0.673944	0.164065	-0.955943	-0.738906
	0.426706	0.703210	0.235151	0.521317	1.039485	1.149938	0.655313	-0.027976	0.158160	-0.524658	0.705219	-0.162127	-0.273026	0.180875	0.439025	-0.662873	-0.722899	-0.899920	0.177903
	1.060389	0.680961	0.920745	0.245739	-0.216817	0.350203	-0.984290	-0.054690	-0.626367	-1.336616	-1.592649	0.467667	0.011121	1.399265	-0.171190	-0.447909	-0.427789	-0.624410	0.334851
	-0.584430	-0.059631	-0.814645	-0.673044	-0.832268	0.041643	-0.901036	-1.147328	-0.715601	-2.165973	-1.851752	-1.093404	-0.762257	0.802268	-1.087741	-1.534956	-0.237864	-2.080884	-1.343347
	-1.476335	-0.654401	-0.625291	0.776164	-0.059634	0.475242	-1.374016	-1.287935	-1.663208	-2.215284	-0.479731	0.243040	-0.308816	-0.176867	0.255230	0.006010	1.164408	-1.928697	-0.995409
	0.233186	-0.841884	0.331494	0.872237	0.756114	0.262719	1.304463	-0.587514	-0.350545	-1.519311	1.090609	1.388365	0.033575	0.732845	0.163955	0.793041	1.038095	-0.311666	-0.441763
	1.583186	0.302016	1.602176	0.626390	1.548386	0.759243	-0.423730	0.488812	1.747423	-0.612545	0.613120	0.845976	1.411898	1.587926	1.103172	-0.053495	0.060739	0.728000	0.002733
	-0.181162	0.459363	0.527565	0.586859	1.152536	0.035928	-0.690707	-0.252086	0.333369	-0.640734	1.858097	-0.523926	0.198655	-0.200688	-0.401099	0.682034	0.569221	-0.283285	-0.336603
	0.776831	1.145200	2.305514	2.661697	1.948890	0.046987	1.422701	0.408568	-0.285105	1.989985	1.530536	2.163595	1.417390	0.924371	1.497267	0.433888	1.261708	0.874810	1.037791
	1.846895	1.589802	1.054655	1.438553	1.020129	0.646457	5.840548	1.782512	3.308961	4.221062	3.757325	2.486136	3.051525	2.140112	3.046540	1.332754	1.526897	1.758439	1.552223
	0.574483	-0.170991	-0.234839	-0.738288	-0.145803	-0.907891	-0.495797	0.604227	0.550360	0.057404	-1.154743	-1.241335	-0.557529	0.284951	-0.334794	-0.918805	-1.846899	0.871556	-0.224735
	0.410915	0.376667	2.531346	1.809781	-0.540503	-0.083110	0.994334	-0.605216	-0.676679	0.679073	-0.952017	0.322348	0.909653	-0.111778	0.536996	1.341067	0.421325	1.338767	0.677824
	0.274110	-0.221189	1.296365	0.614844	-0.122457	-0.490834	1.748647	0.244272	-0.489477	-1.462050	-0.691637	-1.047153	-1.403480	0.113714	0.377901	0.992814	-0.678002	1.091441	-0.007828
	-1.038993	-0.981201	-0.761616	-0.811966	-0.101690	0.313914	-0.414987	-0.390387	0.258378	-0.530594	0.928397	0.039404	-1.498042	-0.280734	-0.432241	0.259444	-0.818149	0.037590	-0.279976
	-1.040247	-0.416583	0.109068	-0.443289	-0.145933	0.273568	1.621965	-0.389607	-1.225779	1.017598	1.940336	1.207634	0.923307	1.151907	0.989477	2.492740	0.425520	0.494021	-0.280300
	1.600162	0.151533	2.807753	0.863625	0.069263	0.606243	3.635364	0.531881	1.254096	1.301198	1.660198	1.680523	2.160067	1.589483	1.248038	3.212533	1.737387	2.603269	0.961600
	0.415836	0.613828	1.686699	0.761029	0.899919	0.598976	0.593384	0.214213	1.374598	-0.650502	0.673365	-0.081100	0.591826	1.466197	0.382366	-0.226957	-0.582391	0.089476	0.439316
	0.758061	1.192798	2.329918	2.165533	1.646861	1.220639	1.868517	0.878387	2.606507	2.366764	3.645648	3.210289	1.773055	2.551804	2.059295	1.340718	1.075843	0.364796	1.695136
	0.975774	0.252640	1.029053	0.801681	0.369899	0.380279	0.978270	0.698800	1.316778	-0.066153	1.567107	0.942065	0.860016	0.278842	1.646282	1.497421	1.707084	0.371706	-0.100092
	1.549677	-0.236504	0.831627	0.247064	-0.278778	-0.533761	0.170870	0.576527	0.147321	-2.062252	-0.608129	-1.476519	-1.251804	0.265966	-0.061682	-1.829960	-1.235616	1.102054	0.137925
	-0.781075	-0.662736	1.000938	1.219900	0.065660	-1.026760	-0.034681	-0.450563	0.013709	-1.870592	-1.473408	-2.613679	-1.224624	-0.742732	-0.565873	-1.157425	-1.705421	-0.613658	-0.600276
	-1.895570	-0.426150	-0.763024	-0.057377	-0.392969	-0.289437	-0.659856	-0.919608	-0.148797	-0.369119	0.043425	-0.871819	-1.035351	-0.719437	-0.255927	-1.228128	-0.788744	-1.037593	-0.636032
	-0.090845	-0.268655	0.499480	-0.618555	-0.084854	-0.204191	-0.078779	0.054596	0.266167	-0.674693	0.277662	-0.497823	-0.988646	0.341979	-0.586224	-2.304196	-0.152184	-0.960869	-0.353830
	0.609062	0.214430	-0.582327	0.541953	0.237839	0.399978	1.984994	1.296553	1.220356	0.440606	0.812585	-0.944634	0.455259	0.814650	0.191938	0.118541	-0.417024	1.047739	0.861047
	1.524216	0.616613	0.739557	-0.557293	-0.505568	0.477109	1.434210	0.290274	2.002753	1.326579	-0.252260	0.369738	1.436041	-0.387177	-0.183832	1.742594	1.990841	1.102759	0.377640
	-0.877286	0.183885	0.244604	0.099017	-0.557051	0.034028	1.993979	1.271196	0.643321	1.547469	-0.080454	0.586220	0.575901	0.539281	-0.573657	0.211196	0.812702	0.621726	0.471953
	-0.306078	-0.999042	-0.111867	-0.326755	-0.222306	0.221011	0.176992	1.591856	2.146082	1.445236	1.696954	0.634890	-0.525939	1.373839	0.132895	3.086210	1.651854	0.749747	0.768142
	1.202124	0.365684	0.287986	0.015620	0.782562	0.560228	3.392576	2.122180	1.605841	1.557485	2.143715	0.974940	0.753519	-0.367878	0.156951	1.639620	2.215672	1.481399	0.779576
	1.491385	0.781661	0.489705	1.122170	0.575543	0.090433	3.899878	1.287505	1.206064	2.658793	1.380550	0.758612	1.502322	0.960432	1.123113	1.563777	1.334169	1.296781	1.809188
	0.775401	-0.061380	0.503650	0.065519	-0.161293	-0.463806	0.821145	1.282491	1.708075	0.642960	2.132514	0.299952	-0.630491	0.109278	-0.465748	2.563951	0.682532	2.008487	0.977401
	0.965036	-0.242260	1.718630	1.477781	0.830606	1.139885	3.356592	1.205664	0.875928	0.982094	2.701697	1.243955	1.415035	0.134338	0.625782	2.512880	1.847500	1.867992	0.711473
	0.845735	0.450135	1.808407	0.720059	-0.564841	0.525713	5.172625	1.103818	2.342766	1.127156	2.946490	1.530588	1.240218	1.165023	0.219392	3.694117	1.322490	1.211348	0.580901
	0.894749	0.249895	1.645591	-0.030652	0.271694	0.293228	5.710186	0.329862	0.943077	2.231357	1.767035	1.398378	0.395383	2.576501	1.157996	2.337172	1.870618	2.626836	0.714109
	1.837489	0.185040	1.175257	0.105594	0.345708	-0.002376	4.616321	1.189249	1.567214	2.619436	2.775645	1.302622	2.214595	1.254983	-0.205766	2.416551	1.876787	2.179139	1.486991
	1.584966	0.706557	1.501463	0.777570	0.796349	0.693084	5.116744	0.986342	0.248087	1.305503	0.495040	1.281067	0.508357	0.881321	0.688503	1.765938	1.316447	1.667287	0.728139
	-0.538694	0.881435	0.267446	1.765068	0.927606	1.279248	3.686663	0.132327	-0.638919	0.639438	0.994660	-0.066752	-0.724735	-1.142075	0.721949	-0.054114	0.539950	0.482001	0.415083
	-0.981934	-0.523183	0.456951	0.587508	0.063815	0.381888	0.295119	-0.502521	-0.868669	0.022382	0.891526	-1.003195	0.861971	0.068622	1.820567	0.031832	0.740598	0.389681	0.030280
	-0.620972	-1.013370	0.010892	-0.727709	-0.469390	-0.336323	0.886342	0.210695	0.159035	-0.995211	-0.260574	0.903982	0.395978	1.270514	1.345403	0.891445	1.177510	-0.205148	0.266326
	-1.399699	-0.638525	-0.805382	-0.588095	-0.071635	-0.745270	0.864664	-0.992587	-1.499141	1.042518	-0.056195	1.341772	-0.129111	1.325443	-0.351075	-0.081077	0.711797	0.652909	0.121437
	-1.962077	-0.378134	-0.863864	1.030316	-0.436157	0.102847	0.134342	-0.310301	-1.071224	0.360982	-0.749250	0.244562	-0.203683	1.410427	0.100216	-0.124844	0.547879	0.595237	0.502106
	-0.694838	-1.066966	-1.270900	-1.710604	-0.705034	-0.637425	0.269252	0.091551	-0.442814	-1.300055	-0.886812	0.675977	0.816130	0.047495	-0.335000	-0.421578	-0.540484	-0.205054	-0.326443
	-1.851221	-0.138638	-2.040096	-1.445345	-0.640719	-0.044445	0.039587	-0.651547	-0.851086	0.154616	0.764371	0.632241	-0.485656	0.197011	-0.791080	-1.422912	-0.037468	-0.613003	0.411381
	-0.107565	-0.234520	-0.839983	-0.400758	-0.027901	0.276757	-0.415514	-0.269026	-0.263812	1.468754	0.033533	1.141504	1.631921	-0.154554	0.195179	-0.763318	0.195482	0.695465	0.110644
	0.067523	-0.182719	-0.898663	-0.409925	-0.312693	-0.729457	-0.863389	-0.080561	0.291712	0.591810	-0.871817	0.578916	1.555458	0.148771	0.667196	-0.622042	-0.714225	0.735223	0.487923
	-0.685952	0.435413	-0.879493	-0.158093	-0.313098	-0.986419	1.503098	-0.237531	-0.688812	-0.148112	0.374051	0.239762	-1.159824	-1.392084	-0.098278	-1.279461	-0.373680	-0.490263	0.039772
	-0.912337	-0.039474	-0.389654	-0.521104	0.050864	-0.456490	-1.146431	-0.150961	-0.119862	-1.218266	-0.817031	-0.482837	0.844209	-0.716589	-1.219459	-0.476503	-0.174676	-1.132742	-0.043743
	-0.528583	-1.250115	-2.273964	-2.019421	-0.444348	-0.418806	-3.039429	-0.530507	-0.737989	-0.283071	-1.973721	-1.606593	-0.756569	-0.808304	-1.440135	-0.729534	-0.467742	-1.260198	-0.295023
	-0.415593	-0.057828	-0.950856	-0.938675	-0.913679	-0.151649	-2.682639	-0.771201	-0.350590	-0.911206	-1.169562	0.248517	-0.172700	-0.568108	-2.114511	-1.073705	-0.582746	-0.190436	-0.122828
	0.396287	-0.508335	0.136187	-0.693891	0.231483	-0.377436	-1.938208	-0.040214	0.313576	-0.300227	-0.576421	0.076239	-0.382188	-0.479564	-1.697147	-1.590851	-1.464835	-0.646934	-0.714851
	-0.334111	0.668074	0.350859	0.400896	0.493888	0.229218	-1.925672	-0.212114	-1.166498	-0.530820	-1.045699	-1.308642	-0.951589	-1.470259	0.236365	-0.528615	-0.633688	-1.930763	-0.882166
	0.058655	0.928811	-0.211489	-0.525762	-0.011906	-0.436344	-3.280058	-0.482521	-0.475654	-0.666943	-1.952087	-1.442983	-0.410536	-0.265198	0.277361	-0.829130	-1.576474	-1.201759	-0.836610
	0.854341	-0.108674	-0.212431	-0.339613	-0.033324	-0.091644	-3.197527	-0.779107	-1.411963	-2.424802	-0.943878	-0.901413	-1.338233	-1.994204	0.163103	-1.538600	-1.807278	-0.620132	-0.946954
	0.974504	1.038776	0.105891	1.015766	0.179300	0.325230	-3.193595	-0.628860	-0.550170	0.387356	-0.842691	-2.567350	-1.723990	-1.067086	0.210138	-1.032851	-1.252509	-0.939075	-0.796944
	0.200479	0.040377	0.480678	0.382615	-0.374351	-0.081768	-1.891685	-0.307190	0.294144	-1.039126	-0.521719	-0.874640	-1.002569	-0.635944	-0.325370	0.522428	-0.681306	-0.875720	-0.684866
