	-1.075258	-0.931568	-0.458880	-0.837700	-0.658128	-0.361319	1.047285	-0.024254	0.024665	-0.081036	-0.339074	-0.049731	-0.459548	-0.224442	-0.081163	0.325919	-0.155151	-0.277200	0.390361
	-0.905726	-1.111844	-1.297325	-1.914027	-0.662433	-0.314972	-0.540311	-0.497639	-0.332180	-0.095991	-0.372982	0.534367	-0.008123	-1.053836	-0.935949	-1.194487	-0.029031	-1.508479	-0.695759
	-1.863785	-1.025268	-0.983273	-1.808351	-0.861275	-1.266148	-0.372792	0.075497	-0.646143	-0.234615	-0.366884	0.190883	-0.161207	-1.082508	0.240634	-1.157024	0.544110	-0.996978	-0.689732
	-1.182676	-1.780632	-0.306410	-1.316546	0.145246	-0.521437	0.008871	-0.340753	-0.248660	-1.132776	-0.683765	0.857842	0.405301	-0.578798	-0.337814	-1.051188	-0.854271	-0.559795	0.170820
	-0.121753	-0.307407	1.082797	0.073949	0.564499	-0.283280	0.481092	-0.237927	-0.390123	-0.106236	-0.181174	-1.359256	-0.239317	-0.420311	-0.354949	-0.977045	0.019824	-0.646940	-0.514833
	-1.359440	0.217872	-0.164904	-0.218001	0.307392	-0.144103	-1.780569	-0.327753	-0.716055	-1.190438	0.313698	-0.569971	0.017020	-0.081368	0.255029	-0.176383	0.402092	-0.205104	0.051710
	-1.388397	-0.352181	-0.042541	-0.369883	-0.986398	0.257058	-0.797686	-0.422939	-0.481217	-0.516799	-0.937029	0.173436	0.413094	0.062497	-0.360021	0.058725	-1.755779	-0.141005	-0.227824
	-0.454013	-0.755927	-0.419878	-0.438827	-0.561124	0.636098	0.001205	-0.352510	0.055710	-1.756146	-1.866987	-0.826026	-0.640680	0.197890	0.208752	-1.059115	-0.170520	0.023627	0.567904
	0.179864	0.633228	0.075032	0.392591	-0.029564	0.159951	0.182365	-0.574224	0.112113	-0.143298	-0.498415	-0.345042	1.062159	0.093586	0.547972	1.392124	0.145558	0.116633	-0.434747
	0.459020	-0.063547	0.185326	-0.245725	0.052762	0.290464	-0.015978	0.048928	-0.262435	0.789867	-0.476986	-0.753182	-0.153847	0.180739	0.285149	0.195094	1.353674	0.397539	0.149904
	0.569739	0.470285	0.180178	-0.148634	1.281696	0.410988	-0.086263	0.352820	0.194733	0.790957	-0.177466	-0.332342	0.296185	-0.673238	0.209950	-0.364041	-0.594958	0.609278	0.372974
	0.038854	-0.509236	0.011669	-0.053993	0.578433	-0.351298	-0.641982	-0.054486	0.262415	0.019988	-0.800716	-0.251699	-0.256316	-0.004367	0.964639	-0.317506	-0.383772	0.837658	1.162827
	0.141680	0.011109	0.470553	1.675785	-0.730028	-0.842593	-0.822001	0.148232	0.497601	0.337829	0.463636	0.190524	-0.213825	-0.018837	-0.410390	-0.369379	-0.228648	-0.478445	0.389925
	0.530206	0.382045	-0.357257	0.451836	-0.151939	0.387863	0.384819	0.841346	0.124470	0.710917	-0.156722	-0.370828	0.397764	0.267756	0.052026	0.999688	1.134738	1.116638	0.439661
	0.904910	-0.540929	0.017815	0.338022	0.053457	0.093254	1.036092	1.576318	0.881552	1.573202	0.842243	-0.165295	-0.259593	1.512473	1.111193	1.041960	0.291649	1.483305	0.371742
	1.231714	0.369425	-0.831211	0.270207	-0.632823	0.004585	1.534222	1.280059	1.169311	1.528774	0.892822	-1.262391	-2.086807	1.583019	-0.083824	0.811782	0.790940	1.228258	0.425812
	1.895716	0.646912	0.948151	2.059415	0.307927	0.316565	0.585003	1.175388	0.468869	0.534211	0.425678	-0.043156	-1.775617	1.151888	1.042528	0.911814	1.312032	0.689776	0.861469
	0.130383	-0.033448	-0.047036	1.465012	0.284444	-0.038275	0.664641	-0.143343	0.161503	0.235967	0.336920	-0.088115	-0.324913	1.323839	0.593374	1.710644	-0.409472	1.192006	0.139649
	0.310146	-0.177370	0.233609	0.596190	0.744667	0.356439	0.485466	-0.845023	0.267595	0.964152	1.105431	0.910794	-0.206760	0.653868	-0.972257	0.555054	-0.162827	1.128296	0.592685
	1.408312	0.804392	-0.685053	0.454119	-0.126670	0.550279	-0.464892	-0.057957	-0.111334	1.689891	1.077857	0.017928	0.114242	0.010560	-0.173280	-0.753780	-0.069175	0.620927	0.407466
	0.489426	1.348774	0.045399	0.557688	0.106877	-0.176731	0.592199	-0.545527	0.024616	1.264598	-0.084717	0.537721	0.416848	0.767219	-0.356531	0.464365	-0.831172	1.191477	0.496913
	0.038739	1.131179	0.032560	0.624793	0.927097	-0.332038	1.071517	-0.027621	0.215801	1.180545	0.162059	1.839972	0.441011	-0.943370	0.618438	0.304191	-0.406634	0.056249	-0.606975
	-0.071223	0.921430	0.896374	0.504793	0.512918	0.289785	-1.705245	-0.584897	-0.935968	-0.413605	0.239617	0.844442	1.266884	0.290440	-0.579675	1.122688	1.344960	-0.417517	-0.406869
	1.294525	0.774468	1.034654	0.587950	0.352025	0.031806	0.253319	-0.056243	0.908937	0.189542	0.856765	0.382070	0.416089	-0.335671	-0.512205	-0.092983	-0.027943	-0.351406	-0.921289
	1.126674	0.968644	0.167231	1.535753	0.061443	0.993663	1.083875	0.520984	0.153641	0.377721	2.396729	-0.589380	0.813905	0.937453	0.006542	0.424632	0.526187	-0.557336	-0.863901
	-0.300648	1.317173	0.127727	0.103594	-0.212557	1.114400	1.116927	-0.111597	0.131533	-0.379729	0.341727	0.300341	-0.399012	1.048261	0.757672	1.499761	0.763181	-0.483710	-0.046988
	0.179757	1.089192	1.265883	1.116260	-0.238867	0.339695	0.116868	0.438601	-0.384135	-1.192877	0.170497	-0.242241	0.253841	0.233034	0.695993	0.325677	0.629256	-0.524710	-0.161860
	1.641061	0.815788	0.327355	1.123939	0.996997	0.969626	0.209270	-0.241833	0.869525	-0.363745	-1.318905	0.329402	-0.416613	-0.009188	-0.630259	-0.540516	0.472810	-1.276904	-0.118008
	0.115128	1.260525	0.237203	0.754602	-0.086956	-0.231339	-2.133904	-0.047289	-1.166090	-2.660433	1.007054	-0.560708	-0.213059	-1.855370	-1.078938	-2.265355	-2.025812	-1.523933	-1.287351
	-0.378092	2.623296	0.764162	1.120653	0.679809	0.896038	-1.200882	-1.061775	-1.313587	-1.877918	-0.509456	0.534705	-1.555661	-0.170190	-0.266258	-1.469160	-2.551391	-1.501660	-2.076728
	1.320216	1.113032	0.934952	0.992025	0.944177	0.121660	-1.607254	0.412555	0.143073	-1.544572	-1.072656	-0.981263	-0.670209	0.922285	0.342237	-0.117704	-0.064713	-0.508360	-0.349548
	2.259622	2.002871	0.439018	1.980580	0.287156	0.196857	1.393011	1.456477	1.805796	0.284754	1.002072	0.463657	0.195078	1.438998	1.581983	0.505547	0.434999	0.113963	-0.198134
	0.414116	0.475687	0.012000	0.485600	0.180666	-0.059841	-0.194578	1.041465	0.771869	0.485254	-0.014731	-0.578496	-1.172335	0.778749	1.723924	0.775943	1.708506	0.500224	-0.140565
	1.408650	0.247007	-0.481975	-0.025274	-0.155067	0.368027	1.208007	0.971948	0.486500	0.311805	1.577331	-0.784322	0.159693	0.019528	-0.629432	0.646280	0.595741	0.131944	0.592939
	-0.087911	-1.327739	0.815862	0.049306	-0.261768	0.157791	1.159086	0.584196	0.273250	-0.228613	0.740411	0.608093	0.522138	-0.458169	0.389444	2.014047	0.245949	-0.220137	0.229942
	0.800183	0.152432	1.428661	1.149518	0.293768	-0.617342	0.115394	-0.288489	0.213673	0.328184	0.177692	-0.695269	0.518885	-0.489096	-1.138033	-0.189943	0.089610	0.681708	-0.117829
	0.148278	-0.666546	0.414895	-0.592744	0.031933	-0.396390	-0.854620	-0.593662	0.095123	-0.609665	0.366056	-0.261889	-0.044319	-1.632530	-0.295065	0.137326	-0.771916	-0.555998	-0.832863
	0.885495	-0.380456	1.898775	0.938873	-0.351049	0.250946	1.288085	-0.162177	-0.081761	-0.594953	0.311971	1.179932	1.119078	-0.849426	-1.016470	-0.734305	-0.136783	-0.433396	-1.004650
	-0.547839	0.814731	-0.149604	0.842988	0.281481	-0.405702	-0.473741	-0.676281	-1.150719	-1.441963	-0.621096	-0.359847	0.126056	0.792350	-0.266635	-0.973105	-0.452611	-0.917956	0.208509
	0.309166	0.111727	-0.259752	-0.184082	-0.093855	0.254331	-0.777093	-0.332869	0.070678	-0.023560	-1.534734	0.437200	0.952957	-0.325137	0.073616	-0.195838	-0.596218	-0.044780	0.122652
	-1.831479	-0.417460	0.069285	-0.905973	-0.508799	-0.298143	-0.606531	-0.822730	-0.402972	-0.630124	0.073914	1.953358	0.689499	-0.690925	0.021246	-0.633275	0.012481	-0.421036	-0.340693
	-0.305219	-1.939771	-0.336425	-0.429163	-0.955004	-0.259518	-0.498448	-0.068575	-0.724319	-0.156688	-0.113685	-0.319888	-0.085930	-0.937271	0.487819	0.929727	0.279052	0.386178	0.177613
	-0.295335	-0.535073	-1.242725	-2.000336	0.055853	-0.747797	1.083273	-0.417307	-0.123388	1.393872	1.159050	0.673919	1.541388	-0.437228	-0.368798	0.030480	-0.926945	0.414495	0.636795
	0.082753	-0.111620	-0.392940	-1.192573	-0.098816	0.286704	-0.291770	-0.443687	0.016479	0.197248	-0.405313	1.561126	1.746272	0.303749	-0.795594	-0.599783	-0.777039	-0.121253	0.375712
	-1.761064	-0.917066	-0.909913	-1.521041	0.390477	0.269330	0.321492	0.059175	-0.898105	-0.586407	-1.407638	1.313186	2.138150	-0.973160	-0.844297	-0.354412	-1.456863	-0.306500	-0.275925
	-1.394753	-0.461070	-1.720573	-2.650244	0.009007	-0.234419	-0.776190	-0.965732	-0.520191	-1.206716	-0.392242	-0.206184	0.193156	-0.507502	-0.388614	-0.795886	-0.567187	-0.580855	-0.418710
	-0.471345	0.238316	-0.554078	-1.344443	-0.266388	0.843728	0.103262	-0.854487	-0.457411	0.054922	-0.053999	0.899051	0.802637	0.048802	-1.240864	-1.059798	-0.642825	0.138460	-0.112517
	0.848494	-0.270698	-0.330173	-1.172791	-0.345705	-0.315380	0.187622	0.628964	0.784330	1.550123	1.390367	0.417995	-0.164395	0.013742	0.112732	0.969890	0.858139	0.943883	0.622622
	-1.620628	-1.140667	-0.384409	-1.508004	-0.177787	0.128705	0.142726	-0.017552	-0.057062	0.268286	-0.420003	-0.102508	-0.866020	0.001961	0.570290	-0.538160	-0.791609	-0.255726	-0.196506
	-0.694415	-1.524021	-0.687930	-1.344424	0.220420	-0.637825	-0.091041	0.073337	0.337346	0.725570	-0.486368	-0.388342	-0.606962	-0.097941	-0.359209	0.344291	0.131511	0.812434	1.152372
	-0.259540	-0.047152	-0.640457	-0.442961	-1.260137	-0.694881	1.163706	-0.019078	0.444004	1.367718	2.241660	0.413051	0.410778	0.785373	0.281816	0.271062	0.176249	-0.059615	0.311132
	2.021495	-0.146351	-0.281007	-1.130818	0.479371	0.732342	-0.043496	0.576663	0.621535	2.151264	0.140854	-0.219943	-0.539892	-0.510696	-0.321381	0.236363	1.217377	1.427019	0.750105
	-0.123143	-0.364583	0.346757	0.785681	-0.075371	-0.380918	-0.339745	-0.163384	-0.142532	0.887830	-0.682942	-0.634169	-0.389079	-0.003124	0.018036	-0.828375	0.703830	0.590728	0.748733
	-1.560352	-1.555479	-0.661952	-0.626779	0.409681	-0.593101	-0.081133	-0.016385	0.811570	1.001834	-0.553139	-0.725689	-1.708972	-0.402988	-0.247194	0.876795	1.015616	1.739003	0.992176
	0.337626	-0.155759	0.410431	0.606687	-0.768906	0.525308	0.164176	0.271041	-0.036749	0.084891	-0.182018	-0.640383	-0.429434	0.830070	-0.211636	1.193836	0.746264	-0.652844	0.349627
	0.303362	0.044369	0.940081	1.214013	-0.434965	-1.116414	-0.963907	-0.801965	-0.287058	-0.654869	-0.116745	-1.231388	-1.000991	-0.151976	-0.313409	0.067030	1.031397	-0.442409	-0.230239
	-1.762005	-1.072955	0.212427	0.822018	0.237224	-0.468245	-0.604636	-0.082808	-1.085566	-0.841157	-2.209702	-0.000852	-0.754618	0.303387	0.549791	0.132127	0.943609	-0.418326	0.011313
	-1.663124	-1.173983	-0.431974	-0.451180	-0.162142	-0.210927	-1.053270	-0.012326	-0.091077	-0.478894	-1.128692	-0.585396	-0.017410	-0.915978	0.886822	0.620589	1.327715	-0.589411	-0.516904
	0.029364	0.257495	-0.704339	-0.501948	-0.690814	-0.377911	0.499225	0.820854	0.219239	0.447006	-0.420757	-0.432268	-0.189920	0.318615	1.056420	0.429899	0.109134	1.286389	0.732461
	-0.282931	-1.458035	-1.194111	-0.755486	0.166445	-0.354985	-0.110685	0.329386	-0.506806	1.167446	-0.177729	-1.733492	0.271725	-0.079328	-0.151818	0.630466	0.700018	-0.105908	0.711094
	0.862996	-0.363349	-0.750290	-1.313942	0.562170	-0.689483	1.691185	-0.193284	0.769535	-0.508271	0.784269	-0.423034	-0.179307	-0.628684	0.490489	0.044490	-0.540034	1.505299	0.939820
	0.329578	0.354808	0.037518	-0.354503	0.440766	0.042340	-0.300349	0.247394	-0.058784	0.943652	0.293191	0.206655	0.061068	-0.364374	0.186231	-0.699889	-0.835005	0.849600	0.655714
	-0.037566	-0.356514	-0.760282	-0.528716	0.576754	0.434436	0.023877	-0.314534	-0.791056	0.722662	-0.396938	-0.186539	0.143252	-0.544249	-0.577775	-1.879644	-1.259815	-0.421463	-0.569971
	0.598151	-0.756099	-1.208978	-1.991272	0.254503	-0.867264	0.363823	-0.647171	-0.488974	0.300852	0.667796	1.689952	1.057794	-0.737949	-0.678502	-0.868376	-0.622514	0.303366	-0.388476
	0.157286	-0.672879	0.415021	-0.350978	0.901351	0.190681	0.476262	-0.615576	-0.325689	0.480065	-0.599442	0.693070	0.940870	-0.613133	-0.653106	0.064782	-0.111668	-0.558146	0.065362
	-1.218825	-1.055382	-0.124894	-0.809556	-0.096610	-0.054860	-0.412209	0.051089	0.033697	-0.431984	0.777614	0.841345	0.946823	-0.115725	-1.194902	0.512623	1.317994	-0.264347	-0.015809
	-1.875188	-1.083083	-0.262289	-1.334332	-0.329008	0.498188	-1.541262	-1.200238	-0.556475	-1.412328	0.382631	0.776559	1.546404	-0.882606	-2.077704	-0.789746	-1.103470	-1.394557	-0.607635
	-2.026177	-0.684165	-0.008488	-0.179296	-0.673313	1.051280	-1.515811	-0.632539	-0.154263	-2.217264	-0.784257	0.474752	0.577652	-0.016703	0.034618	-0.998142	-1.762097	-0.554694	-1.031581
	-1.414412	-1.210037	-0.192897	-0.556372	0.091049	0.095913	-0.809896	0.238406	-0.008983	-0.909597	0.007361	0.162478	0.397114	0.300137	0.563141	-0.086113	-0.277812	0.017512	-0.865954
	-0.229211	-1.428172	0.959740	-0.503653	-0.170553	0.325562	-2.683778	0.446037	-0.205180	-0.706909	0.165421	0.999462	1.307116	0.622299	0.841269	0.601413	0.153151	0.618276	0.091386
	0.371270	1.791494	0.554279	-0.110720	0.206016	0.260028	-0.243109	-0.311012	0.016273	-0.267291	0.646659	1.008367	1.672098	0.460800	0.073931	0.107485	-0.783387	0.625774	0.363598
	0.063393	1.951454	-0.409757	-0.433582	-0.671011	-0.184389	-1.044935	-0.138282	-0.011969	0.471137	1.015636	0.918429	-0.821381	-0.393227	-0.248217	-0.654374	-0.017628	-0.538245	0.102765
	-1.525611	-0.503283	-0.009339	0.284431	-0.654291	0.062404	-1.535709	0.261670	0.030195	-1.646704	0.568528	0.128117	-0.867715	-0.310344	0.531229	-0.712260	-0.334878	0.001200	-0.755658
	-0.598609	-0.639498	1.092905	0.821001	-0.599797	0.339053	0.135300	0.591381	0.440121	-0.230148	0.807955	-0.666470	-0.860523	0.210099	0.096933	-0.299174	0.741849	0.021045	-0.245677
	-0.233387	1.455441	0.525525	-0.082018	-0.097374	-0.554950	1.222743	0.226132	0.090447	0.332027	0.836398	0.877783	0.655257	0.076098	-0.080808	0.188436	0.234794	-0.005120	-0.166480
	1.813570	1.549494	-1.038052	-0.257313	-0.034102	-0.145652	-0.085159	0.549160	1.052936	-0.493413	0.098744	0.426255	0.099229	0.743099	-0.670793	0.496920	0.798371	-0.083836	0.266108
	1.941557	1.531966	0.332161	0.861294	0.771693	0.778790	-0.623910	0.041108	-0.401306	-0.199792	-0.421509	-0.046909	0.817799	0.351022	0.284998	-0.700080	-0.226104	-0.015288	0.042084
	2.247481	0.546690	-0.374421	-0.597147	0.333663	0.463738	0.777207	-0.459899	0.006992	0.240279	0.185737	-2.134124	-0.112970	-0.383812	0.118255	1.033843	1.220679	0.162567	-0.122394
	0.474104	0.351330	-0.619863	-0.682050	-0.379782	0.362265	1.494464	-0.601893	-0.736051	-1.202309	-1.177264	-2.452678	-1.124162	0.147987	1.014583	0.835171	-0.136802	-0.364705	0.247031
	0.000023	0.339851	0.877752	-0.078537	0.017702	-0.903791	0.442117	0.012687	0.157771	0.938455	-0.798121	-1.841362	-1.535080	-0.220238	0.900657	0.058967	0.495189	-0.481904	0.068950
	0.008618	-1.068783	0.387602	1.042147	-0.664690	0.536169	0.989962	0.163187	0.275310	0.705705	0.630839	-0.256721	-1.681800	0.350371	0.158505	1.144702	-0.254442	-0.046163	0.368846
	-1.061460	-1.227985	0.914484	1.287230	-0.954323	-0.832424	0.319178	0.858678	-0.338523	-1.186562	-0.517167	-0.321657	-0.814777	0.317265	0.014233	-0.269045	0.608479	-0.928379	-0.406117
	-1.050464	-0.408671	0.496405	0.756891	0.862585	-1.308080	0.006374	0.115048	0.265486	0.198146	0.377267	-0.553378	-0.553910	-0.571415	-0.010480	-0.380648	-0.983189	-1.387816	-0.368109
	-0.496439	0.212722	0.241702	-0.835696	0.407584	-0.069782	-0.790244	0.480924	0.041659	-0.984256	0.197373	-0.618311	-0.974419	-0.727349	0.314868	-0.664307	0.859760	-1.181762	-0.525719
	1.552280	0.210446	0.027272	-0.184016	0.344739	0.220277	-0.364000	-0.402746	0.410675	-0.651341	1.009907	0.358834	0.976496	-0.137668	-0.611619	-0.383816	-0.049676	0.818768	-0.205533
	-0.326926	0.218894	0.004539	0.454609	-0.010418	-0.173649	-0.796785	-0.183349	-0.048717	0.063138	-0.709887	0.200405	0.106450	-0.690412	-0.559981	-0.055505	0.650427	0.547483	-0.318903
	1.289248	-0.492844	-0.139394	-0.251643	-0.560225	-0.566996	1.351551	0.039636	-0.353280	0.311545	-1.072717	-1.164711	-1.033635	-0.892387	-0.621085	-0.380020	-0.093895	-1.306974	0.385432
	0.086948	0.362423	-0.558719	-0.479139	-0.012916	-0.134844	0.322266	0.554732	0.379097	0.482575	0.232979	-0.981428	0.161117	0.178515	-0.024727	0.604464	0.507249	-0.043784	0.994474
	0.546332	0.252732	-0.476694	-0.502362	0.053582	-0.775395	0.143076	-0.009908	-0.191739	0.254506	0.760429	-0.473084	-0.195189	0.226816	-0.732571	-0.341707	-0.413204	0.147865	0.750052
	-1.097374	-0.225787	0.162764	0.740583	-0.615799	-0.128773	0.120677	-0.445038	-0.152626	-0.248544	-0.803613	0.362393	-0.430820	0.449499	0.417561	0.517370	-0.046137	-0.017976	0.232952
	0.299253	-0.532098	0.658456	0.795999	-0.231034	0.539946	0.015074	0.336460	-0.407898	-0.702099	-0.183361	-0.013080	0.789236	1.091770	0.311585	-0.849180	-0.171066	0.569264	0.150210
	-2.177474	-0.754671	0.280722	1.196353	-0.988557	-0.140258	-0.870649	-0.969033	-0.390126	-1.676731	-1.233142	-0.202914	-0.881801	0.096796	-0.672482	-1.464011	-1.581534	-0.556036	-0.603376
	-1.045106	-0.094270	0.839790	-0.165238	-0.493267	-0.860132	-0.101781	-1.016268	0.133775	-1.286800	-0.653371	0.341367	0.826428	-0.211252	-0.690474	-0.324375	-1.779046	-0.047590	-0.249682
	1.220739	0.754667	0.104482	0.306845	0.415580	-0.194556	0.507523	-0.496511	-0.815224	-1.054049	-1.004066	0.740778	-0.483862	0.263665	-0.138075	-1.568483	-0.557255	-0.581363	-0.642402
	0.558462	0.697426	0.790072	0.878910	0.260683	0.507459	1.090175	-0.305203	0.187646	0.816516	0.412810	-0.155439	1.746546	0.014220	1.140903	0.037583	-0.219956	-0.046883	0.390591
	0.965023	0.116092	0.460952	1.035892	-0.414313	-0.188673	0.848157	0.731048	0.321029	0.292267	0.204822	-0.077613	-0.303981	0.068288	0.906201	0.442984	0.062060	-0.126001	0.457063
	0.002000	-0.797394	0.487098	0.706027	-0.163918	-0.220398	-0.250862	0.067072	0.113122	-0.458185	-0.124235	1.035565	0.047187	0.833739	0.470614	0.730412	0.387679	0.466464	0.125016
	-0.851069	-0.379382	0.179578	-0.517312	0.059340	-0.718433	-0.364174	0.679200	-0.352776	0.372202	0.701935	0.456783	-0.055736	0.121023	0.773232	-0.712733	-1.161910	-0.092631	0.116429
	0.401997	-0.441023	0.099948	-0.506299	0.236011	0.861834	1.140847	0.511550	0.654968	3.036562	2.187042	1.006655	1.703305	0.162840	0.056769	0.697799	0.905551	0.824090	0.066977
	0.690986	0.276827	0.172922	0.419207	0.785195	0.751466	0.195307	0.541593	0.402419	1.563816	0.897988	1.058018	0.734230	0.224412	-0.085442	-0.158299	-0.287639	0.531880	0.210968
	0.477823	0.088159	0.279359	0.080257	0.362823	0.689592	1.146862	0.427937	-0.054280	2.174568	0.164615	0.488565	1.489259	0.529834	0.113986	0.082217	-0.525285	0.439272	-0.585958
	1.053344	1.507362	-0.717795	-0.583704	-0.616197	-0.198893	1.057113	-0.271990	-0.121691	2.752430	1.295969	1.117145	-0.177239	0.009931	-0.108320	1.208854	0.471674	0.507993	0.573459
	0.889654	1.854812	-0.519606	-0.928297	0.630404	-1.023492	0.631619	0.029140	0.137526	0.933804	0.988805	1.329913	1.098955	0.150031	0.455796	0.787922	-1.665467	1.240362	-0.107541
	0.654441	0.661996	0.088439	0.723948	-0.149362	-0.737892	0.656263	0.371281	0.449502	0.249146	1.285673	1.932871	0.395579	-0.752625	-0.795070	0.730739	1.460158	0.224609	0.583082
	0.786104	1.525338	0.023431	0.367132	0.225778	0.371338	1.124527	-0.265593	0.551562	-0.206122	0.203569	1.890014	-0.285096	-0.654462	-0.333611	0.076005	-0.252876	-0.637214	-0.010852
	1.808901	1.101195	-0.310773	-0.307911	1.015862	0.510370	1.036488	-0.430474	0.230548	1.208670	0.174787	1.132675	-0.072001	-0.090265	-0.294827	0.426983	0.478350	0.322665	-0.064795
	-0.516257	0.255813	-0.533669	0.040027	-0.245988	-0.189767	0.653473	0.330903	0.678461	2.230937	0.895293	-0.045819	-1.795701	1.163115	0.162762	1.235029	-0.644007	0.154370	-0.263132
	-0.161059	-0.188279	0.278209	0.639658	0.300039	0.387943	1.280829	-0.145086	-0.136458	1.377526	0.414360	0.285508	-0.666867	0.029060	0.912329	-0.154158	0.670780	-0.081816	0.416950
	-0.766353	0.138343	-0.554505	0.032502	-0.000489	-0.053971	0.057925	-0.277529	0.402288	-0.342088	0.283228	0.892258	-1.457569	-0.025355	-0.020775	-0.449887	-1.735163	-0.189172	0.476036
	-1.011091	-0.863815	-0.641876	0.351662	0.582290	0.491389	0.121883	0.375187	-0.266419	-0.613986	-0.550047	-0.517111	-1.580876	-0.258250	-0.589275	0.001293	-0.722461	0.042119	-0.291914
	0.568222	0.831199	0.250292	0.181125	-0.267782	1.101725	-0.035354	-0.241355	0.413143	-0.198795	-0.133855	-0.383920	-0.675157	-0.335077	0.005754	0.157390	1.091186	-0.401408	0.711947
	-0.183555	0.421128	-0.274779	0.251126	-0.803613	0.238097	0.145806	-0.378713	-0.359431	0.361143	-1.029882	-1.048049	-0.517097	0.500794	-1.130524	0.271273	-0.950537	0.036408	-0.544562
	-0.670476	-0.085164	-0.638759	0.556905	-0.611427	0.148292	-0.626674	0.427281	-0.217902	0.123459	-1.712550	-2.386541	-1.602849	0.265978	0.520381	-0.550989	0.472526	0.055030	-0.286816
	-0.531034	-0.316357	-0.592735	-0.093728	-0.168940	0.335342	0.318956	0.771774	0.010825	-0.027436	-1.686572	-0.950660	0.100294	0.610818	0.257645	-0.088793	-0.248101	0.583204	-0.148422
	0.685436	0.767155	-0.562742	-1.118837	0.539006	0.136354	-0.317263	0.440361	0.152671	0.290010	-1.768728	0.035825	0.671982	0.079389	0.788672	0.449617	1.871486	1.421664	0.611149
	0.328842	-1.080245	-0.393367	1.512466	-0.565106	-0.024258	-0.435072	0.636949	0.569693	-1.763011	-2.084890	-0.458913	0.060599	0.630328	-0.091375	0.100389	0.915239	0.368939	0.259304
	-0.730911	-0.854470	-0.639863	-0.312485	0.057294	0.249657	-1.512118	-0.705016	-0.310297	-0.833058	-0.940627	-0.658612	1.257683	-0.667987	0.153153	-0.402195	-0.530762	-0.051086	0.178804
	-0.722369	-0.076974	-0.442921	-0.462634	0.587125	0.288395	0.318233	-0.369738	-0.250958	-0.704799	-1.376181	-1.413778	-2.144606	-0.162731	-0.634188	-0.082024	-0.635298	-0.467268	-0.222348
	-0.700220	0.110847	-0.436475	1.143184	1.013213	0.075172	-0.012219	0.840739	0.752123	-0.502824	-1.184125	-0.670569	0.245343	0.292198	0.313651	-0.729454	1.237098	0.261255	0.047250
	-0.812288	0.483821	0.083516	-0.002635	1.124696	0.089679	-0.548436	0.675516	0.723433	-0.316728	-1.277230	-1.516255	-1.406743	0.126290	0.763367	-0.078043	-0.073823	0.564110	0.175650
	-0.097914	0.280439	0.069495	0.914998	-1.061086	0.170993	-0.662691	-0.382135	0.047928	-0.761122	-0.934781	-0.571946	-1.007541	0.393507	-0.373175	-0.552050	0.267969	-0.323187	-0.399019
	-0.304250	0.364824	0.528468	1.835497	0.624158	0.383729	-0.683657	0.621268	-0.254600	-0.373999	-1.006670	-1.633619	-0.592896	0.576137	0.550683	0.175162	0.797485	0.103994	0.298675
	-0.658568	0.721287	0.292568	0.925337	-0.324559	0.277788	-0.599054	0.195783	0.317080	-0.199473	-0.670009	-0.694712	0.752890	0.047084	0.725493	-0.253006	0.312686	0.195715	0.359294
	-1.805640	0.489935	0.163554	-0.231562	-0.364750	0.011751	-1.713493	0.256120	0.060624	-1.030786	-0.598429	-1.381130	0.480251	0.320732	0.921244	-0.123147	0.445063	-0.011627	-0.452389
	-0.832002	-1.264771	0.096261	0.071978	0.586921	0.064876	-0.375391	-0.133319	0.112446	-0.788178	-0.151386	-0.021810	0.300952	0.123931	0.893289	0.169397	1.396346	0.205489	-0.577832
	0.671341	0.057413	-0.769042	1.779419	0.068921	-0.106663	-0.022328	0.567809	0.093165	-0.397413	-1.257900	-0.848749	-0.699752	-0.014603	0.488394	0.753254	0.607357	0.433322	0.385801
	-0.038730	-0.083286	-0.275548	0.368484	0.543496	-0.133940	0.251184	0.634337	0.742053	1.666454	-0.966618	0.932709	-0.050636	0.161108	0.451571	0.475244	0.318543	0.668354	0.447880
	0.500033	-1.317128	-0.491716	-1.057088	-0.483828	-0.642900	1.471244	0.239236	0.567423	0.858160	0.637627	0.505340	-0.452850	0.750967	-0.617189	0.492547	0.141943	0.408595	0.299976
	0.833128	-0.166746	-1.014585	-0.815880	0.456005	0.248602	0.281609	0.327766	0.141410	0.917071	-0.718786	0.439287	0.163969	0.479209	-0.164455	0.599457	0.880146	0.048544	0.337076
	-1.553371	-1.017038	0.215929	2.340498	0.453812	-1.423493	0.043515	-0.707198	-0.575046	-0.819564	-0.574944	-0.068377	-0.465691	0.286270	0.021481	-1.074750	-0.298748	-0.578978	-0.593993
	0.032129	0.200370	-0.749107	0.413517	0.424599	0.462828	-0.028243	0.443009	0.139362	0.388604	-0.869382	-1.232696	-1.501987	-0.053631	0.177383	0.280951	0.092155	-0.331234	-0.516392
	1.265910	-1.041893	-0.316355	-0.763337	0.073858	0.527238	0.086104	0.304319	-0.254141	1.385833	0.433848	-0.533604	-0.317762	-0.423832	0.006253	1.075951	1.403629	-0.117429	0.027810
	-0.535154	-1.056256	-0.111540	-0.462604	0.294775	0.127377	0.366528	-0.235980	-0.076532	0.563322	-0.459889	-1.026310	-0.932344	0.149116	-0.526571	0.842134	0.688141	0.420089	0.205151
	0.573816	0.093526	-0.556328	0.415989	-0.536914	-0.047428	-0.315124	-0.584894	-0.101687	0.112103	-0.594492	-0.669715	-1.206668	0.291198	0.520388	-1.065420	0.818108	0.401067	-0.046807
	0.642934	-0.246360	0.494741	0.766035	0.487542	-0.068832	0.883973	0.496783	0.120114	0.076503	-0.340030	0.814142	0.049628	0.278088	0.113755	0.889227	0.871842	0.874213	0.873718
	-1.298193	-0.275932	-0.098311	0.417806	0.013923	-0.379796	0.454089	0.114769	0.898471	1.453738	0.081721	-0.116068	1.097991	0.045102	0.058575	-0.391473	0.017221	0.505798	-0.001839
	1.385956	0.798123	0.296626	0.512695	-0.388440	0.016536	-1.526014	0.130292	0.255237	0.095383	1.337686	1.522514	0.216872	0.818561	0.001669	-0.070414	-0.547755	-0.004288	0.365608
	0.204401	1.632196	0.467051	0.246556	-0.094100	0.348672	-0.564264	0.255001	-0.027263	-0.054370	1.196131	-0.618716	-0.239167	-0.567654	1.204906	0.073012	0.674820	0.015823	0.296956
	-0.181095	1.871696	-0.228195	-0.407854	-0.071676	0.835416	0.184857	-0.358126	-0.577809	-1.148660	0.425797	1.204227	0.226278	-0.411432	0.048986	-0.899870	-0.403409	-0.013495	-0.315623
	0.069975	0.508069	0.083130	-0.385935	0.617423	1.282428	-0.666658	-0.177570	-0.992454	-1.450085	-0.998194	-1.442567	-0.355576	-0.030608	1.147604	-1.037960	-1.532751	-0.901231	-0.297620
	-0.726952	-0.035664	0.282460	0.332813	0.623931	0.799739	0.103992	-0.104348	-0.191321	-1.570848	-0.141420	-0.106667	-0.653007	-0.409248	1.150325	0.576309	-0.847287	-0.587600	-1.013234
	-0.195716	-0.705172	0.025306	-0.341876	-0.547301	0.253604	-0.590682	-0.286199	-0.155342	-0.414299	0.415548	-0.347765	-0.048520	-0.396271	0.129843	-0.915888	-0.409460	-1.097502	-0.702362
	0.161084	0.124321	-0.538767	-1.125921	-1.117738	0.355803	-0.933951	0.518858	0.262428	0.941049	0.195710	0.772514	0.487178	-0.465371	-0.320485	0.329585	-0.682217	-0.129605	0.770443
	0.114500	0.799884	-0.169686	-1.016520	-0.486709	-0.293535	-1.216192	-0.590784	-0.767335	-0.857792	0.305649	0.879082	0.692895	0.210282	0.753875	-0.879320	-0.583271	-0.757471	-0.294785
	0.759647	0.810980	0.273683	-0.507064	-0.655543	0.085750	-1.679982	0.222504	-0.499075	-1.165030	0.254149	0.402287	0.549431	0.243321	-0.623287	-0.667923	-0.061988	-1.381377	-0.968035
	-0.211216	1.211810	0.154388	0.005897	-0.133894	0.362971	0.349505	0.104394	-0.428472	-2.214649	0.882803	-0.604110	-0.230804	0.921451	-0.169041	-0.406332	0.131065	-1.378671	-1.347147
	-1.188129	0.050132	1.087489	-0.868766	-0.661969	0.082865	-0.232328	-0.319554	-1.113193	-2.762472	0.084481	-1.175676	-0.895427	0.420288	0.749728	-0.585947	-0.381980	-0.492097	-1.084953
	-0.554195	-1.160665	-0.222375	-0.802034	-0.363732	-0.910617	-0.241693	-0.380559	-0.760785	-0.081742	1.063782	-1.071962	-0.575793	0.902732	-0.712957	-0.133679	-0.529491	-0.644362	-0.975877
	-0.045144	-1.829859	0.493980	-0.132000	0.193158	0.471739	1.397329	0.146768	-0.267961	-1.861260	1.095871	-0.197998	-0.371781	-0.312995	-0.402684	0.071215	-0.795741	-1.001268	-0.006720
	0.357475	-0.103689	1.568154	0.484747	0.552777	-0.075850	0.909906	-0.377525	0.051018	-1.767502	0.705905	-0.179254	-0.710452	-1.041040	-0.946124	-0.628061	-0.401505	-1.952034	-1.174368
	-0.058030	0.646255	1.816098	0.341129	-0.176008	0.237450	0.973293	-0.226558	-0.186102	-1.650837	1.005895	0.122356	1.187512	0.286910	-0.784082	-0.340357	-0.854221	-1.483494	-0.748000
	-0.211359	0.792825	1.071326	0.016237	-0.324854	-0.260212	0.506789	-0.289662	-0.603999	-0.488746	0.463591	-0.737375	1.223586	0.776902	-0.327248	-0.921179	-0.832349	-1.076611	-0.272693
	-0.506347	-0.085026	-0.057028	-1.326429	-0.227234	0.058070	-0.564970	-0.020245	0.188472	0.700391	0.948803	0.359292	-0.124566	0.623819	-0.375945	1.263364	0.022516	-0.600277	-0.108386
	-0.543615	0.637127	0.057413	-0.106933	-0.333910	-0.565710	0.082538	-0.158291	-0.480567	0.397862	1.116877	0.428345	0.027017	-0.729786	0.554228	-0.070739	1.081385	0.081450	0.121616
	-0.372134	0.022391	0.962869	-0.237006	0.476355	-0.649883	-0.264343	-0.650617	-0.410055	0.051946	0.245460	-0.624756	0.062620	-1.121307	-1.220897	0.091678	-0.632062	-0.448968	-0.027049
	-0.788961	-0.150788	0.637024	0.093103	-0.127801	-0.845558	-1.028800	-0.053301	-0.536570	-0.490120	0.695828	0.557249	1.261516	-1.013152	-0.765851	-0.648803	-0.447478	-0.773029	-0.429167
	-0.074691	-0.971333	0.705171	-1.219212	-0.714594	-0.814598	-0.648071	-0.704206	-0.927901	-0.528128	0.754948	0.792092	1.149560	0.048300	-0.018586	0.141587	0.396975	-1.160421	-0.485387
	-1.393577	-1.958970	-0.030645	-1.777005	-0.926357	-1.526414	-1.927595	-0.237595	-0.887718	0.624546	0.818136	1.348016	0.700402	-0.761154	-0.261226	0.217163	0.715865	-0.794025	0.029686
	-0.459399	-0.670672	0.055667	-0.058231	-0.923098	-1.304690	-0.091871	-0.582303	-0.922926	-0.512980	0.728170	0.286150	1.403654	-0.530350	-0.115908	-0.973937	0.166507	-0.076298	-0.351239
	-0.727094	-1.266688	-0.031771	-0.211181	-0.843071	-0.343831	-0.705010	-0.472482	0.241487	-0.463726	0.440447	0.124161	0.164782	-0.498020	-0.297563	0.289778	0.808942	-0.274057	-0.600904
	-0.613090	-1.105253	-1.253933	-0.397196	0.557690	-0.600092	-0.467374	-1.079656	-0.453998	-0.996795	0.532724	1.404797	0.578099	0.006375	-1.002978	-1.054901	-0.513201	-0.403423	-0.266002
	-0.659818	-0.091399	-1.059848	-0.610659	0.707613	-1.154570	0.123778	-0.686207	-1.317756	-0.355199	-1.778589	1.031076	1.088117	-0.390892	-0.176109	-0.518162	-0.846474	-0.283853	0.116559
	0.050468	0.002930	0.391346	0.573352	1.462780	-0.397696	0.157906	-0.293914	-0.254690	-0.985202	-1.242315	0.407146	1.146885	0.221685	0.599758	-1.969456	-1.252981	0.535470	-0.602883
	0.419049	0.971153	0.219771	1.464434	0.448663	0.115276	-0.637095	-0.319957	0.370407	-0.360837	-1.416002	0.690570	0.293504	0.595518	0.456014	-1.052090	-1.373074	-0.152658	-0.458664
	-0.444770	0.267248	-0.327116	0.551294	0.026871	0.202388	0.020997	0.151320	-0.219481	-0.362881	-0.686071	-0.104557	0.729931	-0.344407	-0.227222	-0.648497	-1.318196	0.158378	-0.606792
	-0.213576	-0.989877	-0.491131	1.086848	-0.245380	0.240913	-0.864021	-0.356416	-0.532365	0.273888	0.458331	-0.842402	0.809190	-0.834976	-0.316256	-0.039172	-1.317622	-0.510372	0.260630
	-0.611360	-0.666116	0.940566	0.957088	0.038304	0.514049	1.490907	0.407472	0.745479	1.396726	0.609442	0.537336	-0.143227	-0.829278	-0.187653	-0.340862	0.286811	0.502992	0.029680
	1.088244	-1.083141	-0.141140	1.152540	0.450754	0.768022	1.193308	0.788882	1.011353	-0.468631	0.154079	-0.607972	-0.869676	-1.245241	-0.317640	0.847928	0.791695	1.176434	0.673921
	-1.195311	-1.310442	0.392677	0.329215	-0.072620	-0.699737	1.353599	0.864943	0.746512	-0.502077	0.466929	-0.774703	-0.679731	0.262507	0.296552	0.568493	0.029065	0.527421	0.700840
	-0.381210	-0.377743	0.740970	0.549163	-0.700142	0.383273	0.563051	0.435707	-0.169821	-0.395390	0.221315	0.343499	0.294960	-0.948508	0.318536	1.355576	0.922885	0.297737	0.401142
	0.575363	-1.634529	0.426589	0.560931	-0.400330	0.030188	0.787694	0.080149	0.513028	-0.306962	0.679831	-1.020400	0.044013	0.317476	0.169717	2.000561	0.995288	0.164353	0.973390
	1.125529	-0.991150	1.265403	-0.323827	-0.423798	-0.212948	2.598463	-0.055043	0.193152	0.635584	0.109579	-1.218379	0.465983	0.332027	0.338811	0.963998	0.944180	0.511972	0.540309
	0.304252	-1.072795	-0.086167	-1.565548	-1.328450	-0.693862	1.429303	-0.720861	-0.154319	1.060989	-0.686289	1.457886	-0.840139	-0.074476	-0.451028	1.397508	0.472348	-0.058619	0.526522
	1.276812	-1.164019	0.201918	0.984574	-0.095691	0.269847	-0.738965	-1.081548	-0.363007	-0.770559	0.343805	-0.338598	-0.096173	-0.722501	-0.420640	0.226173	-0.985881	-0.150826	-0.974073
	-0.678357	-1.794830	0.551525	0.568821	-0.154394	-0.237080	0.871192	-1.109151	-0.825842	-0.398671	0.060038	-0.221530	0.484853	-0.299877	0.366934	-0.333552	0.602521	0.357792	0.111166
	-0.433010	-1.555622	0.114840	-1.628120	0.166246	-0.289812	-0.493794	0.090138	-0.494050	2.263456	-0.064546	-0.153574	0.107516	0.302896	0.658822	0.486360	0.374553	0.692088	0.657678
	0.726942	0.992821	-0.608390	-0.831985	0.797991	0.068111	0.420197	-0.276639	0.872249	2.006363	0.670728	0.159913	0.034008	0.210121	0.506158	0.399494	-1.470684	0.784653	1.020646
	0.719579	3.005009	0.143997	0.444402	-0.166862	0.680514	0.813010	-1.137185	0.679333	0.579764	-0.904911	1.154236	-0.122371	0.534839	-0.229344	0.179077	-1.114685	-0.179494	-0.229686
	1.282599	1.089108	0.750135	0.929024	0.066469	-0.530937	0.230298	-0.202165	-0.335998	0.226294	-0.014915	-0.161540	0.377501	0.340814	-0.827180	-0.492718	0.151681	0.282968	0.128241
	0.402295	-0.004129	0.219136	0.177986	-0.278997	-0.207641	-0.642978	0.700677	0.219899	0.786714	0.926079	0.144057	0.568973	0.077198	-1.351891	-0.891185	-0.090468	-0.142941	-0.014721
	0.787857	0.632826	0.703790	0.660723	0.402136	1.049166	-0.923319	0.914407	1.177849	1.307644	1.013114	-0.526062	-0.428629	0.692790	-0.064382	1.142863	-0.750494	0.138168	0.230802
	0.325434	0.393099	1.077281	0.994134	0.586275	0.982740	-0.052665	0.449471	0.630573	0.346894	0.191817	1.159813	0.416818	0.777063	0.714699	0.513083	-0.394168	1.492553	0.529575
	0.881736	1.081463	0.705840	0.009275	0.155347	-0.101811	-0.739936	-0.315486	0.476354	1.481303	1.555227	1.036418	0.406948	-0.867483	-0.172336	0.360573	0.680218	0.696965	0.159946
	0.431615	0.655170	0.767481	0.427739	0.226226	0.158055	-0.184330	0.330380	0.274567	1.219527	0.390623	0.864597	0.288757	0.026313	-0.066756	0.867894	0.312922	0.756866	0.161111
	0.592834	0.435734	-0.123737	0.009312	-0.500114	0.195163	0.200933	0.499708	0.062520	0.708283	0.692907	-0.228743	0.351320	-0.146573	-0.417751	0.147550	0.044122	0.451697	-0.371901
	0.540025	-0.219179	-0.596250	-0.715505	0.469741	0.094998	0.559796	-0.166318	-0.047374	0.126957	0.003225	-0.559582	-0.258385	0.265906	-1.174941	-0.904666	0.870286	0.110512	-0.554480
	2.512083	1.592292	-1.053472	-0.473321	0.940700	0.093862	-1.299387	0.160613	0.522637	-0.221083	0.206571	-0.185343	-0.545195	-0.139371	-0.405743	1.367152	0.066964	0.322953	0.081971
	1.447578	2.094044	-0.197657	0.587911	0.292110	0.646600	-0.395425	-0.445780	0.248068	0.574538	0.666686	0.478023	-0.009589	-0.678682	0.157918	0.579209	1.749848	1.376769	0.743160
	0.787103	0.810216	0.701439	0.473891	0.954495	0.059980	-0.976943	0.167426	0.200747	-0.060304	0.201948	0.785263	-0.907130	0.027138	-0.554342	0.599506	0.380323	0.824231	0.986691
	1.420898	1.332218	-0.949175	-0.110334	0.429821	-0.500451	-0.347829	0.337661	0.037970	0.298188	-1.259226	-0.706721	-1.122018	0.173622	0.186205	0.423345	-0.306741	0.694052	0.651419
	1.452932	0.012467	-1.176045	-0.664299	0.265037	-0.605671	0.375350	0.938402	0.712110	1.086523	0.284123	0.425485	0.409049	0.369963	-0.507934	0.861834	0.332780	0.662476	0.933064
	0.461786	0.657787	0.169276	0.083881	0.154697	-0.189476	0.024890	0.338725	0.963605	1.589150	-1.293851	1.251762	-0.076785	0.088886	-0.069317	0.753954	1.524160	1.363956	0.483437
	1.504462	1.061294	0.314666	0.474812	0.631872	0.171821	-0.698062	0.458838	0.882120	0.343693	-0.259110	-0.543701	-0.365425	0.166250	-0.270596	-0.046467	0.793099	0.897078	0.972715
	0.317109	0.906633	-0.590687	-0.656404	0.168149	0.664626	-0.855307	-0.144970	-0.078887	0.835280	-1.217737	-0.287920	-0.127460	1.189597	-0.195600	1.008195	0.408747	0.535464	-0.277642
	0.876638	-0.979538	-0.641742	-0.444079	0.188554	-0.049794	-1.376984	0.923363	0.111845	1.515047	1.329773	-0.463743	-0.480836	-0.192254	0.090792	0.186416	1.254835	0.777380	0.082379
	0.644173	0.569993	-0.114428	-0.776870	-0.218096	0.536897	0.018471	-0.130860	0.709901	1.742837	-0.066070	-0.238803	-0.237932	0.522715	0.053894	-0.590746	-0.210784	0.537156	0.535693
	0.911802	0.049055	-0.538615	-0.775052	0.316865	1.092273	0.253127	1.018713	1.151882	0.990467	1.137127	0.152495	0.255714	0.750436	0.574464	-0.045572	0.374294	0.925203	0.914700
	1.444726	0.433972	-0.823902	-0.598626	0.505178	0.690990	0.398231	1.289427	0.451729	1.229796	0.494036	-0.661736	0.248609	0.481401	0.811280	1.730745	0.889167	0.654421	0.833195
	1.267741	0.800595	-0.916771	-0.546657	0.752684	0.754959	0.252322	1.034154	1.076450	0.460855	-0.151935	0.055698	0.031490	0.657265	1.281674	0.372810	0.357997	1.085955	0.870302
	2.130048	1.631560	-0.309455	-0.087864	0.338012	0.569644	0.091407	0.744184	1.546860	1.672496	0.781200	0.838848	0.868773	0.483505	-0.090199	0.528745	0.810874	0.905263	1.226873
	1.989712	0.153398	-0.614555	-0.350351	0.630466	-0.425861	0.296719	0.445094	0.397528	0.992830	0.621908	0.573664	0.570820	-0.362902	0.004832	-0.308455	1.200231	0.852630	1.519364
	1.341023	0.742952	-0.910041	-0.221766	0.334776	0.249640	0.251844	0.267985	-0.049864	-0.254346	0.305491	-0.469291	0.288288	-0.059220	-1.199049	1.025705	0.931443	0.123106	0.686495
	-0.201456	0.117652	-0.538686	-0.734558	-0.534290	0.623323	0.349256	-1.023970	-0.563399	-0.695941	-0.796202	0.688517	0.742324	-0.514866	-1.123408	-0.348534	-1.130528	-0.884223	-0.327126
	0.509609	1.059671	-1.216304	-0.852524	-0.018690	0.189896	-0.243050	-1.063897	-0.700953	0.766374	1.294222	1.123873	0.625855	-1.191866	-1.437610	-0.131471	0.095932	-0.439111	-0.296076
	-0.617975	-0.737031	-2.060482	-1.359054	-0.315066	0.434705	1.747888	-0.608416	0.003926	0.044890	0.467829	1.360489	-1.041350	-0.563806	0.557144	0.375556	-0.592573	-0.958305	0.094156
	-1.001931	-0.100841	-1.641143	-2.093151	-0.683693	-0.366211	1.023438	-1.098402	-0.476703	1.170486	1.209658	0.900361	-0.275492	-0.854076	0.307036	-0.312368	-0.772495	-0.100211	-0.342450
	-0.147857	0.340614	-1.100095	-0.894267	-0.919088	0.174587	2.393805	0.048257	0.080443	-0.777582	0.644671	-0.479606	0.733426	0.483713	-0.085133	-0.011364	-0.513884	0.561905	0.394998
	0.414584	-0.097144	-1.018840	-0.421817	0.713529	-0.053121	1.246335	0.631167	-0.037860	1.312395	-0.063022	0.540184	1.463226	0.868929	0.255171	0.031401	0.224345	-0.079857	0.171841
	0.008688	-0.459141	-0.174075	-0.594086	0.311191	0.166308	0.144315	0.324635	0.218490	1.901662	1.262300	-0.037126	0.397094	-0.039776	-0.480588	0.135964	0.410128	1.101966	0.848087
	1.389059	-0.934778	-0.293155	0.067207	-0.096166	-0.545752	0.168018	0.270871	0.561552	1.062665	1.306985	1.367414	-0.295633	-0.968578	-0.207337	-0.303735	-0.258860	0.355947	0.559766
	-0.287255	0.527835	-0.670220	-0.628574	-0.746886	0.146070	0.316105	0.433975	0.122099	1.229418	0.349947	0.359503	-0.736293	-0.606845	-0.637484	-0.475029	-1.656210	0.815065	0.214137
	-0.412614	1.393416	-0.258512	-0.134674	-0.199611	-0.023403	-0.027042	0.072115	-0.324429	0.007480	-0.657962	-0.060512	-0.240979	-0.813579	-0.455245	-1.352925	-0.449908	-0.307575	0.389614
	0.382658	-0.410027	-0.125661	0.758084	0.338307	-0.612474	-1.583557	0.180774	-0.471645	-1.282496	0.180681	0.615853	-1.238820	0.122764	-0.066052	-0.517261	-0.324679	0.685062	0.093040
	-1.346465	-1.048865	0.447580	0.480445	0.280220	0.023511	-0.988355	-0.649237	-0.245643	-0.214305	0.358373	-0.781121	0.738931	0.294536	0.650853	-1.699538	-0.978492	-0.715226	-0.407337
	-0.969208	-0.692464	-0.588009	-1.124633	-0.410705	-0.422052	-2.036743	-0.377760	-0.566216	0.160606	0.242482	0.218105	1.110683	-0.968826	-0.396516	-2.283391	-0.713513	-0.561241	0.289542
	-1.895125	-0.041139	-0.417889	-0.691737	0.257744	0.125489	-1.170083	0.123313	0.090275	-1.088131	-0.990552	-0.656518	0.508950	-0.065531	-1.255041	-0.720070	-0.779476	0.310419	-0.508832
	-1.611298	-0.488302	-0.397743	-0.885924	-0.245182	-0.278889	-0.961942	-0.206090	-0.025117	-1.125678	-0.771728	-0.601587	-1.016377	-1.072640	-0.013195	-0.825918	-1.150817	-0.103056	-1.194536
	-2.798366	-1.013983	0.962690	0.188687	-0.601282	0.399787	-0.454224	-0.532905	-0.104011	-1.444143	-1.101746	-1.069750	-0.377606	-0.473259	0.727283	-1.333056	-1.140904	-0.658769	-1.067639
	-1.618615	-0.573854	0.012392	-0.682388	-1.018016	-0.745788	-1.115897	-0.227497	-0.275895	-1.056918	-2.462623	-1.811026	-1.487423	0.562387	0.438613	-1.633324	-0.479761	-0.963213	-0.972123
	-1.922390	-1.241008	0.390677	-0.574379	-0.354135	-0.357846	1.170425	0.302193	-0.224069	-1.607114	-0.981987	1.422264	-0.154116	0.132421	0.631758	-0.282230	-0.314204	-0.498222	-0.621687
	-2.691419	0.231346	0.578100	0.369085	-0.202740	-0.542690	0.131104	-0.531899	-0.256185	-1.415023	-1.714554	1.315512	0.689032	0.610926	1.410458	0.015264	0.109205	-0.089350	-1.175706
	-2.350680	-0.856802	1.239543	1.391869	-0.179033	-0.899973	0.404127	0.817521	-0.509976	-2.426946	-0.774643	0.755568	0.397873	0.956978	0.554759	-0.616092	-0.667492	-0.694560	-0.858774
	-1.411306	0.020994	0.478945	-0.213497	-0.627931	-0.894532	0.572846	0.022820	-0.720134	-1.583007	0.314517	-0.479619	0.863559	0.451056	0.755082	0.161131	0.182507	-1.259058	-0.543038
	-1.413287	0.524071	0.393561	-0.207071	-0.126150	0.639513	0.098549	0.088905	-0.263839	-1.160328	-1.174397	0.402647	0.524408	0.630551	0.804258	-0.210501	-1.136348	-0.924340	-1.048427
	-2.928200	-0.371289	-0.226922	0.814786	0.197088	-0.149513	-0.173775	0.687459	-0.219233	-1.407161	-0.873190	-0.498782	-0.531350	-0.039729	0.765127	-1.038177	0.224797	0.008349	-0.782913
	-1.622811	-0.977557	0.606781	-0.031085	-0.045295	0.490448	0.643526	-0.228162	-0.679998	-1.610769	-0.585456	-0.898254	-1.027736	-0.508948	0.039812	0.613460	0.251607	-0.278911	-0.103824
	-0.158181	-0.279911	0.423566	0.484561	-0.419946	0.558198	0.749040	-0.731675	-0.341770	-0.486527	0.085527	0.006304	0.520307	0.118360	-0.401385	1.527006	0.402272	0.152175	-0.552678
	-0.361414	0.373864	0.441637	1.099150	0.263332	0.906983	-0.291816	-0.314219	0.030516	-0.919067	0.278404	1.159637	-0.197943	0.116422	0.176735	1.487391	-0.185641	-0.413561	-0.347837
	0.215336	-1.122757	0.835520	-0.019838	-0.250838	-0.381866	-1.159642	-0.361940	-0.321419	-0.230207	0.224967	0.576391	0.619689	0.046535	-0.877121	0.619451	1.193912	-1.348098	-0.423669
	-1.113041	0.092250	0.678024	0.318476	-0.375186	-0.689748	-1.350108	-0.145565	-0.247682	-1.123231	-0.652494	0.433836	0.469094	-0.509530	-0.275942	0.609045	0.056286	-0.215516	0.229189
	-0.987070	-1.196551	-0.092367	0.248394	-0.059307	-0.339900	-0.282070	-0.106356	-0.620097	-0.976982	-0.514092	-0.414190	0.753249	-0.530541	-0.741920	1.797967	0.829170	-0.126863	0.787184
	-1.393641	-0.844313	0.232329	0.197083	0.098886	-0.174162	0.894104	-0.509271	0.181090	-1.153997	-0.749861	-0.694494	0.575819	-0.535735	-0.567933	-0.305306	1.325100	-0.407435	-0.578421
	-0.185063	0.776893	1.140049	0.822005	-0.371074	0.338969	-0.394327	0.301263	-0.011180	-0.326050	-0.031193	-1.169107	0.459739	0.315508	0.175577	1.125690	0.679291	0.259583	-0.172089
	0.873592	1.549707	1.050954	1.379231	0.214497	0.814314	-1.244662	0.127857	0.354129	-1.747494	-1.603845	0.721413	-0.339919	0.751860	-0.118797	0.141249	-0.455974	-0.650473	-0.091075
	-0.454962	1.399142	1.527228	1.861716	0.872962	0.875256	0.329255	0.143721	0.006923	-0.533961	-0.660684	1.029653	0.439597	-0.244857	0.122528	0.836178	0.529352	-0.036242	-0.959942
	-1.105522	0.807374	0.982083	1.184234	0.761328	-0.190673	0.317398	-0.285876	-0.297545	-1.412342	-0.068617	0.220879	1.743331	0.717270	0.337694	0.156703	-1.322442	-1.500821	-1.064352
	-0.492206	0.494256	0.613479	0.451238	-0.240747	0.775202	0.190510	-0.407499	0.197621	-2.041337	1.031051	0.468283	-0.552506	0.501398	-0.431167	-0.368853	0.206510	-1.143787	-0.794392
	0.556779	-0.481864	1.092431	1.351348	0.789317	0.168785	0.584851	-0.104879	0.058984	-0.413039	-0.822644	-0.418291	0.101339	0.680222	0.665555	-0.328961	-0.479339	-1.048621	-0.545261
	0.870844	-0.931065	0.099229	0.292216	-0.046797	-0.507315	0.924195	0.043147	-0.210160	0.067325	-0.101508	-0.539662	-1.565110	-0.802068	0.567083	0.104264	-0.069458	0.504923	-0.229634
	0.825714	0.292836	0.163727	-0.561179	0.306814	-0.768537	1.002400	0.131111	0.191623	0.560218	0.944662	-0.183748	-0.701362	0.765473	1.123628	0.656463	1.266938	-0.093612	-0.240335
	0.261241	0.242357	0.627814	0.624592	0.169617	-0.383750	-0.596665	-0.179273	-0.144934	0.966104	0.711994	-0.396362	-0.279144	0.103552	0.620309	-0.783152	1.279150	0.149817	-0.055334
	0.254512	-0.603139	0.863970	0.725761	-0.472701	0.436670	-1.268547	0.223756	-0.034944	-0.060881	-0.185544	0.263588	-1.018867	-0.379932	0.647220	-0.145023	-0.088854	-1.024274	0.071307
	0.342785	0.481590	1.070069	0.215985	0.377257	-0.560234	0.928174	-0.893875	-0.059353	-0.992386	-0.995268	-0.941555	-1.761321	-0.021119	0.377376	0.136691	-1.042050	0.266728	-0.239237
	-0.366111	0.033838	0.329263	1.245711	-0.054773	0.174085	0.536582	0.448043	0.454885	0.112647	-0.127472	-1.315907	-0.145253	-0.711819	-0.198609	-0.071589	0.055061	0.242479	-0.284907
	-0.103237	1.575238	0.128842	0.566977	0.821576	0.439066	0.308593	-0.035570	-0.547825	-0.350572	0.130536	-0.471597	-0.821518	0.303345	1.153563	-0.254815	-1.197721	-0.871184	-0.285005
	0.972608	0.384697	0.623748	1.300494	0.492187	0.338769	-0.049489	-0.307327	-0.556511	0.201521	-0.604005	-0.634672	-1.051957	1.119959	1.440398	-1.038323	-0.885118	-0.229858	-0.916787
	0.451834	0.388249	-0.135970	0.916067	0.339937	0.662882	0.524082	0.128784	-0.385193	0.002313	-0.463745	0.708975	0.633519	0.292384	0.800386	-0.105569	-0.748426	-0.313408	0.247972
	-0.008299	0.412350	0.558265	0.635533	-0.322107	0.189100	0.244799	0.663932	0.332329	0.867507	0.953169	-0.829183	1.058131	1.024266	0.896635	-0.101239	0.008315	0.044913	-1.030623
	0.728314	-0.832892	-0.644682	-0.444373	-0.463143	-0.350311	-1.137412	-0.313044	0.259128	0.611994	-0.658533	-1.764802	-0.747604	0.828566	-0.194793	-0.590004	0.067536	-0.102434	0.199432
	1.176021	-1.217448	-0.281592	0.394684	-1.187947	-0.126319	-1.185387	0.019240	0.264503	1.920986	0.468225	-1.268777	0.364739	0.143212	-0.024210	-0.306765	-0.201624	0.529201	0.535984
	0.631275	-0.555420	-0.209645	0.386974	-1.413369	-1.155444	-0.339467	0.283672	0.095569	1.216272	0.632628	-0.655839	-1.802997	-0.027043	0.476932	-0.775541	-0.280600	-0.390270	-0.065554
	1.024397	-0.741882	-0.567083	-1.062508	-0.188401	-0.273096	1.025174	0.060727	0.401703	1.547740	1.118911	-0.765962	-1.276410	0.062010	0.025604	-0.968696	-1.187440	0.468763	1.060083
	-0.346675	-1.674857	-1.646175	-0.836924	-0.845493	-0.474010	1.070593	0.139104	-0.040260	1.831201	-0.407007	0.493018	-0.240993	0.104601	-0.392268	0.595491	-1.112176	0.411331	0.440104
	-0.590563	-0.773997	-1.553245	-0.959487	-0.270106	0.019098	1.276205	0.056941	-0.211849	1.850454	0.068142	-0.518782	-0.935417	0.254097	-0.015227	-0.659837	1.313955	0.151751	0.561476
	0.047936	-0.152139	-0.070081	-0.657495	0.731784	-0.720847	0.753223	-0.144563	0.137366	0.288556	-0.663689	-2.248675	0.389481	-1.142661	-0.090647	0.286334	0.035506	1.122251	0.890976
	0.995862	0.357142	-0.936144	-0.749662	0.353570	-0.596972	0.003193	0.153729	0.365035	-0.579744	-0.214224	-1.164549	-0.312087	-0.089894	-0.544259	-0.510729	1.152585	-0.111109	0.672363
	0.436228	-0.475417	-0.695158	-0.763952	0.384061	0.119603	-0.680561	-0.612220	-0.155160	-0.862190	0.025764	0.918958	0.514377	-0.562001	-1.454756	0.091020	2.048852	-0.743204	1.082569
	0.232207	-0.635191	-1.477929	-0.100420	-0.966631	-0.595007	-0.091094	0.142166	-0.818364	0.953862	-0.782675	0.311208	0.713237	0.505502	-1.036719	1.443882	0.779076	-0.002408	0.278694
	-0.150526	-0.714304	-0.103170	-1.590610	-0.123757	0.106337	0.999885	0.484181	-0.036816	1.937645	0.734320	0.494792	-0.415239	0.038564	-0.374133	0.466469	-0.065378	0.271630	0.755397
	1.728659	-0.827332	-0.624614	-0.909867	-0.340767	-0.592396	0.466782	-0.177049	0.663600	0.572569	0.298206	-0.434672	0.080657	-0.101833	-0.464568	0.587478	1.706887	0.595504	0.818467
	1.106002	0.429514	-0.496059	0.295508	-0.127457	0.048070	0.200277	0.516310	-0.111987	0.842243	0.141895	0.235834	0.683498	0.099519	-0.892450	0.128164	0.798491	0.539245	0.778202
	1.310062	-0.764038	-0.928000	-0.083657	1.543040	-0.091450	-0.414305	-0.179150	-0.460322	-0.064746	0.107335	-0.031802	-0.346636	-0.825622	-0.281192	-0.764563	0.547144	-0.225029	0.341026
	1.584702	0.762167	-0.516968	-0.729056	0.276192	-0.009011	-0.446966	-0.333633	-0.470097	0.532425	0.250869	0.459850	0.208833	-0.843147	0.328916	-0.075901	0.151101	0.423681	0.745763
	-0.022002	0.293490	-0.837194	-0.466610	0.363894	0.693170	-1.903506	-0.060600	0.304461	1.265912	0.556036	0.385717	-0.930075	-0.668203	-0.723232	-0.191181	0.139941	0.061214	0.335244
	0.517947	0.035335	0.021726	-0.104059	-0.191222	-0.083201	-0.361542	0.223894	-0.071460	-0.456978	0.957348	0.613510	-0.132059	-0.392156	-0.595081	0.034138	-0.126373	0.737143	0.281304
	0.317338	0.829967	0.083337	-0.362452	-0.028009	0.773447	0.201508	-0.046852	-0.057599	-0.239089	0.389498	0.356848	-0.485303	-0.238830	-0.625540	-0.806971	-0.015933	-0.317356	-0.285960
	0.829103	0.863505	-0.476006	0.255138	-0.177838	0.866333	0.310265	0.118009	0.137235	0.025733	0.198151	-0.949205	-0.392570	-0.660137	0.302143	-1.440146	-0.545423	-0.062313	-0.259898
	-0.655214	0.463406	-0.268748	0.253410	0.279557	0.387017	-0.690336	0.361803	-0.223889	-0.173647	-0.338590	0.448772	-0.273950	0.881322	0.933782	-1.107429	-1.844413	-0.418267	-0.369338
	0.285081	0.512900	1.148574	0.165260	-0.314431	-0.109958	-0.370103	0.232804	0.127142	-1.191352	-0.482348	-0.859979	0.751838	0.076765	-0.716617	1.139075	0.039378	0.096630	-0.186469
	-1.341341	-0.229994	-0.126013	-0.730635	-0.213931	-0.960621	-0.393388	0.246307	-0.036026	-0.605519	-0.741473	0.934732	-0.391399	-0.214181	-0.071363	-0.238201	-0.229952	-0.045909	0.451454
	-1.021357	-1.003996	0.182057	0.006295	-0.403005	-0.759649	-1.081834	-0.188613	0.117623	-0.208153	0.375721	-0.114299	0.954930	0.255565	-0.209866	-0.366952	0.034558	0.639077	-0.112072
	0.161111	-0.137793	0.148080	-0.157636	-0.244101	0.011967	-0.127470	-0.139902	-0.513317	-0.375441	-0.151758	-0.167959	-0.096156	-0.307436	-0.826702	0.003069	-0.124050	-0.078480	-0.425720
	-1.348970	0.534304	0.490808	-0.126346	-0.207927	0.060161	0.627693	-0.121639	0.418163	-0.488424	0.130954	0.026493	-0.381663	-0.581714	-0.346407	0.746890	0.174869	0.167225	-0.513938
	-0.129583	0.337011	1.428416	1.059065	0.499869	0.278717	0.385760	0.049317	0.566925	-0.352593	0.522303	2.148761	2.091596	1.136934	0.667439	1.744670	0.906304	0.143052	-0.369886
	-0.272005	0.932953	0.962066	0.294084	0.256694	0.723452	1.154870	0.227576	0.761984	0.684486	1.040010	0.876282	1.252353	0.352362	1.064390	1.245620	-1.053209	0.056094	-0.257030
	-0.363369	0.258835	-0.136652	0.143680	0.691078	0.453463	-0.109033	-0.576254	-0.196661	-0.943251	-0.540477	0.619322	0.197987	-0.017688	0.526994	-0.486397	-0.561937	0.164608	-0.565401
