	0.928036	1.199625	0.531275	1.210348	0.259570	0.754496	-0.104621	0.687641	1.034197	0.517871	0.276098	0.909811	0.378213	-0.288616	0.253800	-0.031033	0.295870	0.431538	-0.451379
	-0.149827	-0.740399	0.778327	0.403362	0.101842	-0.605390	0.292883	-0.246725	-0.338492	-0.008426	-0.282145	0.429559	0.208317	-0.374326	0.072147	0.389283	-0.480719	-1.005493	1.172677
	-0.083709	-0.332472	1.434343	1.430107	-0.208542	-0.219454	0.803707	0.204269	0.248911	0.350981	-0.149625	0.506697	0.912318	0.030092	0.230993	0.383128	-0.866935	-0.576246	-0.076368
	-0.094131	0.726246	0.610537	0.530783	-0.613863	-0.201879	1.013609	0.394671	-0.038492	1.160962	-0.890933	-0.391107	0.309561	0.550281	-0.657631	-0.674656	-0.425807	0.382277	-0.312476
	0.714782	-0.499553	0.446186	0.767368	-0.844188	0.173934	0.061536	0.369207	0.695570	-0.145330	0.741782	-0.509567	-0.590465	-0.745656	0.901833	0.349520	1.008376	0.335479	0.298781
	-0.797184	0.423696	0.721336	0.402078	-0.532288	-0.533321	0.076898	0.273183	-0.415123	-1.002793	0.100051	-0.395639	-0.288638	-0.072367	0.736045	-0.727051	-1.040651	-0.906332	-0.188178
	-0.934467	0.668759	-0.053033	0.403554	0.101454	-0.397405	-0.000901	-0.221995	-0.213299	-0.189453	-0.220043	-0.659798	-0.224660	-0.423436	-0.162562	-0.532981	-0.312769	-0.738690	-0.557332
	-0.025838	-0.255699	0.470838	0.349286	0.256760	0.195128	1.291044	-0.048486	-0.206806	-0.200926	0.367102	0.418764	-1.131571	0.209432	0.016070	-0.291094	1.857796	0.552789	0.001561
	-0.141902	-0.312991	-0.667823	-0.873740	-0.460280	0.127425	-0.834236	-0.503378	-0.293576	-0.704698	-0.868762	0.366216	-0.352928	-0.253686	0.673922	0.253915	0.550628	-0.549808	-0.008423
	0.763303	-0.092990	-1.594573	-1.643088	0.088281	0.035904	-1.387954	-0.013197	0.254063	-0.738259	-0.414422	-0.734933	0.884073	0.438025	0.283667	0.042776	-0.419390	-0.637589	-0.556137
	0.812338	0.209880	-0.407577	-0.104438	-0.056222	0.538014	-0.791142	-0.448836	-0.041152	-0.195878	-0.249952	0.797918	-0.384299	0.393494	-0.307401	0.014098	-0.347679	0.153224	-0.072689
	1.011634	0.801359	0.950350	1.560009	0.640461	0.414588	0.266992	-0.043892	0.472171	-0.660109	-0.333962	0.267312	0.503514	1.284820	-0.090356	1.141509	-0.452997	0.455049	0.200513
	1.113570	-0.270637	0.217925	0.883940	1.308987	0.810263	0.852721	-0.259546	0.141818	0.551510	0.357878	-0.956535	-0.372030	0.084773	-0.771041	0.594877	1.754714	0.819370	0.372329
	-1.938991	-0.906026	-0.303090	-1.372774	0.437528	-0.311631	-0.184903	0.181546	-0.186136	-0.317975	0.576266	0.087134	0.660110	0.607460	-0.921563	0.122792	-1.025498	0.278210	-0.026015
	-0.460794	-1.433610	-1.929166	-1.328873	-0.076716	0.204324	-1.178721	-0.269776	-0.124115	0.297842	-0.263888	0.258992	-0.702684	0.032614	-0.212256	-0.923848	-0.066215	0.061279	-0.589205
	0.386789	0.721914	0.358505	0.810855	0.731238	0.473916	-0.700147	0.375485	0.324992	0.544036	0.403978	-1.070329	0.231340	-0.889783	0.114286	-0.146259	0.209447	0.445935	-0.000695
	0.937874	-0.773881	0.614324	0.070183	0.753990	0.178398	1.294799	0.692244	0.527570	0.818132	1.210194	-0.050394	-0.835503	0.505577	0.135498	1.197526	0.273376	0.266194	0.453043
	-0.776488	-0.340352	-0.598766	-2.349861	0.225380	-0.098480	-0.260653	-0.666653	0.013477	-0.802683	0.025223	-0.445346	-0.627663	-0.365268	-0.992187	0.017591	-1.429908	-0.060786	-0.565878
	-0.762166	-0.831898	-2.563317	-1.931764	0.122853	-0.031831	-1.997584	0.529516	-0.195989	-0.349372	-0.347721	-0.332040	0.458886	-0.365233	-0.629278	-0.356517	0.700386	1.086261	0.265192
	0.654354	0.090573	-1.313378	-0.751973	-0.292719	-0.265474	0.283514	0.290650	-0.533713	0.303713	-0.102155	-1.103619	-0.222744	-0.047494	0.169907	0.747942	0.268025	0.241288	0.067974
	-0.717483	0.182611	-0.378557	0.550499	-0.167753	-0.100395	-0.289960	-0.886241	-0.205126	0.511001	-0.549157	-1.354304	-0.762530	0.076804	0.297710	-0.188736	-0.603201	0.042490	0.496830
	-0.266715	0.551619	-0.289911	-1.178384	-0.131723	-0.065716	0.788993	0.076706	-0.576395	0.212809	-0.131580	0.015310	-0.857831	0.610870	0.095529	0.625401	1.464299	0.255303	-0.318066
	-0.747288	-0.046315	-1.495114	-1.780446	0.320044	0.172240	0.443835	0.183661	-0.003759	-0.129273	-0.206684	1.478296	-0.500390	0.418128	0.388540	-1.149330	1.294454	-0.367447	0.029693
	0.112237	-0.031093	-0.094201	-0.238938	0.382839	-0.172045	-0.268713	-0.019631	-0.501507	-0.122764	0.178787	0.062971	-0.600333	-0.137699	-1.061590	0.281271	-0.313983	-0.247463	0.189546
	-1.167571	0.289492	0.128429	1.054364	0.123005	0.296450	0.075172	-1.073471	-0.704834	0.071543	0.820747	-0.823177	0.431342	0.126675	0.642416	0.185940	-0.437330	0.376334	0.210346
	0.389629	0.687782	0.319960	1.360215	-0.491404	-0.290621	-0.414633	0.081751	0.282447	-0.654257	0.352983	0.350570	0.760749	-0.238654	0.252530	-1.122849	-1.906434	-0.026313	0.097072
	0.689593	0.100246	0.323239	0.160531	0.343231	-0.420499	-1.515320	-0.138974	-0.085720	-0.685154	-0.089340	0.248677	0.074290	-0.450038	-0.525876	-1.981050	0.119578	-0.077291	-0.473266
	0.872783	0.217503	-0.144659	-0.611432	-0.602826	-0.031572	0.471163	-0.331144	0.080799	0.125623	-0.447839	-0.137221	0.364374	-0.359344	0.060146	-0.196089	-0.070897	-0.391024	-0.169781
	-1.120514	-0.861866	-1.614027	-0.996980	-0.304451	-0.171058	-1.228519	-0.003572	-0.873245	-0.158427	-0.492566	-0.933244	0.097809	-1.198853	0.195060	0.778934	-0.833906	0.143721	0.065464
	-0.701990	0.449762	-0.835007	-0.474896	-0.148491	-0.496500	-1.169219	-0.100238	-0.311463	-0.425048	-0.138067	1.063600	0.632075	-0.329766	-0.419301	-0.027675	1.597004	0.525003	-0.003668
	0.292622	-0.357593	0.292101	-1.199057	-1.060867	-0.620074	-0.733212	-0.639170	-0.333834	-0.272762	0.995948	-0.073188	-0.582941	0.425498	-0.567584	-0.629618	0.681167	0.032653	-0.276786
	-0.047285	-0.306735	-1.038244	-1.323477	0.239864	0.141420	0.161978	0.221769	0.048551	-0.015351	0.030868	0.112408	-0.353639	-0.118317	0.021137	0.006380	-0.397021	-0.512825	-0.591895
	-0.256384	-0.391182	-1.096157	-1.607744	0.604600	0.017653	-1.522349	0.067997	-0.070558	-0.165642	-0.338539	1.065092	0.668263	0.331775	0.375207	0.390127	0.791972	0.281445	0.293058
	-0.375588	0.043009	-1.063262	-0.230387	-0.303978	0.398529	0.884914	0.256320	0.158038	0.515861	0.395890	0.904907	0.325231	-0.422538	0.016992	-0.281768	-1.249965	-0.235537	0.625380
	-0.285740	-0.348918	0.535023	0.428504	-0.347211	-0.302942	0.020047	0.106471	0.196721	0.895966	0.129024	0.932740	-0.276983	0.569434	0.306727	-0.195592	0.160107	0.222939	0.345154
	0.870992	-0.540237	-0.172772	-2.076554	-0.777346	-0.012423	-0.180908	-0.121585	0.726951	0.031102	0.043918	-0.744791	1.047322	-0.251255	-0.742605	0.362683	0.112368	1.105426	-0.358052
	0.020694	0.130692	-0.632783	-0.226870	0.206718	-0.045807	1.840926	0.172552	0.663776	1.079147	0.044088	0.626054	0.372507	0.470719	-0.018263	0.843863	0.347328	0.183248	0.881055
	-0.347357	-0.065638	0.485640	0.959939	-0.109044	0.606784	1.124223	-0.173926	-0.285450	-0.011938	0.374373	-0.491811	0.009296	0.259520	-0.542088	0.565315	-0.352822	0.192108	0.806913
	-0.502717	-0.632338	0.118176	1.396379	0.016698	-0.860625	-0.690694	-0.471455	-1.092195	-0.665571	-0.259479	0.816191	0.421919	-0.154336	-0.315127	-1.429546	-0.410384	-0.063614	-0.749908
	-1.163049	-0.490120	1.243912	0.336429	-0.022607	-0.296094	-0.709732	-0.772359	-0.260633	-0.865764	0.535291	0.752301	0.327759	-0.334505	0.410956	0.810609	0.181298	-0.668013	-0.342637
	1.067664	0.616917	1.731125	0.761549	0.799958	-0.170059	1.507688	0.344198	0.415327	1.139384	1.502727	0.744395	0.841590	0.955068	0.217846	1.084217	1.056340	0.797287	0.868316
	1.259495	0.409486	0.333799	-0.080177	-1.097687	0.033319	2.978970	0.490169	0.219905	1.508024	0.205428	0.847136	1.081517	0.310518	-0.193080	1.268619	1.769635	0.340473	0.324059
	-0.073660	-0.896731	-1.257045	-0.511158	-0.917334	-0.402770	-0.952899	-0.417025	0.122777	0.829120	0.008160	-0.603082	-0.522099	0.241784	0.479447	-0.430146	-0.065523	-0.591841	-0.294414
	-0.696211	-0.797478	-1.346870	-0.871717	-0.270669	-0.639046	-1.038506	-0.552407	-1.128006	0.013454	-0.834918	-0.288235	0.380811	0.073349	-0.280598	-0.241682	-0.018257	-0.634198	-0.082152
	0.085940	0.912173	0.511728	0.303983	-0.271003	-0.889837	0.073417	0.461635	-0.046695	2.105832	-0.565593	0.427552	0.585380	0.402391	-0.644512	1.702585	1.189384	0.308720	0.264874
	-0.378595	-0.276830	0.654549	0.098152	-0.401084	-0.489950	0.937034	-0.503765	-0.046407	1.544705	0.184445	0.430408	-0.430933	-0.163980	0.574847	1.963097	-0.166749	-0.052537	0.500536
	0.183502	-0.303799	0.441558	0.208214	-0.002379	0.288129	1.021069	0.076895	0.337099	0.341838	-0.076593	-0.157401	0.610415	0.115775	0.803841	-0.145301	-0.239844	-0.690478	0.119791
	-0.122388	0.519849	0.910559	1.619321	0.143927	0.962801	-1.676093	-0.322818	-0.273329	-0.533322	-1.063729	0.270255	-0.334067	0.299614	0.509374	-0.522146	-0.274209	0.010986	0.175874
	-0.149487	0.881096	1.497362	2.321996	0.322424	-0.134362	0.931789	-0.391629	-0.022101	0.159046	0.437409	-0.611179	-0.141622	-0.506498	0.366894	-0.709504	-0.581552	0.343262	0.331674
	0.169231	0.461178	2.059093	1.823295	0.196145	0.176272	0.197012	0.093428	-0.529641	-0.977374	-0.059354	0.206399	0.348097	-0.497597	0.404222	-0.233783	0.418275	-0.327538	0.100972
	-0.248641	0.160232	1.305347	0.550630	-0.027628	0.171367	1.503915	0.427206	-0.465742	-0.844282	-0.208160	-0.245729	0.170789	-0.271936	0.008090	0.021951	-0.241031	-0.109833	-0.739822
	0.278220	0.118912	1.364937	1.526027	-0.098825	-0.237369	1.677444	0.673651	0.494004	0.438858	-0.594401	0.062938	1.099586	0.226433	0.452172	0.552994	1.031329	0.058189	-0.338039
	0.091568	0.425617	1.500851	0.865923	-0.791055	-0.715428	0.813856	0.243234	0.673788	-1.389878	-0.144557	-0.413314	1.415117	-0.096613	0.779647	0.002587	-0.532874	-0.140320	-0.158897
	-0.018648	0.419141	1.766639	-0.033174	0.244710	-0.785868	-0.063244	0.129496	0.199741	-0.498111	0.929398	-0.186343	0.572435	0.286639	0.370400	-0.856166	-1.143878	-0.146390	-0.074280
	1.261128	1.643763	1.447075	1.136192	-0.052509	0.184899	0.100361	0.451976	0.139562	0.846879	0.358758	1.291029	-0.463430	0.198046	0.649321	-0.310419	1.056639	0.125776	0.145355
	1.659940	0.936071	0.548618	1.850214	-0.141426	-0.018465	1.514605	0.474861	0.036152	0.151174	-0.645019	-0.536541	-0.260791	-0.652552	0.407104	-0.124775	-0.813542	0.510377	0.723801
	-0.422479	-0.243664	0.239922	0.812785	-0.366493	0.128298	0.400468	0.536839	1.170875	-0.348079	1.163435	-1.164934	-0.853485	-0.328139	-0.009201	0.689132	0.069136	-0.935293	0.432011
	-0.981509	-0.723725	-0.032252	-0.984158	-0.057438	0.608461	-0.649732	-0.264819	0.462370	-0.475256	-0.795311	0.013075	-0.358268	0.107745	-0.166621	-2.190217	-1.337410	-0.997514	-1.054361
	0.084672	-0.162871	0.995115	0.151699	0.563612	0.649884	0.228097	-0.172620	-0.603254	-0.080521	-0.365067	0.376649	-0.776539	0.600503	-0.637956	-1.097926	-0.054860	0.091377	-0.210214
	0.506630	1.189076	0.179238	1.204473	0.475970	0.371149	0.021726	0.574340	0.267521	-1.071645	-0.402530	-0.075338	-0.619312	-0.116019	0.366474	0.764353	0.092165	-0.790086	-0.566376
	-0.436789	1.421787	1.346543	0.833030	0.520163	0.600964	-0.489485	0.391399	1.036186	-0.607250	-0.353500	0.028883	-0.698460	-0.233855	0.075343	-0.456218	-0.466937	-0.188818	-0.321879
	0.021558	-0.058283	0.790023	0.617087	0.092714	0.288477	1.083982	0.132533	0.485215	-0.644279	-0.043040	-0.657798	-0.531997	0.261852	-0.254678	-0.909997	0.200388	-0.329502	-0.181416
	0.385803	-0.068015	0.142369	-0.484743	0.041644	0.176296	0.286521	-0.052064	-0.883678	0.198555	-0.444853	-0.499171	0.301572	-0.495068	0.272001	-0.166576	-0.626866	-0.062897	0.573451
	-0.055761	0.646771	0.925224	0.601658	0.006426	0.552381	-0.283018	-0.272458	-0.277882	0.327173	-0.649895	-0.772256	0.001222	-0.106927	-0.822068	0.732654	-0.164822	-0.304945	-0.386884
	0.308288	0.849565	0.027760	0.254819	0.820254	0.741073	-0.417847	-0.273449	-0.058079	0.212681	0.622629	-0.136716	-0.676539	-0.622680	0.294840	0.545297	-0.958004	0.346044	0.449284
	0.768498	0.019550	0.958082	-0.265038	0.097769	0.536202	0.142977	0.383521	-0.198753	-0.197881	1.422600	-0.104706	-0.584779	-0.609160	0.086070	-0.318423	-0.858228	-0.092760	0.241443
	-0.621226	-0.582223	0.662472	-0.453705	-0.973335	0.711908	-1.024704	-0.317239	0.078351	-0.527579	0.123338	0.146963	0.463862	0.279874	-0.148542	-0.666921	-0.954382	-1.135511	-0.653066
	-0.462769	0.975382	-0.173605	0.903673	0.513907	0.074490	-1.213127	0.485036	-0.434567	-0.857395	0.476260	0.921453	-0.148356	-0.609870	-0.540796	-1.135382	-1.420094	0.299549	-0.689373
	-0.836809	0.273528	-0.081035	-0.170288	-0.406495	0.515815	-1.352162	-1.199291	-0.584295	-0.115819	-0.233442	0.302902	0.127080	0.514006	0.307935	-1.027610	-0.766511	-0.799301	-1.195027
	0.948768	0.021509	0.363405	0.124619	0.523795	0.650087	0.666188	-0.582251	0.107531	0.506067	0.823576	-0.125499	-0.003748	0.011931	0.233489	1.092475	0.568887	-0.549600	-0.251620
	0.955291	0.499657	-0.182424	-0.610633	0.369255	-0.507889	-0.239749	0.597491	1.436420	0.274384	0.892359	1.176775	-0.052907	-0.039818	-0.267728	-0.382104	0.726382	-0.081367	0.495377
	-0.882205	-0.393501	-1.004313	-0.905974	-0.412529	-0.662165	-0.257631	0.032092	0.293580	-1.179013	-0.130315	-0.703360	0.202558	-0.627550	-0.411177	-0.491626	-0.868584	-0.614613	-0.552312
	-0.841295	-0.823593	0.093590	-1.157292	-0.236171	-0.674695	-0.733353	-0.033299	-0.326885	-0.750546	-0.748688	0.325685	0.425165	-1.159919	-0.939481	-0.927662	-0.850338	-0.463473	-0.424164
	0.207218	-0.331611	0.275125	-0.784272	0.264444	-0.374932	-0.632898	-0.590819	0.081508	-0.512558	-0.813580	0.301316	-0.043614	-0.591101	0.188530	-1.075828	-1.052228	0.347450	-0.489011
	0.498222	0.693951	0.446195	0.244318	1.113042	0.430409	0.785204	0.215525	0.610904	-1.037220	-0.836473	-0.330198	-0.325462	-0.289843	0.663100	-0.214503	-0.056727	0.918820	0.140795
	0.291606	0.057692	-1.177298	-1.001638	1.166893	0.619138	0.136934	0.726300	0.921711	-1.772363	-1.031694	0.623550	-0.482425	0.655708	0.448643	-0.282206	0.002502	0.440321	0.046137
	0.401557	0.874102	-0.874743	-0.199066	0.364634	-0.041825	-0.251784	0.626288	0.201428	0.889297	0.508502	-0.608167	-0.636404	0.159493	-0.003845	1.141105	0.855154	0.483477	0.346789
	0.226539	-0.449424	-0.626594	-1.187583	0.779286	0.939250	-0.272750	0.811326	0.357017	-0.391178	0.065320	0.266768	-1.151086	-0.422554	-0.533215	0.248384	0.704503	0.565802	0.027197
	0.190268	-0.929449	-2.226301	-1.626069	-0.500038	-0.478540	-1.039569	-0.043853	-0.229312	-1.075916	-0.540694	-1.435321	-1.212357	-0.490533	-0.580269	-0.658734	0.089261	-0.186034	-0.223866
	-0.494002	0.070418	-1.582762	-1.179229	-0.912708	-1.126629	0.714589	-0.503484	-0.819260	-0.382100	-0.721944	-1.292126	-0.617760	-0.778634	-1.051306	-0.452954	-0.163949	-0.014301	-0.493491
	-0.433364	-0.550148	-2.586320	-1.151653	-0.306403	-0.398214	-0.964737	0.306074	0.065653	-0.511199	-0.180468	0.102033	0.551582	-0.054005	0.357951	0.224023	0.882876	-0.212627	0.543130
	-0.269736	-0.964957	-1.410359	-0.741326	-0.274384	0.782715	-0.853284	0.306221	-0.001939	-0.184635	0.055570	-0.343813	-0.851023	0.065347	-0.141939	-0.226539	-1.077882	-0.562533	-0.023274
	0.170169	-1.115397	-1.607202	-1.211991	0.336325	-0.628388	-1.034970	-0.960546	-0.327558	-0.923533	-0.458667	-1.906880	-0.805146	1.382910	0.795996	0.128599	-1.206527	0.561034	-0.334846
	-1.105438	-1.132990	-1.391345	-0.305627	-0.185444	-0.361275	-1.574460	-0.831316	-0.409715	-1.475335	-0.950282	-0.725879	0.150709	1.115310	0.329580	-0.062413	0.119070	-0.299377	-0.366800
	0.256786	-0.096129	-1.195827	-0.584613	0.485957	-0.122217	-0.142367	-0.309300	0.024562	-1.113563	-0.071522	-0.332615	-0.695709	-0.503290	-0.325918	0.468167	-0.309778	-0.742047	-0.379697
	0.120101	0.231767	-0.800952	0.215275	0.362547	-0.014625	0.145298	0.239690	0.394403	-0.190623	-0.264466	1.169621	0.768473	2.144514	1.484694	0.282569	0.226672	0.170307	-0.510534
	-1.026084	-1.279909	0.417572	1.343110	-0.560757	0.134173	0.725294	0.675858	0.378356	0.792945	0.179912	0.290158	0.843271	-0.148242	-0.606305	-0.042956	1.149824	1.086600	0.354496
	-1.024864	-0.993859	-0.624237	-1.245199	-0.501985	-0.226733	-2.217371	0.376654	-0.085015	0.249446	0.526060	0.953281	0.157576	0.141168	0.955087	-1.112852	-0.103942	0.331139	-0.044766
	0.748865	-0.144545	-2.737985	-1.885614	-0.326811	-1.150374	-1.680162	-0.259233	-0.469043	0.242262	-0.715481	-0.839212	-0.377077	0.312739	0.044572	1.300414	1.334154	0.149187	0.671248
	0.904243	-0.069932	-2.699721	-0.645979	-0.348331	0.079982	0.773402	0.730894	0.191304	1.137654	0.001226	0.222137	-0.558262	-0.700130	-0.040390	2.557034	1.266834	1.378678	1.092343
	1.252823	1.061371	1.490680	1.504384	0.454807	0.438149	0.301337	0.685065	0.304332	1.559615	0.469679	-0.500005	-0.070904	-0.544739	0.032261	0.796611	0.289019	0.906426	0.049404
	0.108731	-0.659781	0.273462	-0.564132	-0.171482	0.332295	0.058788	0.104068	-0.083561	1.303356	0.005874	0.182179	0.806810	-0.043270	-0.221106	-1.472058	0.054251	-0.205589	0.270290
	-0.019032	-0.095274	-1.816843	-1.673541	0.641047	0.726910	-1.006745	0.208348	0.077922	1.373715	0.057812	-0.073195	0.537830	0.070066	0.177507	0.369237	0.926104	0.851481	-0.223798
	1.150463	1.127302	-1.343014	0.258628	0.783377	0.777485	0.369945	-0.158420	0.398670	-0.024408	-0.377124	0.309852	-0.137681	0.282433	-0.341181	-1.070224	-0.791575	0.362873	0.954785
	-0.519676	-1.218069	-0.368152	0.640802	-0.223837	0.085000	0.582089	-0.037527	0.156832	0.559192	-0.444448	0.840068	-0.746729	0.643451	-0.418419	0.812242	0.709829	0.158974	0.244087
	0.101974	-1.847369	-0.128796	-0.169959	0.286706	0.419280	0.361746	0.798437	0.857005	0.963879	-0.337789	0.402618	0.499028	-0.107616	-1.008197	-1.055921	-0.944027	0.130257	0.753962
	-0.539222	-1.162496	-0.676194	-0.562660	0.037948	-0.658490	0.168991	0.054072	-0.032803	0.803500	-0.706585	-0.878191	-0.282233	0.282853	-0.815393	0.921433	1.057301	0.381304	0.580153
	-1.444705	-0.816498	-1.688165	-0.431550	0.094548	-0.011223	-0.408416	-0.160645	-0.358082	1.020885	0.714782	0.222035	-0.839848	-0.167884	0.168012	-0.039499	0.322743	0.338033	0.494857
	0.657991	0.055495	0.345341	0.432371	-0.756281	-0.256908	-0.105747	-0.325865	-0.503457	0.879338	0.445462	0.830540	0.770484	0.966597	-1.106217	0.700101	0.622701	0.405833	0.755463
	1.222308	0.684651	2.016329	1.910180	0.257390	0.883397	0.874346	0.534564	0.861214	1.217747	0.487554	0.722268	0.652901	0.786659	1.145708	1.117006	0.842429	1.110065	0.147220
	1.066943	0.034452	1.040227	0.505150	-0.288386	-0.034315	0.872310	0.759301	0.251964	0.218312	-0.149801	0.718893	1.205374	0.404382	0.631325	-0.118534	-0.646392	0.037750	0.306287
	-0.178345	-0.399526	-0.142150	0.526488	0.230191	0.267538	-0.476910	0.113218	0.425270	1.521676	1.111393	0.711595	-0.331617	-0.425419	-0.721841	0.178362	0.811225	0.127096	-0.660219
	0.121126	0.561517	0.363604	1.108397	0.269099	-0.773114	0.925712	-0.553468	-0.003574	1.081007	0.764955	0.548871	-0.150864	0.003075	-0.800405	1.992224	0.205058	0.640770	0.124258
	-0.141029	-0.753871	2.395036	0.466935	1.098095	0.658643	0.708099	0.113991	0.177357	0.883102	1.237807	0.446396	-0.228028	-0.364308	-0.549280	0.006412	0.245219	0.277946	0.272000
	-0.068637	0.800178	2.485385	1.119983	0.509751	-0.080922	0.774696	1.122970	0.393612	0.396806	0.118983	-0.349252	-1.022901	-0.187356	-1.400981	-0.010173	-1.257108	-0.244081	-0.274705
	0.070184	0.359621	2.062703	0.991918	-0.047107	0.734318	0.377661	-0.175582	-0.355938	0.598452	0.683363	-0.876314	-0.309057	-0.348282	0.393765	-0.318545	-0.650497	-0.444959	-0.191840
	-0.023735	-1.213545	-0.040509	0.291709	-0.065950	0.301263	-0.341407	-0.408228	-0.816073	1.236516	0.355986	0.199817	0.732468	0.505371	0.379866	-0.655995	-0.641461	-0.053730	-0.100525
	-0.536775	-0.940783	-0.161522	-0.329603	-0.397486	0.352643	0.157813	-0.767031	-0.667999	0.207043	0.057923	0.415859	0.047105	0.154047	0.229449	0.419746	0.031469	-0.253736	-0.449201
	1.130026	0.412159	1.031557	0.961087	0.583923	0.374064	0.638541	0.199747	0.228181	0.827596	0.451084	-0.056217	-0.156453	0.136550	-0.284793	1.295843	1.385106	0.250552	0.688452
	0.968382	1.907093	2.574046	2.622315	-0.045426	-0.553723	2.508257	0.602606	0.226920	0.637690	0.475479	-0.271538	-0.664489	0.229151	0.112556	-0.614532	0.690120	0.515115	0.574930
	-0.873159	0.123303	1.097459	2.454529	-0.466587	-1.193449	-0.672345	-1.027539	-0.508326	-0.349695	0.230964	-0.816215	1.284485	0.131803	-0.676889	-0.447616	-1.088647	-0.171482	0.502208
	-1.152890	-1.354987	0.484015	0.608988	-0.963248	-0.034838	-1.212688	-0.431679	-1.487868	-1.036972	-0.047462	0.768368	0.114971	-0.294440	0.234772	0.791707	-0.772726	0.072957	0.177712
	0.437028	0.749104	0.851137	1.496237	0.577668	-0.001176	-0.412319	-0.620916	-0.485494	-0.662513	0.336008	0.399743	0.378879	-0.319630	0.123359	1.155373	-0.097527	-0.043511	0.423935
	0.392875	1.067531	2.180611	2.272111	0.558236	0.300599	0.341823	1.114259	1.005973	0.082826	1.166702	-0.514311	2.083107	0.011402	0.516750	0.534863	0.323462	-0.451651	0.527224
	0.900500	1.539633	1.652828	1.916086	-0.163574	0.005823	0.137511	-0.123715	0.250313	0.978700	0.589142	0.679548	0.607327	0.490179	0.676698	0.517654	0.865658	-0.385961	-0.286260
	0.080647	0.692426	-0.253826	-0.344065	-0.284816	0.442547	0.484165	-0.420516	-0.729015	0.586178	-0.036477	0.227705	0.648845	0.552237	-0.149594	0.467144	-0.103293	0.087435	-0.001037
	-0.460417	0.277006	0.559134	0.186811	0.231337	0.199390	0.484228	-0.155904	-0.158558	0.623455	-0.380453	-0.450104	0.101019	-0.531861	0.154799	0.477151	0.517985	-0.392194	-0.406390
	0.631191	1.789362	1.949279	1.387483	0.853695	-0.650738	1.335977	0.070362	0.074833	0.037026	-0.904896	0.999336	-0.320580	-0.313449	0.556539	0.194477	0.482539	-0.569393	-0.082965
	0.619320	1.964882	1.998877	2.263367	-0.505779	0.092449	0.760385	-0.222076	-0.326104	0.669109	0.322173	-0.383998	-0.847383	0.856191	0.181010	1.068775	0.698094	0.028099	0.396341
	-0.265962	-1.330755	1.196599	-0.350689	-0.761966	-0.677582	0.602124	-0.321980	-0.454399	0.269819	0.423177	0.601832	0.573176	0.562165	0.015408	-0.081422	0.268104	-0.109116	-0.069449
	-0.087937	-1.036700	-0.333535	-1.318157	-0.632973	0.070846	0.416681	0.073329	-0.712175	-0.084247	0.827915	-0.890087	0.298253	0.296969	0.066171	0.579072	-0.419933	-0.635020	-0.441634
	0.245165	0.595465	0.307436	0.176845	0.592135	0.342532	0.667876	0.648601	0.528778	0.586466	-0.049801	0.225848	1.021530	0.595134	0.031233	1.682908	0.749395	0.139891	0.248022
	0.459662	1.126289	0.927919	0.062388	0.375965	0.059839	1.391851	0.043689	0.325696	0.872673	1.710939	0.950107	0.795851	0.193496	-0.272453	-0.462035	0.969832	0.615213	-0.261768
	0.368717	0.322962	0.843842	0.435910	-0.137520	0.739343	0.759471	0.254977	-0.478938	-0.755434	-0.254006	-0.631371	-1.104932	-0.793743	0.931449	-0.528083	0.090541	-0.377708	-0.485114
	-0.092755	0.467216	0.162525	-0.032446	-0.362329	-0.024314	0.653592	-0.243551	-0.162442	-1.242089	-0.006281	-0.490538	0.712817	-0.122064	-0.435283	0.678931	0.044088	-0.266625	-0.607035
	-0.483472	-0.018161	-1.067519	-0.890516	0.221709	0.013046	0.477524	-0.130259	-0.499040	-0.661347	0.084118	-0.126480	0.174074	-0.338415	-0.099897	0.165089	0.024594	-0.610955	-0.731957
	-0.018429	0.399598	0.262356	-0.813433	0.080842	0.028666	0.517179	-0.807084	0.106242	0.059895	-0.989097	0.071942	-0.709936	-0.253749	-0.167210	-1.784859	-0.448838	-0.302295	-0.171977
	0.028644	0.456955	-0.150647	-0.229636	0.245521	-0.442387	0.357607	-0.450164	-0.078650	-0.277460	-0.315987	0.173976	-0.350008	-0.129321	0.407768	-0.783298	0.208059	-0.462563	-0.098225
	-0.874126	0.310254	0.650153	-0.308490	-0.541073	0.304826	-0.518853	0.008318	-0.067494	-1.149329	-0.318484	0.301432	0.614933	-0.014997	-0.487846	0.538999	0.628602	-0.244241	-0.493953
	-1.344046	-0.319264	0.392318	-0.511074	-0.201257	-0.079876	0.046998	-0.035454	-0.527809	-1.815104	0.015457	-0.405635	0.212000	-0.543560	0.442064	-0.687637	-0.360723	-1.160625	-1.006802
	-0.607926	0.969943	-0.786832	-0.611881	-0.706754	-0.916246	-0.429237	-0.109966	-0.368785	-1.327077	-0.880504	-0.119059	-1.039800	-0.154343	-0.714470	-1.629234	0.150183	-0.250350	-0.745888
	1.042446	0.638881	0.336734	0.813357	-0.135992	-0.589425	-1.865137	-0.618145	0.243211	-1.154050	-0.926885	-0.198311	1.034377	-0.134646	0.218777	-0.642161	-1.284490	0.751808	-0.201592
	0.415912	0.803337	-0.409441	-0.321544	-0.124989	-0.934393	-1.944402	-0.273911	0.831831	-1.934350	-0.990463	0.212246	-0.181675	0.571807	-0.599412	-1.337595	-1.725625	-1.012280	-0.750335
	-0.902856	0.706223	-0.544545	-1.066892	-0.381452	0.057746	-0.053221	-0.506555	0.038333	-1.676846	0.178655	-0.110718	-0.287511	-1.196417	-0.000503	-0.885908	-0.403612	0.311728	-0.390218
	0.499147	0.175469	-1.472282	-0.261773	-0.014009	-0.634917	-1.808133	-0.810306	-0.408653	-0.944104	-1.350633	-0.581023	-0.268153	-0.182366	0.231351	-1.028197	-1.154193	-0.613446	-0.347253
	0.585487	1.176117	-0.622769	0.500217	0.382258	0.423267	0.480408	0.511455	1.218301	-0.668250	0.171213	-0.218001	0.050871	-0.065103	0.702003	-0.487741	-1.234216	0.460393	-0.212181
	1.251806	0.133159	-0.285282	-0.002485	0.001257	-0.483548	-1.245730	0.468470	0.898990	1.244045	-0.262238	-0.725781	0.352483	0.114571	1.302412	1.201526	0.054331	0.346493	0.400404
	-0.633522	0.656638	-0.956671	-1.593036	-0.975154	-0.258547	-1.234897	0.321404	0.173723	-1.453986	-0.703092	-0.509272	-0.973358	-0.001342	0.285123	-0.567881	-0.181518	0.619285	-0.419912
	0.394528	0.707589	-0.849501	-0.782148	0.236907	0.086224	-0.122652	-0.166233	1.039644	-1.025771	0.199835	-1.131502	0.569196	-1.593000	-0.668479	0.275215	-1.162058	-0.233371	-0.344629
	0.113576	-2.039858	-1.046858	-1.292271	-1.012043	-0.284298	-0.613491	-0.178416	-0.534437	0.565038	-0.302426	-0.339122	0.800772	-0.918772	-0.665569	-0.342006	0.174889	0.453810	0.263273
	-1.085911	-1.631574	-1.990435	-2.520711	-0.581766	-0.558809	-1.078097	0.249561	0.583567	0.321159	-0.641976	-0.213729	-0.426011	0.661758	-0.404053	-0.589489	0.213888	-0.517001	0.047638
	-1.220670	-2.299948	-2.892961	-2.075872	-0.291558	0.679959	-0.786716	-0.282921	-0.467610	-1.055745	-0.000729	0.059516	-0.299307	0.116272	-0.202625	0.491271	0.373936	-0.767415	-0.009094
	-0.704673	-0.410204	-0.497226	-0.896897	-0.335216	0.464672	0.880210	-1.120604	-0.297886	-1.564459	-0.008295	-0.726015	-0.292057	-0.912941	-0.626109	0.094082	1.141512	-1.296692	-0.391466
	-0.690926	-0.787553	-0.618782	-0.909138	0.437670	-0.573714	1.055610	-0.546404	-0.420229	0.078524	0.264543	-0.329614	-0.147850	-0.056621	-0.441324	-0.358847	-0.249021	-0.553401	-0.661359
	-0.442726	-1.692543	-1.079581	-1.251372	-1.189680	-1.109192	-1.207767	0.267176	0.631765	-0.872936	-0.164782	0.678800	-0.384678	-0.071296	-0.444047	-1.360664	0.496970	-0.386268	-0.250570
	-0.669478	-1.126166	-2.132248	-1.900308	0.274021	-0.059489	1.234138	-0.509087	0.005227	-0.636171	-0.554063	-0.587013	-0.190858	0.262536	-0.301340	-0.503815	-0.716368	-0.174409	0.260695
	-0.393200	0.080017	-0.627833	-0.297047	-0.545431	0.026588	-1.507170	-0.541881	-0.201858	-1.430281	-0.319378	-0.573800	0.668874	-0.230059	-0.159775	-0.366908	0.363839	-0.953479	-0.582480
	-0.979961	-0.397739	-0.720764	-0.674319	0.235338	0.092918	0.827931	0.181762	-0.160304	0.009996	-0.230286	0.355214	-0.284462	0.605059	0.911839	-0.263538	1.268449	-0.613830	0.031046
	0.930146	-0.787848	-0.833611	-0.808320	0.637304	0.212719	-0.068743	-0.271461	-0.305873	0.361639	0.188854	-0.376408	-1.438192	0.277543	0.424402	-0.055352	0.620825	0.364684	0.607044
	-0.313575	-0.091258	-0.964962	-0.090713	-0.162964	-0.191946	1.208770	0.667699	-0.219908	1.008637	0.598663	0.251179	0.084483	0.657686	0.140852	0.719386	0.974853	-0.142208	0.796990
	-0.154242	-0.697844	-2.495509	-1.110963	1.213459	-0.176010	1.220712	0.619721	0.697611	1.560625	0.856453	0.547004	0.772167	-0.184125	-0.367291	-0.198346	0.795077	0.129474	0.528324
	0.057370	1.055180	-0.248727	-0.251472	0.314005	0.580229	-0.978273	0.816907	0.214294	0.336416	-0.744147	0.049885	0.252619	0.181887	0.647715	0.566257	0.340281	0.382093	0.515870
	-0.121761	-0.302383	-0.003132	0.252310	0.132029	0.992422	1.584607	-0.375326	-0.401432	0.837066	-0.485118	0.185711	-0.328453	0.327576	1.520105	0.128085	-0.544208	0.157929	0.809303
	-1.113279	-0.182283	-1.276487	-1.634705	-0.598843	-0.724586	0.966620	0.414566	-0.166096	0.873214	0.428278	0.540412	-0.124079	0.358970	-0.222406	-0.572406	0.748903	0.058482	1.140702
	-0.113923	-0.995837	-2.157990	-1.397980	0.060178	-1.002180	0.758980	0.457837	0.501662	1.081655	0.282008	0.002012	-0.081021	-0.569252	-0.303246	-0.073111	0.711095	-0.306041	0.884985
	-0.730333	-0.959409	-0.298014	-0.876663	0.697016	-0.497514	1.140992	-0.246078	-0.197777	-0.136323	0.162993	0.421589	0.095893	0.311835	-0.168877	-1.057960	-0.310363	0.636465	0.575245
	-1.283569	-0.383859	-0.594918	-0.659161	-1.261819	-0.740113	-2.018330	-1.233241	-0.943321	-1.170131	-0.310546	-0.235624	-0.830775	-0.026976	-0.079447	-1.414502	-0.332631	-0.201420	-0.730390
	-0.338087	-0.662164	-1.294572	-0.414041	-0.527628	-0.175647	-0.937952	-1.111986	-1.379441	-0.146043	-1.358184	-0.268984	0.152615	-0.295887	-0.259755	-1.633641	-0.049497	-0.110940	-0.604855
	-0.850841	0.155034	-0.015658	-1.075299	-0.366652	0.067118	-0.332597	-0.374619	-0.057783	0.614456	-1.020571	-0.335804	-0.160834	-0.126518	-0.202999	0.924969	1.171928	-0.379659	-0.143667
	-0.661506	-0.287576	-0.329142	-0.451490	-0.006386	-0.010302	-0.545953	0.212947	0.170424	1.185559	0.586868	1.173673	-0.253768	-0.262275	0.506601	-0.374605	1.362810	1.111266	0.419351
	0.887777	0.259729	0.079094	0.686147	0.353152	-0.481892	-0.747063	-0.123946	-0.223954	-1.124532	-0.143919	0.153965	-0.000707	-0.825772	1.258305	0.906725	-0.231810	-0.018501	0.008441
	-0.914247	-0.692117	0.051324	0.562780	-0.884134	-0.191327	-1.711479	-0.618268	-0.439812	-2.236383	-0.657088	-0.102154	-1.650621	-0.664862	-0.462307	0.229096	-1.195235	-0.833332	-0.332841
	-0.739075	-2.660051	-1.288416	-0.507559	-0.402975	0.063149	-2.524932	-0.270417	-0.386426	-1.258974	0.000644	-0.211550	-0.166783	-0.256491	0.969559	0.307856	-0.228360	-0.257915	-0.237252
	0.545870	-0.272040	-0.759443	-0.278266	-0.118290	0.615827	-0.232280	0.459913	0.489779	1.159365	-0.767193	-1.114508	-0.144622	-0.022911	0.489857	2.241254	0.664170	0.437839	0.393746
	1.375114	0.585754	0.551987	1.429725	0.472891	0.279626	0.630695	0.678520	0.746123	1.769622	1.130451	0.646367	-0.374312	0.327138	0.034014	1.653425	2.207864	1.091892	0.847274
	0.303268	-0.285974	0.476293	1.325579	0.304234	-0.121325	0.444669	0.824750	-0.273695	-0.064478	1.057897	1.717796	0.368539	0.301524	1.066245	0.489019	-0.235681	0.486167	0.429486
	-1.005905	-1.120826	0.121298	0.220551	-0.578526	-0.878607	-1.052692	-0.109950	-0.823026	-0.467218	-0.597937	-0.121011	0.038969	0.214354	0.819601	-0.241131	-1.087481	-0.034208	0.114097
	-0.187301	-0.286369	-0.244435	-0.499921	0.143432	-0.486700	-0.602474	0.184380	-0.155509	0.301275	-0.494739	0.461870	0.331914	0.069008	0.649158	0.553037	-0.154675	0.495435	0.461214
	0.732464	-0.027145	1.256025	0.222109	0.169172	-0.634629	1.406848	1.396180	0.499126	0.248529	0.877426	-0.341129	0.017450	0.176626	0.181813	0.938857	-0.169971	0.539182	0.175633
	-0.296525	-0.128857	-0.497102	-0.105426	-0.360609	0.478882	0.537788	0.968764	-0.341466	-0.820436	-0.492315	-1.330125	-0.375530	0.910816	-0.880506	-0.621993	-0.466599	0.066786	0.399164
	0.628207	0.112916	-1.048321	-0.029665	0.051307	0.604718	-0.255533	-0.824019	-0.987982	-0.192773	-1.370756	-0.791338	0.094169	0.792067	-0.385752	-0.277379	-0.737985	1.231170	0.688463
	-0.174685	0.538528	-0.091406	-0.536304	-0.986871	0.898695	-2.049865	-0.082707	-0.090749	0.077597	-1.246123	1.127755	0.844848	0.658464	-0.072407	-0.400307	-0.023464	0.438619	-0.206197
	-0.270441	-0.099624	0.478145	-0.413039	-0.223676	0.488464	1.023385	-0.097081	-0.549084	0.546082	0.586276	-0.476485	-0.489350	-0.105895	-0.532840	-0.317483	0.204090	-0.013551	0.328183
	0.078672	-0.421039	-0.786792	0.341227	0.354921	-0.580845	0.708725	-0.881593	-0.189820	0.443733	0.399828	-0.009536	0.228831	0.482743	-0.134017	-0.854418	0.005028	-0.115266	-0.005637
	0.533408	-0.247637	-0.325002	-0.253947	0.282180	-0.292011	1.296636	0.117728	-0.107980	0.179242	-0.472921	-0.070452	0.269594	0.354525	0.588605	0.797754	1.033065	0.083576	0.315310
	-1.144359	-0.019001	-0.006919	0.072884	-0.341205	-0.807495	-1.014042	-0.522349	-0.126436	-1.191487	-0.348092	0.203074	0.164834	0.231217	0.178117	0.462290	-0.904025	0.034612	-0.744585
	-0.468395	0.397758	0.448125	-0.099683	0.184990	0.417298	-0.855924	-0.043479	-0.341985	-1.158783	-0.341510	0.128528	-0.082452	-0.012114	0.181140	-0.418167	0.056314	-0.140283	-0.862332
	-0.241755	0.074844	0.968231	0.229151	-0.236762	0.866118	-0.078531	-0.181796	-0.406100	0.708190	-0.508387	0.208070	-0.145867	0.469483	0.399333	0.441877	-0.195008	0.360492	-0.587837
	1.347259	1.128640	1.591077	1.529702	0.112298	0.082835	-0.737177	-0.004052	0.065199	0.113562	-0.271659	0.847781	-0.705904	-0.234397	0.156020	0.387195	-0.518430	0.256429	0.232366
	0.909227	1.813306	2.205615	1.000826	0.310411	1.610626	1.142352	1.082392	1.728563	1.514313	1.495552	1.256740	1.598718	0.646546	-0.269961	-0.071550	-0.490329	1.006356	0.153510
	0.281333	0.082069	1.053145	0.616266	1.102489	0.504389	-0.804581	0.190773	0.611625	0.706803	0.179330	0.338382	-0.827863	-0.436949	0.178346	-0.505250	-0.046388	-0.343704	0.086672
	-0.544757	-0.097751	0.891785	-0.003189	-0.072744	-0.154962	-0.614514	-0.402423	-0.378391	-0.566265	0.784696	0.175661	0.520995	-0.558067	-0.195039	-1.131413	-0.371314	0.085878	-0.288280
	0.765160	0.652962	1.240284	1.525445	0.056660	0.138417	-0.917005	0.192863	0.433766	0.414176	-0.030149	-1.061864	-0.674933	-0.641484	-1.072218	0.030012	-0.004148	0.288424	-0.260102
	-0.011800	1.235234	0.841459	1.335934	0.342380	-0.195451	1.375322	0.748270	1.084290	-1.051220	0.556343	-0.621526	0.802009	-0.831058	-1.205966	-1.853570	-0.016305	-0.065651	0.080215
	0.693778	-0.191234	1.186346	0.219653	0.063956	0.569988	1.451125	-0.252566	0.627062	0.382094	0.137967	0.494324	-0.737963	-0.624889	-1.013380	-0.131273	-0.850317	-0.720516	-0.125327
	-0.511772	-0.005725	-0.599326	-0.705696	-0.169325	-0.193087	-0.749149	-0.673625	-0.472229	0.247155	0.212828	0.411066	0.715713	-0.871193	-0.526796	-0.619271	-1.101208	-1.196466	-0.530855
	0.697215	0.456936	1.033833	0.482367	0.457966	-0.064668	-0.105791	0.110692	-0.046374	-0.276751	0.465799	-1.202882	-0.393220	-0.008095	0.171179	0.092464	-0.346278	-0.428520	-0.878835
	0.495465	1.433363	1.978725	1.988297	0.450955	-0.444291	1.476878	0.533421	0.671420	1.348378	1.484750	-0.092159	-0.202299	0.365176	-0.219659	1.264088	0.868645	0.220447	0.232634
	1.303653	0.913985	1.208167	1.464431	0.162712	-0.000161	3.927095	1.575918	1.300933	1.987767	1.304315	0.687119	1.247809	0.570104	0.585457	1.412803	1.353390	0.112871	1.161260
	0.017711	-0.105143	1.130903	1.586995	-0.087682	0.111906	-0.521180	-0.210578	-0.858629	-0.507032	1.005152	-0.461526	-0.647418	0.209109	-0.339377	-1.239654	-0.508172	0.008048	-0.293918
	0.727907	0.677329	3.001703	1.132233	0.415122	0.562516	-1.492468	-0.592807	-0.324995	-0.211743	-0.153214	0.168008	-0.394675	0.642508	0.525076	-0.452578	-0.524519	0.204845	-0.220652
	-0.492853	1.375124	1.002597	0.108877	0.317187	0.581869	-0.149906	0.076348	0.587621	0.251259	-0.310913	-1.637275	-1.204798	-0.193302	0.219176	0.962191	-0.096962	0.368480	-0.403145
	1.687010	0.315212	-0.641724	0.316253	0.684777	-0.131043	2.100611	0.479948	-0.223422	0.229350	0.329897	-0.749244	0.908582	-0.063255	-0.739817	2.094461	0.774827	0.557228	0.698910
	0.306089	0.843862	1.759715	0.727344	0.208990	0.708472	-0.361000	0.268235	0.691523	-0.819127	1.369209	-0.006013	0.464733	-0.160418	-0.933031	-0.280306	-1.206381	0.483816	0.072302
	-0.974840	-0.256908	1.695510	1.079637	0.251697	-0.232365	-1.100146	-0.141368	-0.744558	-1.712661	-0.125226	-0.543816	0.179318	-0.872306	-1.417503	-0.488168	-1.598464	-0.738133	-0.976947
	-1.401023	0.423187	0.823517	0.092415	0.662884	-0.368092	-0.962046	-1.026264	-0.161502	0.084115	0.154086	1.089354	0.706569	-0.027661	0.368982	-0.493075	-0.102027	0.508916	-0.449867
	0.316812	-1.023935	-0.052491	-1.281725	0.233263	1.045221	0.976703	0.543570	0.149170	0.255993	0.322337	-0.631975	-0.339313	-0.469214	-0.577289	0.756174	0.321313	0.367135	0.049645
	1.228267	-0.090608	0.802183	0.173190	0.085044	-0.489124	1.486533	-0.110467	0.696512	1.391240	-0.397714	0.180220	0.542416	-0.121053	-0.406343	0.853338	0.148552	-0.674653	0.429184
	0.157444	0.979257	0.012104	0.162020	0.973431	0.383850	-0.630977	-0.335133	0.322989	0.312759	0.147148	1.481421	-0.135914	0.246690	-0.108138	-1.639502	-0.469522	0.061286	0.119414
	0.316358	-0.303985	-0.864721	-0.463095	-0.531231	-0.203086	-0.918205	0.019483	-0.538582	-0.848096	0.704622	0.135107	0.634515	-0.202153	0.548356	-1.149715	-0.451555	-0.829914	-0.417184
	-0.242016	0.541198	-0.047364	-0.538572	0.185068	0.934214	1.096131	-0.150163	0.186333	-0.535749	-0.644486	0.601970	0.548538	0.264520	0.543843	1.278415	-0.410175	0.078836	-0.227767
	1.832050	0.923743	0.123117	0.303728	-0.228231	-0.163247	0.365934	-0.123143	-0.135955	-0.304529	0.048573	1.113871	-0.418732	1.184137	0.793487	1.373246	0.619182	0.277328	0.029477
	0.856758	0.710725	0.453371	0.767925	0.373544	-0.022733	0.305947	0.290989	0.875267	1.066176	0.708939	0.275737	-0.974613	0.108406	0.883591	-0.236154	-1.464345	0.834837	-0.285809
	0.621357	0.439976	0.322768	-0.273112	0.665671	0.107399	0.752711	0.370591	0.357827	-0.432075	-1.130344	0.411914	0.290238	-0.111750	0.613096	-0.434653	-0.412134	-0.454297	0.384559
	0.636541	1.315243	0.663177	-0.146309	1.238752	0.984104	0.722908	-0.249224	-0.535373	0.390534	-0.179113	-0.173113	-0.287152	-0.749513	-0.176422	0.262282	0.611953	-0.919490	-0.660906
	0.138904	2.102079	0.603236	0.704869	1.104207	0.526966	1.001233	0.120485	1.264664	1.172058	0.235253	1.259596	0.418507	-0.923811	0.172782	0.523392	0.339167	0.240513	-0.341315
	0.814110	-0.115767	0.777113	1.282425	-0.154585	0.101696	1.048269	1.010455	0.808431	0.403509	0.563617	0.732104	0.649773	-0.551114	-0.376152	0.470439	0.118948	0.414165	0.463102
	-0.364627	-0.581897	0.307414	-0.680979	-0.759558	-0.618697	-0.218185	-0.881846	-0.704178	0.178405	-0.102683	0.632877	0.934022	-0.397453	0.184797	-2.389196	-1.316365	-0.706218	-0.406227
	-1.563502	-1.450220	-0.814361	-0.788552	-0.625032	0.409483	-1.762938	-0.787838	-1.048254	-0.045356	-1.074006	-1.563287	-1.120282	0.421898	-0.284048	-1.043293	-0.429633	-0.615529	-1.098734
	-0.571221	-0.829076	0.308833	0.037539	0.542984	0.003240	-1.721566	0.591938	-0.155999	-0.678991	0.112363	-0.818899	-0.544449	0.187813	0.677096	-1.207289	-1.378404	-0.360781	-0.494748
	0.880684	0.592528	-0.644443	1.159175	0.735300	0.496898	0.141625	0.504654	0.176343	0.147220	0.816441	0.144084	-0.453848	0.036255	-0.600827	-0.216243	-0.210576	-0.038676	0.837890
	-0.054303	0.350655	0.467310	1.931652	-0.131461	-0.218909	0.595757	-0.002118	0.123929	0.212136	-0.673826	1.033067	0.681074	0.694522	0.141833	0.713653	0.453330	1.048932	0.247672
	-0.012422	-0.672614	1.907703	1.520986	0.102493	0.410617	1.169102	0.492492	-0.119716	-0.681310	-0.026922	1.098406	0.286656	0.872036	-0.574792	-0.919644	-0.341372	-0.018982	0.645777
	-1.336788	-1.519681	-0.154998	-0.364198	-0.330049	0.005551	-0.922984	-0.711237	-0.150043	-0.510200	0.700066	-0.020482	0.750792	-0.361605	-0.167785	-0.456554	-0.268547	-1.008110	-0.386065
	-1.214577	-1.002872	-0.689317	-0.656966	-0.591960	-0.232170	-1.913114	-0.679772	-0.085547	0.188623	-0.815398	-0.152134	-0.398943	0.496776	0.255724	-0.039622	-0.062131	-0.671944	-0.557068
	0.444968	0.075053	-0.845227	0.050061	-0.261237	-0.931583	0.664254	0.289260	-0.173235	1.816778	-1.393527	0.150061	-0.386993	0.418840	-0.358329	1.180836	1.292699	0.645896	0.652836
	0.294237	-0.123589	-1.284656	-0.123301	-0.747026	-0.810682	1.418689	0.509866	-0.178761	1.817915	0.494308	-0.646648	0.769265	0.014095	0.155527	0.499976	0.965533	0.331500	1.062878
	0.135758	-1.383046	-1.370180	-1.684838	-0.366512	-0.215494	-0.224119	0.536210	0.473009	0.595186	-0.476908	-0.616717	-0.240653	-0.070840	-0.028560	-0.341403	-0.198670	0.552902	0.541508
	-0.380081	-0.096654	-1.196158	-1.368358	-0.812814	-0.283135	-0.870476	-0.031490	-0.076367	0.599537	0.082909	-0.569052	-0.315166	0.548026	-1.135460	0.871407	0.140288	0.124486	-0.162166
	0.290158	-0.200064	-1.544438	-0.678722	-0.177700	0.298589	0.307126	0.076258	-0.779810	2.057101	-0.732457	-1.162377	-0.307532	0.099458	0.464970	1.423054	1.053596	0.726243	0.300320
	1.215974	0.967937	-0.420853	-0.011479	-0.476283	0.540279	1.095208	-0.354221	-0.229479	0.341917	0.140588	-0.061643	-0.139611	-0.007650	-0.222617	0.587819	0.714543	0.253080	1.037856
	0.124405	0.120376	-0.501866	-0.286078	0.128829	0.316730	0.550588	0.020693	0.180711	0.636715	-0.814659	-0.403138	-0.196279	1.045882	0.641345	1.839332	0.932403	0.233908	-0.212399
	0.438323	-1.052878	-0.574123	-1.088583	-0.655283	-0.606295	2.060669	0.809681	-0.219341	0.525430	1.109782	0.161973	0.271028	-0.879753	-0.463106	0.334951	-0.148474	0.065761	0.811273
	-1.817245	-0.095537	-0.363372	-0.487571	0.275341	-0.547222	-0.744009	-0.068000	-0.815002	-0.326722	0.503176	-0.177908	-0.035002	0.095278	-0.817281	-1.027009	-0.959560	0.043990	-0.154467
	1.053861	-0.157840	0.259353	-0.064475	0.189956	0.415724	-0.353232	-0.369870	-0.184325	-0.170858	0.631055	-0.517352	-0.530543	-0.097949	0.138990	-0.656414	-0.219064	0.213685	0.097340
	0.705268	0.898755	0.216841	0.714082	1.002194	0.365382	-0.862984	0.624500	0.474733	-0.031790	0.563414	0.066182	-0.284741	0.292875	-0.212409	1.176135	0.339562	-0.089228	-0.577475
	0.715075	0.123382	-0.062253	0.596373	0.591508	0.356099	0.713803	0.894130	0.638515	0.585127	-0.241118	0.305894	0.814093	0.385120	-0.137905	0.806222	-0.241492	0.503003	0.106321
	0.681262	0.511647	-0.573997	-0.222159	0.058294	0.117250	0.444638	0.896574	0.661829	0.896859	1.365182	0.094543	0.020511	0.277581	0.238787	0.802582	1.177974	0.761066	0.572816
	0.448435	0.475014	-0.428139	-0.350346	-0.037505	0.213229	0.732194	0.379997	0.097409	0.285030	-0.088708	0.356388	1.265439	0.384290	-0.332848	1.539198	0.040566	-0.130791	0.437592
	-0.302182	-1.244110	-1.354963	-0.354827	-0.412764	0.467532	-0.293070	-0.549686	-0.417719	-1.079811	-0.502111	-0.460765	-0.612841	-0.187745	-0.474715	0.040541	0.543000	-0.056545	-0.016963
	-0.968859	-0.341269	-1.134724	0.051629	-1.055946	-0.702089	0.130225	-0.019072	-0.031774	-0.405845	-0.067642	-0.375124	-1.048806	-0.591767	-0.207184	-0.339116	-0.314778	-0.027821	-0.648035
	0.233424	-0.532825	-0.211680	-0.028375	-0.321131	-0.809907	-1.537030	-0.008719	-0.379763	-1.066953	-0.127150	-0.385760	0.123394	-0.231674	-0.162019	-0.707977	1.074949	0.251095	-0.282123
	-0.236157	-0.398249	0.246646	-1.064133	-0.175563	0.310440	-0.159694	0.316650	0.106380	0.109562	-0.425906	0.492871	1.285505	-0.666332	-0.988303	-0.506852	-0.099627	0.185876	-0.195281
	-0.035935	-0.345977	-0.047583	-0.547841	-1.116489	-0.648346	-0.610335	-0.364570	-0.097144	-0.585606	-0.519761	-0.138421	-0.702033	-0.266813	-0.420756	-0.585966	-0.657342	-0.883079	-0.376765
	-0.572803	-0.014600	0.515649	0.888397	0.301712	-0.526688	-1.750354	-0.797366	-0.620742	-1.541542	-0.811916	-1.204153	0.481439	-0.122876	-0.030336	-1.389738	-1.562895	0.016821	-1.407971
	-0.478722	1.034964	1.464979	1.166337	-0.280654	0.498169	-1.731198	-0.660108	-0.487515	-1.640702	-0.282416	0.746541	-0.525216	0.438590	0.777943	0.029620	-1.058043	-0.310937	-1.383130
	0.135838	1.163173	1.933010	-0.314655	0.157381	0.634524	-0.340339	0.157814	0.687842	-0.114382	0.449460	-0.289164	0.743351	-0.350970	0.266033	-1.016400	-0.169989	-0.149143	0.412206
	-0.651280	-0.477815	-0.750789	-0.237376	0.357516	-0.109856	0.460109	0.479290	0.605693	-0.872731	0.612213	1.141457	-0.673704	-0.370364	0.669491	-0.933180	0.055589	0.182486	-0.140710
	-0.611405	0.596712	0.506192	-0.155327	-0.187428	0.041811	-1.544824	-0.800106	-0.632089	-2.000121	-0.101879	1.509168	-0.471487	-0.980344	0.565972	-0.169228	-0.585318	-0.420390	-0.627650
	-0.185380	-0.017405	1.031115	0.696801	0.331255	0.036958	-2.144732	-0.249165	-0.432616	-0.842967	0.083336	0.790424	-0.947564	-0.309710	0.672594	0.243521	-0.736749	0.289377	-0.450939
	0.593261	0.796040	0.682615	-0.303573	0.019301	-0.031463	0.091506	-0.017573	0.373226	-0.105886	-0.211791	-1.436002	0.721782	0.451670	0.672943	0.831807	1.770218	0.266713	0.179610
	0.749832	-0.304230	-0.978280	-0.497868	1.003024	0.575745	0.842076	0.851596	0.963178	0.610836	0.178721	0.371487	-0.682026	0.078963	0.266077	0.807591	0.809472	-0.512049	0.709376
	0.122516	0.063085	-0.578526	0.133554	0.186415	-0.249976	0.751650	-0.095047	0.816292	0.185783	0.741603	-0.546019	-0.823602	0.199107	0.268331	0.005738	0.249878	0.692492	0.733421
	-0.011926	0.473887	1.576877	1.837473	1.340827	0.034819	-0.260688	-0.274236	-0.089293	-1.435653	-0.077102	-0.584539	0.505226	-0.108676	0.031256	-0.904247	-1.218072	0.034478	-0.000870
	0.629289	0.324486	-0.822056	0.134737	0.454626	0.428118	-0.769667	0.041578	0.526028	-0.469392	-0.282851	-0.287476	0.148831	0.003904	0.712687	0.853144	-0.147105	-0.399268	-0.151405
	0.139436	0.223790	-1.130860	-0.145882	0.147602	0.398363	2.103664	0.226308	0.430309	0.067063	-0.658741	0.675303	-1.104597	0.654636	1.213948	0.024622	1.233441	-0.337664	0.328606
	0.587207	1.669200	0.965183	0.665224	1.205579	-0.352695	0.543376	0.798949	0.021590	0.631747	1.220561	0.363736	-0.530246	1.420026	0.509095	0.317132	-0.438655	-0.071781	0.497637
	-0.106699	-0.562361	0.703605	-0.352385	-0.192717	-0.410793	-0.025976	-0.458244	-0.598515	-0.819134	-0.359037	-0.834790	2.155664	-0.286399	-0.190982	-0.934568	-0.586566	0.389790	-0.288880
	-1.302136	-0.154884	-1.773439	-0.203683	-1.002740	-0.162521	-0.763960	-1.133763	-0.762198	-0.640955	-0.503495	0.275812	-0.734243	-0.210098	-0.864734	-0.192751	0.057756	-0.282272	-0.333751
	-0.676084	-0.703502	-0.915071	-1.653709	-1.185379	-0.601920	0.564135	-0.552469	-0.325448	0.597268	0.576314	0.459003	-0.512107	-0.021295	-0.729661	-0.421925	1.187039	0.480196	0.639897
	-1.387034	-1.970229	-1.696182	-1.793147	-1.295856	-0.670438	0.111086	0.189006	0.043494	1.574834	-0.100676	-0.113810	-0.089372	-0.321589	0.203897	-0.065875	1.345147	0.159425	0.883503
	-0.261203	-0.728019	-1.397038	-1.220702	-0.805566	-0.147049	0.017070	-0.772293	-0.327104	-1.020641	1.099391	-0.222273	0.061675	-0.212453	0.499696	1.346946	0.851586	-1.078280	0.466066
	-0.420594	0.207915	0.575164	0.421790	-0.351878	-0.514251	-1.818715	-0.532420	-0.139858	-0.271654	-0.048701	0.718466	1.089792	0.146535	0.037899	-0.305593	0.238206	-0.623761	-0.316508
	-1.755010	-1.420826	-0.507611	0.176873	-0.321207	-0.794529	-0.692143	-0.604042	-0.825759	-0.174008	-0.939222	-0.585071	-0.112021	-0.472977	-0.381054	-1.254303	-0.694092	0.155830	-0.466853
	0.449128	-0.210316	-0.244908	-0.076334	0.222451	0.132245	-0.096523	0.394894	0.796669	1.305428	0.585314	-0.318268	0.608621	0.960252	0.544838	1.135605	0.877264	-0.103998	0.183763
	0.057013	0.555883	0.039845	0.727170	0.681409	0.407029	0.622875	0.224765	0.513879	0.825570	-0.210162	-0.595828	0.021708	-0.084808	-0.028455	-0.077193	0.842884	-0.442877	0.447330
	0.147265	-0.554722	0.076226	0.259551	-0.080909	-0.460019	1.681281	0.479160	0.373220	-1.107143	-0.660828	-0.367454	0.964375	-0.019046	0.037519	1.035502	0.857715	-0.197901	-0.038046
	-0.284357	-0.369090	-0.302027	0.325019	0.499311	-0.282740	0.727754	-0.209593	-0.146196	0.255402	-0.099151	0.668259	0.319136	-0.393210	-0.888271	-1.332174	-0.012851	-0.221575	0.030138
	-0.337103	0.067074	-0.040830	0.718224	-0.391986	0.375609	0.272498	-0.579870	-0.733622	0.444148	-0.573471	-0.206941	1.494061	-0.252680	-0.176189	1.036358	0.450600	-0.715969	0.126680
	-0.040038	-1.032549	0.153604	0.329647	-0.046395	0.049090	-0.641018	0.156376	-0.091920	-1.522182	-1.418431	-0.235240	-0.014111	-0.905234	0.274773	-0.723465	-0.619400	-0.009662	0.037695
	-0.334378	-0.693294	-0.097472	-0.790106	-0.141631	-0.451598	0.651724	0.199571	0.426802	-1.409805	-0.896534	0.067930	-0.700282	0.614559	0.355712	-0.585189	-0.963160	-0.381845	-0.224792
	-0.347135	-0.852137	0.167706	-0.723789	0.946412	0.057970	-0.211657	-0.696395	-0.184777	0.386366	-0.903417	-0.158138	0.062078	-0.026756	0.305603	-1.264691	-0.366290	-0.801207	-0.231783
	-0.151135	-0.037244	-0.252989	-0.886692	0.041305	-0.234712	1.058977	-0.297553	-1.165889	0.540437	-0.606300	0.047756	-0.459062	0.101909	0.374270	1.241485	1.094544	0.091771	-0.415511
	0.024938	0.583132	-2.061671	-0.579754	-0.289875	-0.374862	0.595922	-0.561859	-0.377649	0.785837	-1.385881	0.421537	-1.098125	0.504017	-0.005193	-0.190865	0.615339	0.723260	0.405184
	-0.688195	-1.563452	-1.555771	-1.804978	-1.519485	-1.056253	1.057613	0.428135	0.310291	-0.196101	-0.071134	-0.948092	-0.276325	0.608265	-0.749623	-0.679301	-0.005845	0.813572	0.214521
	-0.984651	-2.005870	0.101691	-0.847521	-1.534577	-0.774650	-0.623907	0.253618	-0.079703	0.636491	0.465323	-0.387937	-0.421089	-0.646633	-0.733043	-0.671429	-0.763635	-0.462917	0.154755
	-0.469442	-0.908770	-1.218991	-0.975285	-0.742930	0.247057	0.493243	-0.783148	-0.734566	0.012363	0.356676	-0.714351	-1.240056	-0.326851	-0.293434	-0.192838	-0.140106	-0.746489	0.076169
	-0.942650	0.815153	-0.971267	-0.758357	-0.148266	0.003268	-0.847998	-0.452828	-0.406158	0.345916	0.012422	-0.636016	-0.360172	-0.669531	0.580396	-0.490425	0.709584	0.195735	-0.539230
	0.964954	1.638483	0.223761	0.649746	0.343811	0.732564	0.491771	0.884693	0.544426	0.580408	1.111785	0.098063	-0.239939	-0.305103	-0.169464	1.358419	0.663282	0.132592	-0.233271
	1.467420	1.563566	1.664577	1.417622	0.066973	0.132668	0.133109	0.397337	0.511893	0.041909	0.568390	1.091548	0.111939	-0.594121	-0.346692	-0.263521	-0.839538	-0.179713	-0.099035
	1.159908	0.558645	0.520473	0.534635	-0.322022	0.314713	-1.254364	-0.320455	-0.347419	-1.490962	-0.733692	-0.293746	0.411202	0.368441	0.093923	-0.833254	-1.095067	-0.467261	-0.395422
	0.380489	0.754984	0.500350	-0.371731	-0.028064	0.391456	-1.138695	-0.096770	-0.363552	0.246705	-0.018564	-0.047459	-0.086971	-0.152882	1.061837	0.742731	0.454298	-0.022920	-0.195043
	-0.354734	0.157674	0.768779	0.616881	0.172074	0.551469	0.981647	0.334757	0.119879	1.197366	0.474695	0.852166	-0.163102	1.027614	0.239924	-0.218909	-0.332608	0.815074	0.468761
	0.818462	1.030192	1.643551	1.047706	0.955685	0.293242	-0.081548	0.070624	0.793732	0.470631	1.080955	-0.347510	0.287041	-0.161114	0.188687	0.155682	-1.320553	0.550641	-0.522479
	1.223960	0.608971	1.639953	1.271826	1.452604	0.670015	-0.404618	0.829710	0.388597	-0.068270	1.165425	0.403661	1.188128	0.400513	-1.086106	0.970389	-0.224128	0.472577	-0.165682
	-0.057858	-0.086507	0.439908	0.638735	0.763080	0.182156	0.233012	0.498188	0.373924	0.048000	-0.059421	0.828336	0.055057	0.003427	-0.345673	0.166670	-0.187143	0.547575	0.779576
