	0.259831	-0.139948	-2.790594	1.405231	-0.462041	-0.091979	-0.476385	-1.004449	-1.157512	-1.284432	0.208094	-0.018568	-0.671841	-1.143278	-0.833706	-0.025013	0.207576	-1.090685	-1.450198
	0.625601	0.421706	-1.118918	-0.267331	0.413112	0.239646	1.355949	0.736033	0.478158	0.233780	0.087804	-0.919022	0.108657	-0.181733	0.510265	-0.651545	-0.961927	-0.377687	-0.250961
	0.514185	-0.321654	-0.721840	-0.107911	-1.062617	-0.139967	2.171884	0.949179	0.499294	0.818723	0.760934	0.592441	0.524259	-0.526842	0.182144	1.006834	1.409718	0.070131	0.019284
	0.714789	0.513785	-0.238466	1.810275	-0.181857	0.523510	1.374885	0.443149	-0.059743	1.102514	2.384268	-0.443030	0.674897	-0.835993	-0.047416	0.864695	1.356420	0.353485	-0.546495
	-0.136591	-0.036752	-0.881196	-0.425988	-0.899873	-1.019194	0.043409	-0.171253	-0.402862	-0.438231	0.217600	0.114818	0.271007	-0.633207	0.537071	-1.134121	-0.492335	-0.871184	-0.303633
	-1.138586	-1.252149	-0.519822	-0.465171	0.339497	-0.092566	-1.003825	-0.267041	-0.280871	-0.346974	-1.047777	0.076686	-0.893449	0.090100	0.075382	-0.251649	-0.618069	-0.309821	-0.623976
	-1.320407	-1.429202	-1.496519	-1.878281	-0.586822	-0.693375	-0.799186	0.077297	0.809162	0.472368	0.871571	-0.022643	-0.549402	0.416427	-0.044819	0.088646	0.736967	-0.363251	-0.219105
	-0.489387	0.185334	1.970910	0.974856	-0.286510	0.301052	-0.028942	-0.361868	-0.781787	-0.362277	-0.575023	0.455051	1.297488	-0.463030	-1.389096	2.556766	1.837981	0.026739	-0.298228
	0.165022	-0.710691	-1.112989	-0.141318	0.419127	0.412316	-0.162714	-0.603556	-0.174361	1.378371	0.250164	0.707367	-0.394964	1.227719	-0.337155	-0.465131	-0.089522	-0.012239	0.289981
	-0.580064	-1.400003	-0.585763	-0.926330	-0.407097	-0.509818	-1.920565	-0.219005	-0.621970	0.510541	-0.620339	0.180555	-0.858894	-0.310876	-0.091654	-0.927854	-1.363075	0.390388	-1.541715
	-1.170880	0.101220	-0.140897	-1.148573	-0.252839	-0.420939	-1.132001	-0.671632	-0.077223	-0.262143	-0.814975	-0.103418	0.405750	-0.061791	-0.731672	-0.366704	0.326006	-0.291912	-0.444317
	-0.030318	0.311228	1.307476	0.760899	-0.331081	-0.331398	-0.252076	0.291766	0.045038	1.651009	0.925181	0.629187	-0.220754	-0.121115	-0.723811	1.139005	0.234133	0.844332	0.237236
	0.274965	1.492775	2.534816	0.837967	0.303669	0.441978	0.376975	0.964105	1.177549	2.486372	0.486887	0.928944	0.155547	-0.279814	0.431346	0.650350	0.671839	1.942058	2.006252
	-0.817473	-1.251508	-3.370597	-3.163283	1.091994	-0.743518	0.147891	-0.958272	-0.477717	-0.946761	-0.856049	-1.096704	-0.570957	0.371371	0.266677	-1.337164	-1.470616	0.439845	0.948368
	-0.548367	0.305618	0.428472	-0.216750	0.648399	0.528000	0.520229	-0.047396	-0.530741	-0.575348	-1.449097	-0.856455	0.421668	0.684739	0.541970	-1.189180	-1.617940	-0.603314	-0.708477
	-1.246293	0.783728	-0.721185	-0.153605	0.553614	-1.126242	-0.851982	0.127049	-0.425916	-0.449072	-1.447706	0.042183	0.869952	1.428844	0.177450	-0.813281	-0.502724	-0.264202	-0.227243
	1.605363	0.973290	2.548310	2.787687	0.665516	0.200162	0.109703	-0.378408	0.418334	-0.331134	-1.222775	0.094976	0.479043	-0.826666	0.019807	0.670494	-0.574295	-0.472596	0.275903
	0.184812	1.307027	4.786560	0.192060	0.802317	0.806724	-0.842778	-0.452878	-0.494231	-1.562681	-1.235078	0.148241	-0.042964	0.341883	0.151771	-1.676319	-0.805911	-1.882213	0.297622
	0.027360	-0.184488	1.468055	-0.421378	0.157494	0.736242	0.524486	-0.076793	-0.629784	-1.887687	-1.166571	0.343299	0.942988	0.336651	-0.205917	-1.234885	-0.792410	-1.108836	-0.831383
	0.719691	-0.050359	0.270171	1.032327	1.119903	0.387939	-0.074323	0.383244	0.099346	0.032355	-0.225272	0.405072	0.177354	0.528543	-0.373211	0.957225	-0.560594	-0.805065	-0.145440
	0.689722	2.005667	3.191956	0.809146	-0.601988	0.399745	-0.462084	0.266743	0.454856	-0.833931	0.923008	0.736498	1.225380	0.322293	0.382776	2.224564	1.264152	0.092121	-0.346436
	-0.535483	0.145672	3.900812	0.218256	-0.146956	0.211308	-0.787952	0.299321	0.219786	-0.122965	-0.372532	0.278842	0.698684	0.756918	-0.118748	0.034069	-1.027923	0.184187	-0.310230
	0.442758	0.234526	1.040526	0.114233	0.045378	0.692099	0.724217	-0.436346	0.026479	0.192314	0.478277	-0.598614	-0.268676	-0.140349	-0.186916	0.101948	-0.501462	-0.219408	0.535311
	0.453088	0.354224	-1.519148	-0.127104	0.230393	0.240122	-0.305383	0.488066	-0.121753	0.386359	-0.242734	0.856967	-0.377897	-1.169245	-0.078999	0.136706	0.449507	0.182105	0.356231
	-0.084671	0.216292	0.859701	-0.593873	0.233700	0.530925	-1.336032	-0.077895	0.502935	-0.600541	-0.619851	0.677669	0.474611	-0.189336	1.401566	0.639242	-1.129858	0.293926	0.440543
	1.319784	-0.304207	3.514454	-0.407625	-0.095793	-0.098769	-0.033167	-0.692211	-0.303534	0.120666	-0.139562	1.081504	1.100838	1.093197	1.458924	0.971908	0.358865	-0.647348	-0.529419
	-1.363059	-0.819826	0.777526	-0.672730	-0.000259	-0.537122	-1.657410	-0.397470	-0.562923	-0.058622	-0.068938	-0.184096	-0.538798	-0.433633	-0.380996	-0.356514	0.238436	-0.536612	0.162927
	0.416279	-0.572198	-0.604970	0.619763	0.293361	-0.695468	-0.690088	-0.430625	-0.250963	0.360463	-0.630922	-0.561839	-0.266309	-0.456969	-0.028630	-0.454438	1.059659	0.182149	0.300847
	0.204143	0.898305	0.654490	-0.351635	0.177792	-1.176564	-1.571473	-0.314780	-0.118851	-1.203727	-0.701405	-1.287933	-1.021563	-1.758190	-1.113415	-0.775919	-0.807027	-0.751187	0.440197
	0.747310	-0.154063	2.101554	0.056074	0.115396	-0.331826	-0.929221	0.485604	0.374999	-0.066506	-0.818566	-0.115493	-1.173744	0.087808	-0.319875	-0.114437	-0.091400	-0.500647	-0.448502
	1.584242	0.769846	-0.680891	-0.241437	-0.456862	-0.155296	1.000196	0.543157	1.131268	0.438851	0.658470	1.053882	-0.299534	0.244325	-0.145782	0.924604	0.073211	1.647587	1.146787
	-0.150983	0.332858	-0.129248	-0.693182	-0.358109	-0.055117	0.275515	-0.387969	0.746094	0.553889	0.294600	0.839459	-1.189087	0.539587	0.976795	-0.252093	-0.191148	1.302706	1.349983
	0.478229	-0.349033	-1.564975	-2.201321	0.050508	-0.180496	0.178039	-0.187895	-0.602887	-0.565235	-0.622566	-0.888962	-0.070483	1.304642	0.292288	0.059368	-0.921867	1.119882	0.289749
	1.399832	0.573370	-2.661378	-1.950190	0.268442	0.776285	0.645548	-0.213299	0.679492	-0.639256	-0.347763	-1.250845	-0.583748	0.791392	1.170125	-1.444286	-0.688124	1.068212	1.671535
	0.416222	0.680808	-1.135200	0.720584	0.734494	0.100906	-0.438140	-0.091570	0.371541	0.052479	-0.769303	-1.623762	-0.005729	-0.259186	-0.739307	-1.268908	-1.148123	0.230652	0.930355
	0.185518	0.360466	2.393868	-0.085813	0.440306	1.285383	1.836670	0.053376	0.943663	0.242658	0.471416	-0.905875	0.197361	1.228691	1.111194	1.939553	0.740887	1.450333	0.758380
	-0.346369	-1.124593	-0.948063	0.145413	-0.063886	0.698266	-0.762270	0.088289	-0.727399	-0.418638	1.890846	0.214948	0.490138	-0.165131	-0.549941	-0.524745	0.862100	0.690802	0.582710
	0.874931	1.414862	-3.512104	0.050668	-0.006286	1.820687	1.363026	0.673276	1.054792	-0.294091	-0.451859	-0.341942	-0.301400	0.432406	1.248408	-0.578836	0.602481	1.508567	1.400518
	0.246805	0.443610	-0.712169	-0.279559	0.379800	-0.200871	0.793356	0.757277	0.148694	-0.504132	0.170842	0.229411	0.478964	0.214227	0.478218	-0.093719	-1.642108	0.665206	0.602523
	0.055140	-0.310336	-0.521787	0.414628	-0.162943	-0.046888	0.985335	0.405584	0.554205	-0.746662	-0.091981	-0.337194	-0.009741	0.877437	0.358795	0.072733	-0.084308	0.628381	0.107069
	0.333508	0.856594	0.935557	1.409835	-0.161300	0.733103	2.744508	0.183877	0.725558	0.051271	1.176192	0.211289	-0.989329	-0.435466	-0.215526	0.897440	0.164640	0.677685	1.914464
	-0.181905	0.948238	-3.113424	-1.785697	-0.092488	0.210510	1.273748	0.554846	-0.374928	0.227304	0.442472	0.919317	1.245392	-0.377912	1.351017	-0.903815	-1.522784	0.636112	1.120456
	0.245070	0.033816	-2.540051	0.340061	0.090710	-0.012631	1.158315	0.637439	0.414037	-0.614393	-0.308072	-0.433438	0.812922	-1.199016	-0.966117	0.168410	-0.574899	0.788083	1.724083
	0.067371	-0.738525	-0.060705	-1.243323	0.249533	0.159386	2.162780	0.365107	0.964619	-0.393131	0.707283	0.651327	-0.144840	0.536396	-0.261075	-0.048434	-1.094576	1.840502	1.574855
	-0.588982	0.292284	-1.293656	1.039016	0.325527	-0.181852	1.419878	0.673776	0.722708	-0.684832	1.210950	0.215657	-1.093760	0.220537	0.002378	0.659569	1.182038	1.593015	1.567984
	-1.929241	-1.327887	-2.472154	-0.795022	-0.409839	-0.930592	-0.484270	-0.032699	-0.448289	0.199746	1.332037	-0.404092	-1.083393	1.311227	-0.752713	1.020496	1.012127	0.734375	0.033581
	-0.096456	-0.393842	-2.456342	-0.570602	0.429960	0.414325	0.612275	0.620595	-0.377494	-0.474111	0.774710	-0.947722	-0.159450	0.003148	0.188716	0.217828	0.213254	1.248749	1.354873
	-0.061821	-0.222194	-0.631307	0.173408	0.429209	0.433745	2.397294	-0.022067	0.000122	-0.231276	0.805934	-0.642728	-0.420663	0.100981	0.754548	-0.265685	0.541338	0.777675	0.688828
	-0.188529	0.701292	-0.951398	-1.210906	-0.048013	-0.264262	-0.286899	-0.103656	-0.459162	-0.598242	-0.590503	0.802484	1.312737	-0.660113	0.896961	-0.821909	-0.748808	0.178199	-0.224883
	0.580118	-0.081423	-1.417421	1.526743	-0.265623	0.046310	-0.251385	-0.740621	-0.399967	0.509472	-0.987992	-0.434045	-1.387474	0.200910	-0.301459	-0.929978	-1.177067	-0.553151	-0.594961
	0.400608	-0.503695	-2.403638	-1.119270	-0.709125	-0.109974	0.750122	-0.101004	-0.102055	0.787882	-0.176636	-1.581400	-0.848803	1.075393	0.152122	-0.951367	-0.063981	-0.543078	-0.684696
	0.628121	0.120761	0.428645	-0.008927	0.410441	0.390616	-0.592557	0.128063	0.418013	0.356563	-0.018141	-0.366343	-0.857153	0.931513	1.860274	-0.045115	0.391243	-0.736696	-0.992579
	1.196477	0.205832	-0.169763	0.356677	-0.194051	-0.963200	0.768622	0.558615	-0.006819	-0.142444	0.755888	-0.884461	0.251605	0.292690	-1.095950	-0.018791	0.680365	-0.393105	-0.982874
	-0.449016	-0.922123	-0.506706	-0.038192	-0.781985	-0.256904	0.470336	0.868018	0.432490	1.356480	0.518072	-0.991605	-2.023781	0.932686	-1.288048	0.266387	0.813784	0.044577	-0.338121
	-0.845595	-1.370119	0.374835	1.017138	-0.376499	-0.926894	-0.270187	0.428429	0.643385	0.700884	1.469380	-0.917425	-0.794790	-1.083973	-0.688047	0.357047	1.717619	0.043648	-0.190073
	-0.213980	-0.182120	0.115993	0.289541	-0.632998	-0.183858	-1.996371	0.495649	0.372805	-0.048267	1.087547	-0.075352	-0.019661	-0.531242	0.047080	0.021850	0.956868	0.455681	1.716601
	-0.169876	-0.134348	-2.157154	-0.937374	-0.101475	-0.222952	2.335527	0.039552	0.327684	0.218431	0.353642	-0.072189	-0.558891	0.874014	1.269998	0.134753	-0.585118	0.426169	-0.301091
	-1.779494	-0.738296	0.550009	0.192969	-1.053019	-0.064576	0.416495	-0.594314	-0.528620	0.840817	0.837038	-0.016624	0.501383	0.396244	-0.187872	0.308142	0.352733	-1.152747	-1.812759
	-2.043373	-0.495834	0.014322	0.970665	-1.015806	-1.066680	-1.701706	-0.388768	-0.181453	-0.886926	-1.075513	-0.846507	0.468285	-1.151879	-0.216493	-1.049785	-0.222847	-2.124720	-2.217183
	-0.656446	-0.460588	1.829125	1.584916	-0.339437	-0.172871	-1.804245	0.159050	-0.197295	-0.358552	-0.331078	0.106053	-1.270451	0.327880	-0.164823	-0.729401	2.279028	-1.567977	-2.641093
	-0.729365	-1.413445	0.945199	0.662662	0.303639	-1.209412	-0.588402	0.170168	-0.639060	-0.512229	-0.492969	-0.636291	0.142731	0.871310	-0.446840	0.456315	0.016168	-2.017665	-2.367793
	-2.287600	-1.958849	1.067953	0.752855	0.280776	-0.940269	-1.049989	-0.393538	-0.409055	-0.227093	-1.131893	0.653556	0.569016	-0.720864	-0.661859	0.535455	1.033777	-1.448785	-2.072018
	-0.428588	-1.046774	0.708503	2.071831	-0.604651	-0.302287	-2.097047	-0.513398	-0.285658	-1.128493	-0.522745	1.229755	-0.604022	-0.537392	-0.667904	-0.326918	0.830119	-1.830504	-1.830179
	1.038045	0.772155	2.437014	2.669689	0.014523	-0.171929	-1.859572	-0.989331	-1.373236	-0.254303	0.238573	0.149296	1.084410	0.061369	-0.447962	0.952940	1.029044	-1.141998	-1.883242
	1.470870	0.392038	2.526517	2.770859	0.041691	0.183925	-0.679870	-0.079808	-0.157532	0.499113	0.518525	1.363717	0.737698	-1.475093	0.188063	-0.024002	1.602953	-1.392849	-0.931861
	-0.065246	-0.070562	0.496520	0.132220	1.135720	-0.050951	-1.177544	0.623840	-0.188504	0.602685	-0.073931	1.034160	0.184120	0.338538	-0.255737	-0.277834	0.907948	-0.342294	-0.365200
	-0.026462	-0.672487	-1.303948	-0.738450	-0.874345	0.165918	-2.167781	-1.239549	-1.200794	0.556824	-0.237744	-0.867950	-0.119954	-0.163355	-0.863206	-1.803882	-1.235206	-0.614736	-1.612152
	0.498393	-0.567245	0.471427	0.897107	-0.141637	0.260685	-2.073581	-0.334404	0.179996	1.697214	0.737944	0.573306	0.984266	0.688021	-1.395274	0.013359	1.666952	-0.307676	-1.788820
	0.054927	-0.265976	2.244826	-0.116424	-0.050424	0.061251	0.001956	0.282974	0.454455	1.076707	0.782196	-1.359117	-0.385391	0.188095	-0.222506	1.164204	2.563407	-0.111916	-0.506977
	-2.041972	-2.893435	-0.575639	-0.433178	-1.449475	0.590135	-1.801667	-0.123118	-0.862057	1.354929	-0.807850	-0.286086	-0.478634	-0.794039	-1.701555	0.342620	1.022930	-0.312898	-0.408992
	0.038851	-1.103987	0.017574	1.311335	-1.119098	-0.457722	-0.751321	1.006015	1.109792	1.276528	0.507484	-0.323006	-0.369545	-0.856011	0.039625	-1.084973	0.872656	-0.247962	0.685665
	0.380796	-0.355965	0.708731	0.615071	-0.741288	0.448839	-0.553620	0.424939	1.047950	0.824588	1.170388	0.027193	0.042645	-0.708792	-0.338220	0.553444	1.218052	0.660910	-0.261911
	0.047707	-0.279612	-0.060547	0.826310	0.464064	0.957186	0.159376	-0.474603	0.223338	0.897337	0.536182	0.510357	-0.234993	0.072314	0.120442	1.346495	1.526842	-0.429941	0.475301
	-0.704906	-0.485102	1.210302	0.352687	-0.881965	0.350382	-0.416380	-0.331657	0.416682	0.290830	-0.540136	-2.298545	-0.417571	0.325124	0.172665	-0.742870	0.268450	-1.322116	-0.530307
	0.902237	-0.546055	-0.453316	1.289746	0.703916	-1.097383	-0.556446	0.066695	0.094128	-0.745832	0.394751	-0.082060	0.418643	0.311164	0.050833	-0.384923	0.843694	0.956382	0.156635
	0.660445	1.835821	2.344647	1.626662	0.815709	1.291726	0.581358	0.221874	-0.173349	0.182002	1.006014	1.159548	0.605264	-1.546676	-1.597490	1.801544	0.367728	0.364982	0.420106
	0.466266	1.597073	2.607761	0.895077	0.173117	-0.379827	1.282565	0.657393	0.065879	-0.024824	0.572469	1.348397	-0.469844	-0.526647	0.328714	-0.823566	0.355040	-1.672806	-0.895566
	-0.230510	0.097937	1.483848	1.592169	-0.204974	0.556982	-0.256916	0.262162	-0.349314	0.308539	0.085589	0.730497	-0.325417	-0.480734	-0.086616	1.731489	1.118075	-0.553963	-0.971140
	-0.205522	0.198266	-0.260867	-0.562920	-0.175465	0.057854	-0.439979	-0.378546	0.137941	0.231349	0.779261	0.277006	0.231780	-0.314838	0.090231	0.390865	-0.057594	0.366560	0.053496
	0.278576	0.273212	1.004892	0.636576	0.242448	0.646104	-0.143161	0.213781	-0.390423	1.113809	1.469862	0.873632	0.911414	0.034736	-0.432307	0.869170	0.978439	-0.433868	-0.735615
	0.168366	0.959256	2.676693	-0.471530	0.169023	-0.605264	-1.609656	-0.805899	-1.172475	-0.631703	-0.527197	0.340966	-0.771483	-0.580526	0.854940	0.025701	0.827360	-2.330443	-2.704111
	-0.029745	-0.470327	2.258872	1.593427	0.025591	0.225869	-1.478014	-0.471461	-0.012240	0.908435	0.564456	0.646489	1.249709	0.321455	-0.061685	1.221385	2.863851	-1.766041	-0.606182
	-0.438686	-0.250966	1.540790	0.538179	-0.493454	-0.682086	-1.527968	0.502003	0.835610	-0.500052	-0.225570	0.299434	0.410613	-1.266679	-0.832145	0.269858	1.729996	-0.016909	-1.079940
	0.719488	-0.217578	-1.124978	-0.667278	-0.606671	0.692196	1.750687	0.029339	0.343546	0.550625	1.389556	0.712461	0.502227	-0.608315	0.027118	0.735997	0.894867	1.006576	0.420231
	-0.139531	0.104832	0.238110	-1.025363	-0.795915	0.462465	-0.116865	-1.119056	-0.907512	0.511613	-0.186490	0.005613	0.900908	-1.718827	-0.040063	-0.522361	-0.021504	0.204592	0.158901
	0.167348	1.387116	1.001490	0.024628	0.362704	-0.094595	1.525702	-0.882482	0.152052	-0.973627	-0.418603	-0.128330	0.447885	-0.123291	-0.314887	-1.649136	-1.555247	0.563724	0.940459
	0.303534	0.889977	-1.084354	-1.093328	1.040445	-0.657872	-0.225785	-0.485088	-0.329031	0.456909	-0.053307	0.338477	-0.623119	-0.416957	-0.069862	-0.322587	-0.745567	0.061145	0.832929
	-0.097644	0.947443	-0.898517	-1.023951	0.758830	0.679357	-0.297397	-1.282943	0.188977	-0.245704	0.247144	0.104682	0.313323	-0.745707	0.943746	-1.709851	-1.324051	0.611949	0.291065
	1.338716	1.510142	0.832846	0.137809	-0.633131	0.656678	-1.092033	-0.657450	-0.259067	0.453180	1.075099	0.831351	-0.035758	-1.137118	0.089042	-0.834257	-0.089966	-0.403024	-0.192205
	0.240513	-0.925069	1.898562	0.387336	-0.147776	-0.190408	0.618803	0.053669	0.885786	0.731686	0.605879	1.093874	0.164649	-0.051394	1.485972	0.728083	0.220062	-0.264430	0.089934
	0.169144	0.125584	-1.044698	-1.665607	-0.580374	-0.586718	1.273519	0.197161	-0.041240	-0.038644	-0.082257	0.560653	0.911919	0.097134	-1.012732	0.815730	-0.839089	0.410081	0.303584
	0.263136	0.678798	-3.648056	-1.860440	0.080065	0.616581	-0.502250	-0.031456	-0.464688	-0.109564	-0.176168	1.486920	1.002364	1.013832	0.266035	-0.852083	-2.352468	1.172461	0.831163
	-1.061179	-0.091801	-1.114874	-0.793614	0.244459	0.325984	1.263137	0.280720	-0.218201	-1.126886	0.234542	0.259623	0.445120	-0.881736	-0.206994	-1.516564	-2.607514	-0.275289	0.660388
	0.680060	0.811534	1.090269	-0.217459	0.223891	0.419464	1.598516	-0.118076	-0.343335	-0.678237	-1.333846	0.662514	1.121712	-0.418131	0.017865	-0.391961	-0.099654	-0.095323	0.739574
	-0.288614	1.127136	-0.092259	-0.665943	-1.061786	-0.537722	1.186606	-0.488336	-0.161584	-0.118038	-0.398212	1.444195	0.394714	-0.310487	0.204677	-0.054435	-0.697000	0.275765	-0.119254
	-0.727359	-1.287894	-2.313919	-1.545999	0.681873	-0.090500	0.231321	-0.330677	-0.709599	-0.257698	0.482217	-0.003852	0.241230	0.239027	0.251708	0.174096	-0.604734	-0.234040	-0.279911
	-0.980348	-0.013954	-1.096219	-0.373481	-0.561836	-1.088164	0.319035	-0.557387	-0.997181	0.027169	-0.182424	-0.053198	0.824947	0.137993	-0.929790	1.432988	1.352337	1.316190	0.791336
	-0.035845	0.190802	0.469138	-0.777298	-0.196322	-1.390218	-0.744816	-0.142984	-0.039821	0.559833	1.436246	0.304564	0.692976	0.480964	-0.860786	1.482719	0.847112	0.506479	1.763883
	-0.757043	-1.477430	-3.151436	-1.379880	0.302222	-0.540020	0.885621	0.474661	0.080122	-0.038503	0.222906	-0.179071	0.614890	-0.884901	0.630421	0.666438	-1.107284	0.120534	0.739786
	0.518510	0.704490	0.350284	-0.408819	0.558911	0.288471	-0.953845	0.033888	0.170870	-0.105032	-0.288912	-0.235496	0.436852	-0.322234	0.269692	-0.274426	-0.570496	0.101254	1.087583
	0.771143	0.207703	0.053089	-0.195600	0.522454	0.858175	1.374354	0.746234	-0.517360	0.557815	0.366051	1.083555	1.040931	-0.210820	-0.388384	0.711512	-0.667172	1.468293	1.424420
	0.837209	1.023187	-1.120970	-0.010187	0.407214	-0.365447	2.690139	0.543699	-0.135852	-0.840938	-0.473103	-0.829651	-1.179812	-0.746910	0.480662	-0.757356	-2.141586	1.225621	1.919458
	-0.933993	0.682490	-1.721325	-2.937362	1.101924	-0.596872	1.955476	-0.668409	-0.619185	-0.430294	-2.591216	0.649645	0.853995	0.915320	0.448074	-0.681554	-2.455108	0.251945	0.443767
	1.279617	1.511466	-2.057929	-1.853809	0.734041	0.463784	1.997887	1.132669	0.404883	-0.850279	-0.545244	0.188434	0.887229	0.162171	1.220059	1.142384	-1.955435	1.713274	1.995004
	-0.384692	0.313724	-2.778301	-1.943881	0.015077	-0.178551	3.210745	1.190845	0.939967	-0.241996	-0.180378	-0.606723	1.602223	1.215934	1.080933	0.594223	-1.859053	1.020046	2.168216
	-0.612339	-0.376976	-2.610268	-1.983087	0.238568	0.046351	2.335364	0.135473	-0.622356	-1.781419	-1.220313	-0.190815	0.133242	0.999069	0.434488	-0.887541	-2.981309	0.281657	1.165298
	-1.159728	-1.417850	-1.549215	-1.126552	-0.735439	-0.139529	1.679076	-0.866416	-0.501430	-0.358053	-1.173702	0.280677	0.291980	0.785072	-0.306162	0.120411	-0.959125	0.088880	0.175312
	-0.483271	-0.332269	-2.609203	-1.853590	-0.430954	-0.319198	1.669984	-0.428079	-0.450039	-0.552788	-0.584821	0.133793	0.908306	0.161360	-0.292555	-0.284402	0.451313	0.057019	0.132917
	-0.632639	0.093495	-0.939494	-0.768317	-0.042093	-0.307703	1.725508	0.130164	-0.142018	0.315987	0.235372	0.466202	0.229168	0.805564	0.197194	1.036489	0.518276	0.276610	0.467998
	0.415904	-0.079442	0.080654	0.299729	0.372904	0.651518	1.122894	-0.422045	-0.250344	-1.080246	0.347635	-0.589472	-0.933604	-0.730595	-0.176816	0.761256	-0.972589	-0.000535	0.621443
	0.808218	0.190855	-1.140318	0.295693	0.354341	0.264476	1.176657	-0.498659	-0.014602	-0.617272	-0.262717	-0.212100	-1.370242	-0.391739	1.216739	-2.279494	-2.267362	0.803917	0.724133
	0.285445	0.071434	-1.924472	-0.585558	-0.334357	0.004468	-0.286683	0.005931	0.075742	0.356421	-0.187390	-0.710395	-0.732563	0.712425	0.956630	-1.129445	-1.266490	1.149513	0.237514
	0.701533	0.652634	-1.711582	-0.281364	-0.074947	0.287406	0.313116	0.640874	0.745985	-0.193705	-0.176325	-0.112507	-2.405625	0.350256	-0.453364	1.098624	0.030183	1.008089	0.002004
	0.283029	-0.381296	1.142480	1.152358	0.374586	0.595957	-0.688966	1.085135	-0.070119	1.086159	0.590264	0.170705	0.393708	-0.613860	-0.114676	0.734876	0.576097	-0.074655	0.640625
	-0.013267	1.331681	0.299101	0.169842	0.814455	-0.192566	0.671304	0.380627	-0.400131	-0.065672	0.162398	0.363364	0.353096	1.423774	0.569168	0.755680	-0.325345	1.158210	-0.165952
	0.352603	0.912638	-3.017493	-2.917356	0.754351	0.037352	0.115257	0.415085	0.325722	0.266381	-1.028212	0.417411	0.334039	0.561723	0.900866	-1.281850	-1.688900	1.546715	1.218515
	1.219173	-0.147046	-3.662024	0.017156	1.260279	0.903468	-0.512177	1.394598	0.959354	0.601802	-0.181839	-1.376850	-1.469356	0.733766	1.132101	-1.007019	-0.711668	0.979847	1.078566
	0.282878	1.260411	0.539775	0.866160	1.020224	0.101274	0.863380	1.442309	0.384129	0.206882	0.073667	-0.781484	-1.297541	0.022203	1.025077	0.382469	-1.411764	0.303618	-0.286132
	0.714521	0.030840	2.432472	-0.647427	0.989706	0.009464	-1.669245	-0.448424	-0.705518	0.514414	-0.628980	-0.069002	0.364863	0.187138	0.159054	-0.366345	-0.351455	-1.254313	-1.560825
	-0.077429	-0.376050	-1.937363	-1.907765	0.444066	-0.272744	-0.467113	-0.014191	-1.062975	-1.118785	-1.200755	-0.323749	-1.095207	-0.713432	-1.491765	0.336327	0.069672	0.463121	1.055445
	-0.033943	1.030206	-2.260483	0.156841	-0.392691	0.311733	0.015417	0.257928	0.830760	-0.319034	-1.449853	-1.395082	-0.278715	0.893525	1.163687	-0.722814	-1.742775	0.511785	0.291493
	-0.385619	0.124936	-0.564054	0.262719	0.091923	0.173964	0.859650	-0.506705	-0.128698	0.120793	0.024063	0.146479	-0.744611	1.392280	1.166076	-0.719474	-2.163053	0.186660	-0.049123
	-1.157769	0.390893	0.596638	-1.138908	-0.533839	0.565811	-1.281009	-0.769015	0.187945	0.144072	-0.921977	-0.468589	-0.492786	0.319084	0.178231	0.929184	-0.888379	0.308886	0.576700
	0.152814	0.233254	-1.542722	-0.576832	-0.202512	0.195978	-0.219888	-0.626305	0.074992	-1.437931	-0.718084	-0.836479	0.581030	0.064910	-0.294830	-0.307186	-2.113730	-0.487306	0.495860
	0.494978	0.054791	-0.948080	0.182629	-0.694702	0.378811	0.150985	-0.652636	0.760945	-0.403471	-1.214107	0.024555	-0.282923	-0.036515	-0.553035	-0.628609	-0.255044	-0.290070	-1.145897
	0.559885	-0.695463	0.536521	0.526098	0.176185	-0.220700	-1.964205	-0.434338	-0.396442	-0.151143	0.079340	0.312730	0.032988	0.369929	-0.834056	-0.517919	-0.293921	-1.664509	-1.914172
	0.405613	0.020822	2.053530	0.707052	0.867042	-0.671486	-3.325349	-0.422842	0.334681	-0.574231	-1.171157	0.116735	-0.663351	-0.692128	-1.308983	0.840282	2.114761	-0.219337	-0.475100
	1.190435	1.336460	1.401069	-0.457334	0.964997	-0.313343	0.297814	0.473003	0.632107	-1.072337	-1.281061	0.033405	0.232267	-0.198928	0.062750	0.788007	0.168554	0.315718	0.155038
	0.266660	0.102544	0.951870	-0.193051	-0.413576	0.387087	-1.036782	0.388884	0.180969	0.334806	-0.545891	0.810116	0.067468	0.234728	0.780748	-0.565713	-1.706508	-0.709656	-1.263292
	-0.464753	-0.226449	0.845040	0.067547	-0.268707	-0.379202	-2.159803	0.305036	0.113706	-0.335585	-1.511421	-1.859604	-0.861365	0.402987	-0.580090	0.889988	0.914714	-1.421331	-1.277009
	0.970806	-0.120077	1.924138	0.901856	0.105077	0.389460	0.464059	0.559868	0.477194	0.447726	0.128757	0.199941	0.180407	-0.227305	-0.346689	1.031389	-0.051319	-0.280230	-0.500942
	0.642387	0.616074	0.516965	-0.582660	-0.469528	-0.078816	0.560851	-0.262000	-0.431602	-0.248931	0.352805	-0.154810	1.161398	1.074500	1.030358	0.644401	-0.848739	-0.347596	-1.069664
	-0.733385	-0.783157	0.857429	-0.634806	0.005001	-0.497187	-1.484538	-0.123802	-0.986894	0.436089	0.393350	0.727067	0.754673	0.486099	-0.017057	-0.334848	0.492504	-1.048169	-1.299588
	-0.712087	0.017860	0.665310	0.051474	-0.367839	-0.716080	-0.993998	-0.858068	-0.886809	-0.539575	-0.186302	-0.458227	0.063885	0.963516	-0.090044	-1.290135	-0.293164	-1.461710	-1.097809
	-0.682682	0.655784	0.437290	-0.653846	-0.265329	-0.512165	-0.643561	-0.156145	0.291822	-1.369041	-0.798095	-0.039847	0.529328	-0.142122	-1.069939	0.828372	-0.550141	0.226505	0.025975
	-0.394638	0.078836	4.170513	2.021546	-0.059111	0.463296	0.586945	0.267767	0.072410	0.206505	-0.006434	0.279298	0.661827	-0.207674	-0.597328	-1.068642	-1.066258	-1.256149	-1.716902
	-1.365359	-0.264393	2.311828	0.128117	-0.055762	-1.059208	-2.736016	-0.108553	0.288005	0.340814	-1.071944	-0.218448	-0.051401	0.374050	1.100843	-1.840400	1.012402	-1.244647	-1.338623
	0.150367	-0.685785	0.024591	0.704427	0.798489	0.431663	-0.792707	-0.043358	0.127396	1.149426	-0.379190	0.113785	0.139533	0.041025	-0.025710	1.605208	0.207048	0.666745	-0.103209
	0.355024	1.127423	1.232825	0.596634	0.100983	-0.136299	0.293269	0.404441	0.633853	0.007055	-0.093675	-1.156496	-0.802918	0.689256	-0.725330	-1.100516	-0.431882	1.071374	0.883198
	0.794398	0.818142	-0.153198	1.172962	0.475163	0.335691	0.517413	0.786164	0.101086	0.667659	0.147979	-0.785269	0.336178	-0.569337	-0.093457	-0.395047	-0.560485	0.839583	1.165622
	-0.536931	-1.324202	1.542519	1.206108	-0.008011	-0.300686	-1.112114	-0.088792	0.228264	0.132750	-1.109364	-0.430984	-0.735000	0.910970	0.447804	-1.617861	0.501415	-0.132776	-0.626722
	-0.109587	-1.494973	-1.174612	0.938223	-0.501252	-0.742768	-2.536683	-0.445652	-0.026896	-0.746449	0.536233	-1.413142	-1.180298	-0.312509	0.369605	-0.062415	0.719276	0.023913	-0.053281
	1.541422	-1.060732	1.092859	2.280431	0.664951	-0.456704	-2.792857	-0.380033	-0.048591	0.392894	0.314691	-1.281181	-1.269407	-1.011275	-0.145547	0.132681	0.577856	-0.033649	-0.490193
	0.063090	0.579459	1.395433	1.135819	-0.099886	0.958140	-0.663521	0.171260	0.271463	-0.165351	-1.218422	0.242390	-0.593747	-0.418737	-0.767973	0.354690	-0.032664	-0.154453	-1.065224
	0.324261	0.390601	3.673625	1.457497	0.780523	0.877547	1.320840	0.432650	1.372849	0.286662	-0.450175	1.364387	0.133768	-0.414486	0.714541	-0.458370	0.724518	-1.598129	-0.952341
	0.226257	0.626616	1.904231	1.586470	0.145098	0.024459	-1.251233	0.547091	-0.156901	0.368805	0.102878	0.315308	0.286326	-0.127648	-1.439566	-0.465805	0.362468	-1.369312	-0.973791
	0.467204	0.657173	1.851860	0.858439	0.544100	-0.496248	-2.415739	-1.235062	-0.247023	0.974887	0.185577	0.405430	0.049742	-0.726164	-1.397272	0.784152	1.235704	-0.425656	-0.104543
	-0.967320	-0.449426	0.683474	0.526072	-0.463378	-1.472430	0.553680	0.429982	-0.053312	-0.185136	-0.825649	-1.450059	-0.467163	0.674038	-0.070144	0.198246	2.007523	-0.518663	-0.292245
	-0.405115	-1.463975	1.145066	1.373892	-0.545177	-0.578822	0.933915	-0.096773	-0.224168	-0.281433	-1.007215	-1.137828	-0.605581	0.911270	0.000292	0.617320	-0.215939	-0.611243	-0.273161
	-0.651960	-0.799347	0.907162	-0.250098	-1.191232	0.640489	-0.158681	-0.207652	0.443132	0.536687	0.130734	-0.632338	-1.096839	0.904673	0.056261	-0.033227	0.428596	-1.225998	-0.583393
	0.841054	-0.577024	2.055235	2.073189	-0.527710	0.380605	-0.169986	0.300543	-0.500104	0.524687	0.949674	0.249590	-0.134583	-0.398576	-0.544573	0.926543	2.351055	0.627073	0.534305
	0.494748	-1.612696	3.260773	2.150583	-0.863060	0.187221	0.063490	0.695341	0.516657	1.430117	2.206376	0.292257	-0.468330	-0.826925	0.577183	0.705258	1.259021	0.102962	-0.071661
	-0.883139	-1.698681	0.449780	0.002620	-0.476620	-0.635206	-0.887277	-0.030356	-0.175712	0.602134	1.013729	-0.555817	-1.344843	-0.852957	-0.072064	1.542401	2.455826	-0.888939	-1.086656
	0.187976	-0.288571	0.308289	0.852452	-0.491518	-0.224539	-1.806822	-0.056572	-0.154027	-0.188599	-0.946985	0.246272	-0.603798	-0.077820	0.225789	0.564137	0.463022	-0.379505	-0.638529
	-0.433942	-1.095693	0.716246	0.352828	-0.343196	0.337999	-1.833782	-0.085719	0.466497	0.287667	-0.078470	0.161867	-1.044454	0.667420	-0.190881	-0.767855	0.674039	-0.938699	-0.996125
	-0.584267	-0.358248	1.307818	-0.447635	-0.192445	0.565509	-1.345707	-0.207398	-0.486064	0.531391	0.713136	-0.553694	-0.635530	0.867702	-0.118515	0.145009	-0.018452	-0.276914	-0.161076
	-0.214036	0.247285	1.092885	-0.118881	0.495722	-0.168971	-0.160600	-0.078612	-0.282763	0.857122	0.816904	0.481482	0.520206	0.044386	-0.465265	0.904979	0.077179	-0.407118	-0.499421
	0.740401	0.779704	1.097028	0.082036	0.862179	0.612633	0.398709	-0.106928	0.057022	-0.416680	1.791986	0.289583	1.908985	-1.167491	-0.262598	0.080975	-0.284125	0.773395	-0.219232
	1.190741	1.856355	0.789501	0.003185	1.285247	1.625038	0.493788	0.011730	-0.347102	0.496898	0.781313	-0.354732	-0.176455	1.284515	0.572272	-0.974156	1.884013	0.293289	0.197964
	1.789257	1.180350	1.096391	1.434101	-0.004951	1.103710	0.803348	-0.022929	-0.155181	-0.088989	1.504264	1.295924	0.412417	-0.482594	-0.028916	0.997377	1.960368	0.235159	0.417586
	0.948486	1.220862	0.353824	0.560183	-0.173843	0.848532	0.784636	0.117795	-0.346016	0.129162	1.130999	0.960408	1.081094	-1.142215	0.297898	-0.299833	0.330731	-0.384804	0.036843
	-0.489861	0.093403	0.976587	2.189235	-0.501571	0.330020	-1.325395	-0.120854	-0.759818	-0.701959	0.768477	0.167749	-0.014828	0.961212	-0.222895	-1.160352	0.147899	0.018866	0.256541
	-1.304744	-0.140038	-2.035186	-0.986421	-0.553907	0.085473	1.181905	0.024355	1.426598	-1.237058	-1.356050	-0.354825	0.283948	0.043211	-0.093715	-0.369842	-1.108197	-0.340442	0.260318
	-0.791000	-0.502482	-2.484827	-1.522340	0.231154	-0.019546	1.395011	-0.613223	-0.070891	-1.042804	-1.008760	0.008063	0.532318	0.959848	0.821280	-0.787563	-0.705834	-0.176016	0.251224
	0.480818	-0.433663	-2.009307	-0.605972	-0.444953	-0.967129	0.583183	-0.870926	-0.454096	-0.392021	-0.068580	-0.857498	0.416291	-0.198700	0.557304	0.253778	0.379439	0.698440	0.695050
	-2.349795	-1.473750	-0.632242	-1.392214	-0.984463	-0.398985	-0.603081	-0.541398	0.248451	-1.044826	0.257258	-0.152398	0.240855	-0.431850	0.156740	-1.177203	0.664186	0.121774	0.724940
	-2.135754	-1.865596	-2.402439	-1.679492	-0.810086	-1.073000	-0.222720	0.487453	1.283399	0.047581	-0.226460	0.244837	-0.158096	-0.996585	-0.314621	0.039375	0.110071	-0.280605	0.097492
	0.186271	-0.625277	-1.122239	-0.006237	-0.071685	-0.726253	1.436279	0.621429	0.401289	-0.104375	-0.341587	0.297768	-0.198832	-0.231508	-0.012815	0.213471	1.427080	-0.838069	-0.054063
	-0.213069	-0.102400	-0.726745	-1.730044	-0.160673	0.133080	0.912253	-0.434113	-1.085539	-1.057438	0.427448	-0.182279	-0.105906	-0.556069	-0.366668	0.840006	1.510368	0.610729	0.410917
	-0.158212	0.939148	0.435881	-0.644381	-0.901377	-0.028813	0.234230	-0.517228	0.563387	-0.732898	0.219690	-0.327857	0.129000	-1.441994	-1.783462	0.850384	1.978988	0.858067	1.158202
	0.212892	-0.334651	2.843340	1.650322	-0.480435	0.552032	1.309434	0.187970	0.057345	1.315117	1.580386	0.703307	0.761083	-1.133839	-1.365741	1.103325	2.217830	-0.092071	0.749561
	-1.145707	-1.684324	0.601874	0.243023	-0.403300	-0.499188	0.238550	-0.006330	-0.379637	0.751538	1.087224	0.023220	-0.103887	0.101302	-0.162112	0.243668	0.921959	-0.320720	-0.049782
	-0.512921	0.123586	0.544487	-0.565263	-0.404617	-0.268316	3.067412	-0.350578	0.061904	-0.339153	-0.790423	0.523289	-0.002788	0.214012	-0.024397	0.673486	-0.750922	0.160894	1.148280
	-0.193447	-0.470304	-0.003386	-0.624934	-0.357041	-1.001724	1.344687	-0.350678	-0.027518	0.082089	0.284746	0.107833	-0.858777	-0.549474	0.871466	-1.533937	0.560172	0.671732	0.805428
	0.543960	-0.869500	0.503175	0.831047	-0.325499	0.529376	0.245456	0.294907	0.032142	0.505142	0.797908	-0.037753	-1.024985	-0.852999	-0.292977	1.416745	0.117991	0.529545	0.208177
	-0.741201	-0.367533	-0.582194	-0.100090	-0.200562	0.599227	0.239375	0.304016	-0.079952	-0.644337	-0.156879	0.500453	-0.291746	-0.794585	-0.406724	-0.528794	-0.393779	-0.178783	0.001831
	-0.714120	0.229610	-1.145357	-0.038544	0.035254	-0.805117	-0.286113	-0.318824	-0.389448	-1.930092	-1.094489	-0.578183	-0.101302	0.854751	2.021156	-0.303826	-0.534119	-0.758497	0.251303
	0.441160	-0.007618	-0.425507	0.036544	0.136982	-0.196787	0.576898	-0.577014	-0.333740	-0.691622	-0.038721	0.423733	-0.120975	-0.746113	-0.675254	1.254545	0.298365	-0.508132	-0.327611
	0.982228	0.603188	0.452206	0.446343	0.479656	-0.527328	0.594270	0.785337	0.741375	0.408276	-0.129725	1.055911	1.428102	0.015677	-0.632689	-0.451817	0.274721	0.437653	0.851810
	-0.937432	-0.294721	-0.903130	-0.336868	0.088744	-0.166538	0.703134	-0.213481	0.124826	-0.409406	0.139512	0.562431	1.278949	0.277227	0.141697	0.574960	-0.860540	0.465808	-0.584359
	-1.206914	0.102580	-0.153154	-0.251887	-0.396284	0.560779	0.216435	-0.854092	-0.617021	-1.058644	-0.163324	-0.662973	1.056227	0.167257	0.030219	-0.630640	-0.916208	-0.389125	-0.516094
	0.106963	-0.839745	0.406363	1.135542	1.107889	-0.241160	0.553690	-0.556694	-0.753588	-0.518566	-1.148197	-0.824899	0.038909	-0.830587	-0.748425	0.075940	-1.185250	-1.300831	0.404886
	-0.587273	0.195407	0.857505	0.535168	0.511588	-0.502351	0.545390	-0.554294	0.024096	-0.895637	-2.505097	-0.110744	-0.240645	-1.106520	0.731849	-1.212857	-2.823960	0.075205	-0.000458
	0.122829	-0.167075	-2.614015	-0.832982	0.920861	-0.535171	-0.418798	-0.311856	-0.642517	0.494550	-0.790402	-0.217255	0.539270	0.861905	-0.698403	-1.076363	-1.739598	-0.183399	-0.148856
	-1.098862	-0.493431	-2.222061	-0.673583	-0.292686	0.958954	-0.867299	0.477065	-0.145624	-0.386548	-0.082924	-0.029627	1.035526	0.092916	-0.632469	-0.414949	-0.817963	-0.028002	-0.170703
	0.854271	-0.330457	0.986330	1.182636	-0.738775	0.216418	0.716051	0.494133	-0.121871	-0.690755	0.388266	-1.021963	1.064084	-0.122468	0.174550	-0.573230	-1.124469	-0.110609	0.144719
	-1.226289	0.863842	-0.840473	-0.808622	-0.851431	-0.419441	0.737171	0.329596	-0.978326	0.732787	-1.750844	0.745278	-0.003210	0.537203	0.478405	-0.504196	-0.296059	-0.268185	0.113944
	-1.696324	-0.644580	-2.362557	-0.010510	-0.265492	-0.621964	-0.700191	-1.157993	-0.864443	-0.627177	-0.824508	-0.098590	-0.657078	-0.177403	-0.738188	-0.789062	-0.345080	-1.289153	-1.191463
	-0.070013	0.900803	-1.409739	-0.221644	0.261849	0.551073	-1.636850	-0.051042	-0.680546	-0.780738	-0.005945	-1.532259	0.009679	-0.033900	-0.033940	-0.003714	0.288870	0.322264	-0.213741
	0.031283	1.328743	2.452724	0.715553	0.627544	-0.502763	0.015787	0.316881	0.211442	-0.552069	0.276086	-0.205797	-0.341744	-0.167292	-0.079048	1.277871	0.267851	-0.337780	-0.126568
	0.527033	1.483539	1.120698	0.512392	0.991402	0.365024	0.754885	-0.104163	0.035154	1.097848	-0.080522	0.855130	-0.106991	0.052587	-0.266018	-0.069648	0.676406	0.263312	1.161949
	0.240100	0.580283	0.620241	0.294314	-0.055398	-0.224353	0.976571	-0.400377	-0.959145	-0.153319	-0.449014	0.794659	-0.679942	0.366119	0.535759	0.225126	0.140085	0.731608	-0.432802
	-0.579653	-0.233867	-1.823708	-0.500663	-0.137324	0.037936	-1.233530	-0.499955	-0.193522	-0.008752	0.323459	0.185640	1.106341	0.900519	0.176644	-0.963408	-0.353919	0.307891	0.473203
	0.794328	-0.129934	-0.750976	-1.090174	0.612763	-0.281937	-1.976107	0.347505	0.581420	0.594297	-0.586718	-0.258335	-0.238855	0.164988	-0.225309	-1.005917	-0.321385	0.107076	0.367544
	2.082699	0.316339	0.423040	-0.505174	0.835869	0.848022	-0.868734	0.486476	1.079114	0.156761	0.266838	0.887541	-0.295499	-0.445128	-0.363716	0.791759	0.234422	1.143198	1.678658
	0.166633	-1.100634	1.561360	1.038853	0.125831	0.127992	0.452385	-0.055274	0.212080	0.938038	0.358438	0.792064	0.011464	0.003867	0.739033	0.735779	0.015506	0.078188	0.565175
	0.452606	0.375467	-1.426124	1.031396	-0.455584	0.562931	-2.045820	-0.038044	0.397251	0.189019	-0.243220	-0.449075	-0.851402	0.028601	0.298984	-0.483110	-1.444750	0.096281	0.049847
	-0.091560	0.572328	-1.061850	-0.040849	0.058061	1.064820	1.260002	0.570765	0.739827	0.865957	0.335386	-0.035569	0.698788	0.486945	0.593264	1.341731	-0.479098	0.772800	0.782162
	-0.203768	0.084783	1.129106	-0.499698	1.062865	0.994114	-0.688377	-0.456416	-0.242622	1.383448	0.673373	0.230489	0.316812	-0.308742	1.108685	0.220571	0.460471	0.703889	0.693694
	0.959868	0.895913	2.650776	0.671514	-0.128016	0.568278	0.715471	1.469296	0.401579	0.859727	2.095296	1.027037	0.364497	1.205994	0.647231	1.953108	2.424392	0.990015	1.072982
	-0.102642	0.025486	-0.715529	0.700016	0.140289	0.231572	1.921992	0.971701	0.370355	0.640527	1.532863	0.212577	0.437492	-0.007133	-0.112390	0.648711	1.462982	1.376592	1.086216
	0.367501	-0.319707	-3.955384	-2.751608	-0.235475	0.209499	1.280024	0.896184	1.948788	0.118257	1.339740	0.640763	0.114702	0.795522	0.622045	-0.438939	-0.307956	2.471959	1.961100
	0.903963	0.570546	-0.098687	-0.620439	-0.762860	0.227823	0.245435	0.860582	-0.351350	0.570209	3.007562	0.505311	-0.612563	0.202596	0.348327	1.604479	0.962476	1.127439	1.407883
	0.641151	0.254481	3.161960	0.231482	0.123927	-0.736444	2.778128	-0.172533	-0.540817	0.363849	2.305833	1.119253	0.187532	0.821420	1.341057	0.341701	1.234476	1.135041	0.603273
	0.686140	-0.791792	-0.589325	0.434449	0.269287	0.031412	0.380378	0.568546	-0.484753	1.602678	1.751192	1.020816	-0.197979	-1.306672	0.280106	-0.886120	0.463961	1.658451	1.445887
	2.565636	0.912050	-2.816623	0.125882	0.033961	0.929766	1.411717	0.443611	0.526196	-0.103406	1.460257	0.733901	0.448478	0.108566	1.418697	-1.014649	-1.350626	0.630284	0.585113
	0.589311	0.764911	0.563268	-0.446272	-0.014090	-0.255230	1.375533	0.619111	0.453945	-0.506728	0.129960	0.171716	-0.385910	-0.058102	-0.615588	-1.201668	-0.825951	-0.486651	-0.260443
	0.308726	0.317748	-0.027120	-1.046594	-0.019125	0.440537	-0.569627	-0.386145	-0.787956	-0.681897	0.608070	-0.395033	-0.182021	0.782248	0.276780	-0.761137	-0.016398	-0.222576	-0.533341
	-0.382366	0.741204	-0.343646	1.523576	-0.080194	-0.600590	0.709119	-0.609614	-0.029922	0.050641	0.289589	0.747052	-0.342851	0.209167	0.787485	-0.935942	0.683254	0.007650	-0.230747
	-0.297066	0.045556	-2.224975	0.428341	0.191851	0.485148	1.101410	-0.403849	0.051458	0.506265	0.296256	-0.046803	0.140207	-0.022712	0.658468	-0.558420	-0.440789	0.371218	-0.764819
	-0.195997	-0.010018	-4.122346	-3.616068	0.416309	-0.341345	0.814510	0.175453	0.305900	0.403361	2.257809	0.340453	1.289212	0.063622	-0.128883	-0.616295	-0.533514	0.659093	-0.878691
	-0.852859	-0.274457	-1.769977	0.066582	-0.524557	-0.389054	-0.616773	0.400987	0.068431	1.252066	1.366400	0.335477	-0.042445	-1.938157	-0.571635	-0.519562	0.754092	0.267152	0.353795
	0.292411	-0.024955	-0.400868	-0.540815	-0.572405	-0.318072	-0.063857	0.805670	0.296193	1.115722	0.839243	0.393116	-0.623678	-0.752193	0.562520	-1.081334	0.514670	0.753154	-0.565305
	0.537318	-0.306315	-0.905994	0.042860	-0.788531	-0.283294	-0.166951	-0.002828	0.403247	1.000333	0.595555	-0.463441	-0.715130	1.039088	-0.379717	-0.071558	-0.102615	0.423167	0.204227
	0.809393	1.342097	-1.656265	-0.630785	0.101371	-0.060558	-0.384603	0.632661	0.767446	0.806931	0.783932	-1.943507	-1.161365	0.002530	0.158071	-1.028444	0.480854	0.231476	0.374414
	-0.384591	-0.371046	-0.431903	0.109506	-0.045620	0.047937	-3.238154	0.306286	0.505036	-0.232305	-0.092643	-1.034977	0.348384	-0.404756	-0.897106	-0.825316	1.034010	0.568556	-0.638853
	-0.134502	-0.938847	-0.225972	0.290493	0.220765	0.536472	-1.299566	-0.090108	0.558736	0.841271	0.575573	-0.425483	-1.603312	-0.557845	-1.768130	-0.090068	1.422115	0.540827	-0.907125
	0.190761	-0.899075	1.094349	0.167551	-0.052073	0.176924	0.558419	0.772747	0.778229	0.962224	0.214935	0.606662	0.136871	1.005108	-0.213221	1.809920	1.633958	-0.500754	-0.334359
	1.316253	0.209488	-1.527640	-0.757819	0.267414	0.152352	1.571230	-0.157481	0.123511	0.137315	0.319942	-0.022855	-0.584688	-0.150654	-0.312592	0.723457	1.029089	0.845179	0.690555
	-1.771497	-0.600027	1.587380	0.850549	0.121901	-0.731530	0.190243	0.014362	-0.327331	0.301926	1.576744	0.358965	0.039545	-1.020517	1.022884	0.421092	0.683656	-0.570251	-0.869301
	-0.532370	-1.756059	-1.623823	-0.590166	-0.307100	-1.349209	-0.721852	0.167729	0.115538	0.501912	1.021352	-0.562414	0.623861	1.096450	-0.223909	-0.265754	0.498571	-0.628198	-0.953216
	-0.456027	-1.853180	-1.676974	0.290724	-0.550875	-1.068020	-2.202271	-0.305637	0.657965	0.005083	-0.127293	-1.042453	-0.566906	0.618468	0.020613	0.808977	2.007451	-0.693084	-1.500207
	-0.932896	0.459296	1.582572	1.184965	-0.515708	-0.046224	-1.831355	-0.141912	-0.573323	-0.552198	-0.896789	-0.889246	-0.520096	-0.896947	-0.337797	1.968860	1.755747	-1.689709	-1.829814
	0.426906	1.105250	3.163692	-0.032108	-0.166683	-0.016756	-0.453594	-0.596846	-0.385676	-0.416240	-0.125416	0.967129	0.707259	0.545237	-0.327636	0.020650	2.080599	-0.536260	-1.163021
	0.610952	0.741324	-2.009513	-0.613243	0.248082	-0.224131	0.618293	0.340391	0.959003	1.227525	0.618908	1.471954	0.402559	0.652688	-0.056485	0.278940	-0.828338	0.692720	0.058511
	0.092637	0.784096	-1.244189	0.197978	1.052640	0.758003	-1.161371	-0.269589	0.248988	-0.004452	-0.715600	2.548436	1.455086	0.095288	-1.042515	0.599709	0.070599	0.570985	0.717240
	0.767111	1.472189	0.640708	-2.018506	-0.799489	1.862343	1.629809	0.574767	0.886004	-0.221274	1.383815	0.897576	1.174103	0.929510	0.365723	2.603210	0.395136	1.354602	0.890440
	1.806473	0.341315	1.477913	-0.878493	0.223200	0.772219	3.732430	0.806045	1.540396	0.631256	1.487833	0.034788	0.974163	1.402248	0.497643	-0.211209	-0.364340	0.649497	-0.370686
	0.501690	-0.115006	-1.440167	0.185419	-1.232350	-0.814004	-1.036895	-1.280429	-1.336318	-1.093657	-0.316364	-1.131718	-0.725371	0.424119	-0.000244	-0.011133	-1.405308	-1.244184	-1.918276
	-0.438735	0.314318	-0.565382	0.450253	0.034759	-1.180781	-1.747183	-0.746664	-0.711122	-0.665030	-2.379012	-1.514904	-1.601522	-0.179496	-1.453087	-0.564575	-2.579048	-1.986647	-2.240173
	0.642758	1.803528	1.035417	0.621346	-0.006291	0.492359	0.585889	0.870656	1.340833	-0.238932	-0.221255	-1.022756	-0.710051	0.008900	-0.451582	0.754573	0.731925	0.269760	0.417514
	1.496442	0.504983	0.092704	-2.001453	0.881553	0.197136	0.680038	0.141720	0.352397	-0.776458	-1.418639	-1.071504	-0.255025	0.785782	0.537062	-0.622136	-1.525114	-0.391282	-0.064164
	0.419921	1.054844	-3.109138	-2.184537	0.697542	-0.141650	0.159554	-0.064162	-1.332256	-0.027578	-0.269459	-0.326118	-0.089887	-0.015041	-0.027928	-1.875609	-2.397986	0.533685	0.433266
	1.016255	-0.135128	-0.956923	0.431167	-0.201148	0.297765	0.496776	-0.408968	0.341268	0.606722	-0.718374	-0.459649	0.174422	1.073850	0.835798	-1.124428	-1.098286	1.212964	0.267367
	-1.226654	-1.232871	-0.195763	1.494334	0.244992	-0.891704	-1.547261	0.069362	-0.324524	-0.816027	-0.819158	-1.000823	-0.787020	-0.148413	0.345284	0.457224	-0.671397	-0.087622	0.660818
	-2.208969	-0.996635	-0.764490	-1.151103	0.280724	-0.149445	-1.032783	0.281608	-0.347044	-1.626796	-1.514784	-1.118697	-1.005695	-0.360670	-0.511574	-0.064331	-0.263003	0.421826	-0.129291
	0.902172	0.531688	-2.733488	-0.737902	0.346260	0.230826	0.848930	0.322831	0.635370	0.054289	0.362637	-0.763640	-0.408415	0.310746	0.356210	0.130574	-0.047561	1.237884	1.350282
	0.277674	0.640474	-1.343477	0.654101	0.891940	1.101954	1.576135	0.251904	-0.648752	-1.646677	-0.528533	-0.366221	-1.027267	1.639174	0.616390	-1.562557	-2.495498	-0.122299	0.351094
	-1.320924	-0.240539	0.685729	0.283557	0.206367	0.371076	-0.252557	0.267778	-0.554900	-1.414111	-1.974480	-1.570779	-0.560988	-1.189643	-0.746003	-0.656873	-1.650428	-0.465555	0.518124
	-0.058875	-0.537042	0.459871	-0.126146	0.006901	0.652624	0.295948	0.423175	0.417995	-0.402243	-1.279705	-0.536173	-0.654155	0.932129	0.417567	0.096048	0.079677	0.040000	1.074347
	-0.143000	-0.025137	0.536249	0.793558	-0.112227	-0.544950	0.501734	0.316458	-0.613852	-0.492959	-1.001605	1.141490	1.050541	-0.347391	-0.167288	0.685774	-0.279457	-1.270485	-0.624066
	-0.232810	0.269207	-0.135418	-1.211316	-0.060738	0.621732	0.596194	-0.785114	-0.281393	0.426220	-1.652784	-0.424351	0.319307	0.522163	0.456726	-0.491772	-2.768838	-1.630072	-1.103438
	-0.145583	-0.852555	-0.573793	-1.211369	-0.247644	-0.625785	-3.119594	-0.921841	-1.223645	-0.412688	-1.567605	0.082451	0.552441	0.326719	-0.056445	-0.972488	-1.589924	-1.162676	-1.215429
	-0.158375	-0.712618	1.062731	0.854343	0.125379	-1.012352	-2.270883	0.059984	-0.681551	-0.996964	-1.323346	0.025150	1.469367	-0.400521	1.283129	0.982455	-0.708318	-0.128269	-0.395445
	-0.462139	-0.132389	0.331282	-0.498983	-0.660651	-1.381112	-1.966004	-1.053588	-1.012191	-0.717258	-1.263154	-1.198342	-0.157666	0.327683	0.016115	-0.301321	0.420168	-0.851641	-1.294003
	-1.680687	-0.377192	-3.004619	-1.197748	0.369983	-0.810881	0.579244	-0.866164	-0.425200	0.214971	-1.695016	1.402633	0.196601	-0.492253	-0.529113	0.914311	0.886174	-0.813039	-0.505796
	-0.054919	-0.100689	0.276400	0.493718	0.024558	-0.395962	0.344745	-0.567577	-0.377553	0.740814	-0.421038	0.125930	-0.026390	-1.801445	-1.243294	0.428606	0.598073	-0.585172	-0.497120
	-1.214565	-1.587968	2.055065	0.525758	0.735666	-0.182137	-1.349126	-0.012999	0.291255	0.059037	-1.020822	-0.277603	-0.377434	-0.751370	0.042833	0.081625	-2.278378	-0.983491	-0.610175
	-0.868920	-0.767162	1.068381	1.484473	-0.211390	0.942051	-3.088362	-0.857084	-0.546413	-0.545898	-1.424313	-0.009037	-0.107254	-0.697104	-0.502177	0.154140	0.284996	-1.715618	0.071795
	1.603095	0.012029	2.788395	1.437391	0.565431	1.117395	1.715878	0.386459	0.918609	0.827687	-0.051181	0.013941	-0.311567	-0.541599	-0.414077	2.372038	1.366013	0.976105	1.352243
	-0.504592	-0.261453	2.454221	-0.432412	-0.513283	-0.548524	-0.380835	-0.485280	-0.829310	1.667241	0.396939	1.121956	1.091361	-0.602551	-0.538721	-0.543699	-0.058233	-0.780201	-1.150443
	-0.157541	0.113195	1.829180	0.044089	-1.412045	-0.336921	-0.851345	-0.234421	0.657131	-0.989324	-0.493855	-0.249114	-0.852330	-0.733217	0.173804	-2.438339	-1.356155	-0.720206	-0.750807
	0.090996	-0.094444	2.073000	0.565349	-0.899271	-0.308094	-1.418578	-1.155530	-0.341509	-0.645064	-2.189834	-1.245765	-1.163625	-0.312227	-0.670709	-0.786588	0.048230	-1.528347	-0.995801
	0.217850	-0.011999	3.464229	2.766783	-0.374034	0.791203	-4.595758	-0.698077	-0.271805	-0.110061	-0.103200	-0.234492	-1.243410	-0.790573	0.043498	0.830326	3.076436	-0.594540	0.277760
	2.739789	1.289817	4.319614	2.157861	0.540474	0.659012	0.729033	0.894781	1.504642	0.474695	0.121964	1.080372	1.857131	-1.256676	0.019389	1.770682	2.068824	0.634547	1.656038
	0.987374	1.358960	3.501862	0.141714	0.707242	1.241888	2.682000	0.835360	1.301382	0.846741	0.175452	1.770329	1.224439	-0.200016	0.937755	0.779791	0.257063	-0.124170	0.456196
	0.997330	1.549758	1.685043	1.108645	1.868336	1.293611	0.892221	0.402102	-0.253722	-0.873809	0.946901	1.936503	2.327002	0.373744	0.578191	1.866010	0.800570	0.970596	1.746925
	-0.153409	0.657426	4.256898	1.973718	0.686540	0.586270	2.141946	0.145844	-0.036357	0.504434	0.112432	2.179378	1.214022	-0.269342	-0.191699	1.140517	0.133027	0.468331	0.924455
	-0.127973	-1.416254	1.607836	0.244071	0.018536	-0.741466	2.227608	-0.343871	-0.001724	1.550725	0.507753	1.053903	1.614741	-1.475637	0.220764	-0.615789	-0.528751	0.061864	0.057968
	-2.193621	-0.387449	0.006733	-1.488370	-0.469662	-1.858140	1.816794	-0.337582	-1.575742	0.243955	-0.695881	-1.133397	-0.086045	-0.156069	-0.222880	-1.208488	-1.146609	-1.579559	-0.878280
	-1.620434	0.122943	-1.222318	-1.205169	-1.261176	-1.110892	-1.273183	-1.987858	-2.999775	-1.782293	-1.474450	-0.360233	-0.302029	-0.312210	-0.871094	-1.771110	-3.127534	-0.807552	-1.432072
	-1.446088	-0.197474	-0.279825	0.660706	-0.449717	-0.209400	-0.476530	-0.377672	-0.512269	-1.450391	-0.553440	-0.562185	-1.663662	0.739348	-0.766802	-0.761091	-0.847305	-1.211070	-0.761980
	-0.219535	-0.702832	1.299651	0.668180	0.544416	0.135150	1.011706	0.041134	-0.105115	-1.852054	0.731924	-0.032862	0.167456	0.582107	-0.346521	-1.382577	-1.591906	-1.045914	0.499296
	-1.925425	-0.612397	-0.801223	-1.387435	0.499567	-0.600783	0.563144	-0.195733	-1.052156	-1.005484	-0.263052	0.328499	0.061390	0.532094	-0.687352	0.077806	-0.245507	0.018177	-0.151462
	-1.528850	-0.356958	-1.006086	0.210053	-0.162556	-0.454107	0.995202	-0.033085	-1.602749	-0.329730	-1.142422	-1.604876	-0.548184	0.089745	-0.149498	-0.546181	-1.339772	-0.780764	-0.464546
	-0.900988	-0.562309	0.044448	0.120165	0.003102	0.181065	-0.630272	-0.474562	-0.670568	-1.073012	-0.816093	0.272886	0.145734	-0.243394	0.877560	-0.637176	-1.172742	-0.849205	-0.206487
	0.928391	0.059734	-0.439884	-0.383399	0.009103	0.514893	1.191126	0.653135	0.721667	0.408338	0.218984	0.149668	0.235241	-0.177212	0.374136	-0.125693	0.431376	1.165035	1.030586
	0.905314	0.880377	-1.124212	0.334709	-0.219034	-0.624325	1.093351	1.048401	0.915413	0.059018	1.372040	0.317845	0.632956	0.013086	1.037619	0.520026	0.899513	1.225702	1.225502
	-0.173197	-0.192249	-1.164088	0.174374	-0.202268	0.556429	1.848839	0.528810	0.512491	1.161707	1.137860	-0.021475	0.029468	0.145537	0.420883	1.462531	0.463985	0.513463	-0.048599
	0.208463	-0.217024	-2.350260	-0.914844	0.315691	0.075420	-0.444757	-0.081424	1.085029	0.812284	0.516521	-0.793815	-0.736275	-0.139352	0.194704	0.149854	0.241279	0.687761	0.943035
	1.897928	-0.910879	-0.994290	-0.670608	-0.492251	-0.457969	0.273960	0.481741	0.876915	0.910599	0.958954	0.032630	0.188772	-0.322789	-0.009859	0.787344	1.935119	0.881640	0.462598
	-0.666622	-0.298674	-0.193128	-0.447037	-1.090885	-0.569988	-0.913336	0.843623	-0.005468	0.643098	0.676067	0.236871	-0.217823	0.694625	-0.327109	0.612685	1.333358	1.033719	0.376043
	0.002189	-0.201011	-1.307116	-0.924752	-0.576680	-0.114626	-0.964543	0.885366	0.856756	0.473581	0.524109	0.702121	-0.333825	0.572137	-0.054778	0.391947	0.658468	0.994563	-0.326551
	-0.265768	0.616257	-1.794709	0.618093	0.253164	-0.115549	-0.044392	-0.484672	0.701333	1.850990	2.698614	-1.014847	-0.120546	0.423133	-0.691689	-0.048872	0.715208	1.087799	0.218344
	1.913443	1.038171	-1.615436	-1.234160	1.193501	0.767463	1.765539	0.179713	0.625730	0.664175	1.145088	0.257873	-0.826937	0.236026	1.113677	-0.758419	1.136759	0.883006	0.082886
	0.983619	0.368394	-1.072141	0.689807	-0.060147	1.268061	-3.101756	0.029300	0.338248	-1.361732	0.184326	-0.495794	-0.392243	0.855868	-0.189105	-0.787021	0.543900	-0.215266	-0.670134
