	0.048655	1.806126	0.091401	0.259500	-0.638839	0.181321	-1.759181	-0.807899	-0.842824	-2.573105	-2.259514	-1.214691	0.381532	-0.010799	0.617991	-1.437521	-2.056420	-1.096748	-1.988469
	-1.099704	-1.697724	-0.914685	-0.624755	-1.003778	-1.027955	-0.671193	-1.445526	-0.395970	-2.639593	-2.824961	-0.920463	0.107543	0.539849	0.220609	-1.305671	-1.027829	-1.204519	-0.361758
	-0.182596	-0.031439	-0.069137	0.299638	-0.629268	-0.392160	1.361150	-0.666843	0.525559	-0.099473	-1.026784	0.129368	1.479234	0.479196	0.060457	0.226644	-0.513700	-0.408495	0.562685
	0.138282	0.576037	0.783832	1.411140	0.421761	0.575899	1.415266	0.220926	1.116457	0.213464	0.488346	1.958318	1.485700	-0.125653	-0.779402	1.250480	0.364708	-0.062829	-0.146719
	0.274858	0.009346	-0.396968	-0.566979	0.661278	0.020376	0.043890	-0.152166	0.314951	-0.121807	-0.121506	0.681675	1.332780	-0.245100	0.802598	0.314491	-0.478704	-0.043467	0.638120
	0.615717	-0.468277	0.205816	-0.513054	-0.822587	0.458347	1.355188	-0.389649	0.261908	0.485830	0.694613	1.025248	0.955167	-0.827433	-0.243018	0.555138	-0.208241	0.361784	0.968100
	-0.064851	-0.938637	-1.460899	-0.841795	-0.625524	0.183326	-0.247945	0.222817	-0.020679	0.960074	0.037443	1.247060	0.388939	0.493440	0.194276	1.940253	0.673954	-0.128357	1.074436
	-0.102496	-0.889520	-1.557316	-0.401967	0.119231	-0.018122	-0.520261	0.792215	0.642171	-0.729760	-0.260596	-0.090322	0.134669	1.204408	-0.083760	-0.144282	-0.426762	0.321961	0.806792
	-0.445213	-0.313839	-0.770709	-0.747115	-0.285247	-0.920678	-0.797324	0.422119	0.142199	-0.973380	-0.099760	-0.844310	-0.512182	1.185446	0.568915	-1.522816	-0.710675	-0.372169	-0.231582
	-0.063007	0.300221	0.198693	-0.007535	0.172056	-0.442514	-0.666281	-0.143736	0.005669	1.646169	1.361242	-0.622091	-0.908515	-0.079749	0.036269	0.575748	1.957993	0.708779	0.938294
	-0.681660	-0.135137	1.738065	0.527878	0.038332	0.181709	-0.385553	0.419619	-0.694088	-0.082384	0.790416	0.186809	-1.829045	-0.750938	-0.201468	1.095011	0.936136	0.265985	-0.453152
	-0.033036	-1.022597	0.424681	-0.394595	0.033763	0.012615	-0.640273	-0.134390	-0.935440	0.057471	0.038155	-1.321971	0.079683	-0.120263	0.054517	-0.043558	1.100089	-0.308743	-1.023265
	-0.620872	-0.537506	0.178559	0.550780	0.275590	0.240232	0.179794	-0.061498	-0.712921	1.420653	-0.198819	-1.093771	-0.679890	-0.455308	-0.003858	-0.156010	-0.415023	0.518379	-0.138783
	0.730699	-0.351217	1.131269	0.209435	0.752699	0.285062	0.286073	0.301690	-0.704632	0.625972	0.550738	-0.098184	-0.793227	-0.473952	0.179619	-1.212332	-2.115297	-0.478431	-0.675813
	0.543653	-0.056234	0.513621	-1.435939	-0.268278	-0.344859	0.624399	-0.343358	-0.295969	-2.104474	-1.497109	-0.811864	0.774822	-0.765777	-0.836828	-2.047269	-1.795250	-0.225608	-1.491659
	-0.024919	0.718618	-1.211603	-1.738464	0.302895	-0.195960	0.288907	-0.543323	0.011015	0.232641	-0.255385	-0.025772	-0.635833	-0.901043	-0.941938	0.332227	-1.368232	0.936188	-0.056723
	0.177895	0.379691	0.326351	-0.039870	0.692458	-0.231317	0.611687	-0.100261	-0.267632	0.831396	0.985358	0.332244	-0.122594	-0.427524	-0.408923	0.272454	0.711884	0.655773	0.906910
	-0.424712	1.285193	0.912786	1.876742	0.505289	0.335691	0.037289	0.175275	0.431510	0.174099	0.848552	0.359430	0.204774	0.310292	-0.050861	-0.599169	2.562946	0.077503	-0.470129
	-1.013097	-0.323135	-0.333735	-0.335060	0.348497	0.064994	0.882723	0.137046	-0.501482	0.832654	0.454022	-0.990467	-1.129284	-0.121875	0.043527	-0.569544	0.031726	-0.287149	0.161907
	0.011861	0.295482	-0.696455	-0.382347	-0.532850	0.275208	-0.785661	-0.461312	0.062012	0.689850	-0.114742	-0.751659	-2.014364	-0.113788	-1.369816	0.820874	-0.406669	0.496972	-0.369741
	0.614551	1.407739	0.054660	0.033049	0.239046	-0.571023	-1.103042	0.768319	0.951645	-0.149917	0.533979	1.414450	-0.685791	-0.442455	0.371183	-0.341993	1.869523	1.262482	-0.066440
	-0.241007	0.060724	-0.435853	1.134399	-0.113151	0.232494	0.035225	0.337956	0.267177	1.015452	1.223382	0.650626	-1.041678	-0.623870	0.277133	0.653899	1.938835	1.403964	-0.302138
	0.868294	0.720032	0.937612	2.536589	-0.177071	0.715955	-0.501458	0.496305	-0.640414	1.133834	2.778562	1.139966	0.594963	0.894879	-0.715242	0.434301	1.025930	0.097349	-0.610765
	-0.369865	-0.195112	0.755149	1.015007	0.111119	-0.368160	-1.078055	0.265393	0.488613	1.100782	0.662942	-0.078883	-0.967186	0.163566	0.926955	-0.417488	0.349081	0.288254	-0.566784
	0.188703	0.341342	0.018763	-0.448941	0.422263	0.320976	-0.110907	0.024806	-0.412580	0.835320	-0.324228	-1.446571	-0.577809	0.319498	-0.455713	0.599037	0.652830	0.414709	0.286232
	0.038442	0.247858	-1.605726	-1.603302	-0.145343	0.242308	1.113990	-0.296352	-0.140435	-0.273375	0.308523	-0.486541	0.137989	-0.949071	-0.926749	0.915059	0.362012	0.767053	0.438913
	0.886053	0.985366	0.481571	0.915227	0.452067	1.077530	0.837791	0.236995	-0.031514	1.309552	0.758061	-0.148167	-0.897212	0.460297	0.769300	1.425467	2.042590	0.409074	-1.145360
	0.788785	0.027371	1.320423	-0.042144	0.378542	-0.093926	2.112595	0.268136	-0.262097	0.269269	0.962891	-0.989614	0.562653	0.859260	1.404229	-1.071413	0.341234	-0.767969	0.014821
	-0.423183	-0.458486	-0.128222	-1.038737	-0.377237	-0.556594	-0.238159	-0.731199	-0.273072	0.053574	0.824894	0.845501	-1.545134	0.951419	0.300731	-0.063402	-0.084415	-0.043405	-0.217422
	0.506761	-0.850729	-0.247296	0.220417	-0.120893	-0.584191	-0.060067	0.237104	-0.275241	0.758962	-0.145840	-1.167052	-0.132664	0.639826	0.581273	-0.598425	0.122361	-0.158114	1.447266
	1.326123	0.503724	0.003315	0.452004	0.980138	1.495049	0.547880	0.607915	0.692754	0.331966	1.378745	-0.161987	0.185524	0.695175	-0.478632	0.998609	1.608987	0.389288	0.594641
	1.544533	1.074526	2.648999	2.047398	0.971341	1.139066	0.889627	0.370098	0.227846	0.827828	0.872473	1.349082	0.705891	-0.121875	-0.394300	0.680717	0.718106	-0.331371	0.207795
	0.920551	0.003578	-0.278569	0.166564	0.553043	0.314071	0.991867	0.792718	0.300198	0.648353	1.047734	1.426113	1.157708	-0.384257	0.043507	1.552095	-0.256225	0.411872	0.886117
	1.036020	0.779473	-1.130519	-0.652113	0.666552	0.178799	-0.390365	0.540670	0.841897	0.366433	0.700873	1.461892	1.178627	0.438075	1.311680	0.490049	0.894015	0.798474	1.621932
	-0.865064	-1.339108	0.395361	0.475531	-0.158390	0.118175	0.095152	0.387930	-0.440205	0.124847	-0.292605	1.409245	0.460303	-0.512444	-0.390427	-0.317233	-0.673575	-0.681488	0.329105
	-1.979880	0.335785	0.265568	0.166931	-0.232533	-0.865943	-0.905682	-0.231540	0.412199	-1.105938	-0.905853	0.734003	-0.212270	0.711578	1.115913	-1.443990	-0.801019	-0.800343	0.057980
	-0.402480	0.826222	0.146990	0.200645	0.048126	-0.758470	0.632026	-0.355069	0.245808	-0.506041	-0.342507	-1.238066	0.459538	-0.676189	0.085364	-0.254371	-1.572121	-0.663105	-0.013372
	0.572042	-0.172689	-0.248627	-1.484279	-0.508972	-0.016730	0.566096	0.373018	0.425304	-0.021157	-0.780394	-0.568128	0.125289	-0.099090	0.172885	-0.466026	-0.867442	0.152294	1.042979
	0.400199	-1.100792	-0.415305	-0.364789	0.198131	-0.415663	0.085692	0.113064	0.127796	-0.351328	-1.199675	-0.610435	-0.197866	-0.779640	-0.873970	-0.888842	-0.534490	-0.826304	-0.068328
	-0.363025	-0.605471	0.021146	0.315684	0.409823	-0.507625	-1.339390	-0.213535	-0.625520	-1.037047	-0.913913	-1.697195	0.009042	-1.060798	-0.641745	-0.717416	-1.224516	-0.101691	-0.888953
	0.143988	-0.425353	-0.485295	1.241202	0.170969	0.127883	-0.359801	-0.035099	-0.395879	0.342704	0.580649	-0.779388	-0.249937	-0.973056	-0.632100	0.931361	-1.111786	0.368813	0.508937
	-0.579519	-0.597521	0.685767	0.494644	-0.567348	0.429001	-0.167464	-0.053254	-0.197557	0.672613	0.767328	-0.468264	0.129260	-0.035887	-0.644624	0.448225	0.054585	0.896436	0.099671
	-0.401893	-0.268533	-1.131523	0.601065	-0.120791	0.187227	-0.689111	0.562046	0.479303	-1.461290	-0.979744	0.057640	-0.449950	0.527499	-0.386732	0.232398	-0.208467	-0.730662	-0.421089
	-0.749808	-1.000456	-2.229919	-1.602933	-0.807115	-0.694415	-0.808367	0.530370	0.221596	-2.528742	-1.716258	-0.751894	-0.176814	1.021248	-0.556483	-0.467392	0.146263	-0.760325	-0.713611
	0.172771	0.443900	0.311604	-0.380205	0.034983	-0.140415	-0.346081	0.498027	0.437900	-0.447497	-1.613396	-0.124261	0.053971	-0.460637	0.043640	-0.405930	-0.721981	-0.234750	-0.457219
	0.900296	2.079741	1.965872	0.764620	0.285275	1.682521	1.058623	0.279095	0.272632	0.427019	-1.416312	0.604490	0.659817	0.122673	0.424177	-0.671184	0.005031	-2.067706	-0.378787
	-0.001306	0.073204	0.522126	1.064342	0.068136	1.184782	1.158193	0.521892	0.689382	-0.098483	-0.380307	1.029093	-0.445326	-0.285878	1.096614	0.126400	-1.121048	-0.944933	-0.148982
	-0.576307	-0.185065	-0.166267	-0.739616	0.109225	0.782058	-0.004848	0.251297	0.034379	0.234060	1.079176	0.485770	-0.631684	-0.022619	0.590168	-0.281269	-0.231718	0.249633	0.291899
	0.007721	0.180994	0.841090	0.345010	0.068867	-0.328645	-0.225977	0.223258	0.176392	-0.144611	-0.659737	-0.408255	-0.396557	0.289967	0.622342	1.412839	0.743066	-0.295989	0.349081
	0.297683	-0.329659	0.243329	1.074250	0.613987	-0.946589	-1.425905	0.269453	0.248702	-0.570892	-0.871930	1.454511	0.730881	-0.013387	-0.295565	0.557832	-0.270269	0.054500	-0.682414
	-0.444898	0.053082	1.802839	0.142499	0.126503	-0.369246	-0.831442	0.329504	0.530605	-0.343750	-0.495476	1.130424	1.250152	0.498164	0.001831	-1.379703	-0.468778	-0.351235	0.771018
	1.285810	0.762925	0.669046	-0.882619	0.311093	-0.530535	-0.318185	0.312018	0.148605	0.630495	0.572664	0.425074	0.399052	-0.019408	-0.050898	-0.742436	-0.873431	-0.030270	0.329298
	0.375647	-0.471892	0.098070	0.067001	0.053741	-0.935686	-0.747058	-0.141207	-0.074090	-0.402280	0.393093	0.838452	0.748735	0.238451	0.575263	-0.633170	0.166350	-0.411465	0.537126
	-0.482206	-1.343629	0.165720	-0.270939	0.340131	-0.137049	-1.535470	-0.126950	-0.553276	-2.035756	-0.752764	-0.278892	-0.969440	-0.110411	-0.546166	-0.652652	-0.487854	0.166592	-0.138853
	-0.029018	-0.185507	0.764119	-0.634566	-0.255167	-0.423475	-0.133060	0.051657	-0.008835	-1.614577	-0.241007	0.362598	0.191871	-0.646606	-0.717943	0.570260	0.051631	0.850181	0.237622
	-0.115853	0.495701	-0.717808	0.354307	0.202011	-1.112907	-0.162034	-0.440544	0.090778	1.786138	0.732970	1.553334	-0.409181	0.260549	-0.643792	-0.293088	0.911018	0.058998	1.175467
	-1.169256	-1.155219	-0.483261	0.568251	-0.648512	-0.037133	-0.841032	-0.637244	-0.728003	0.787753	1.099964	0.182990	0.865763	-0.305519	-0.384355	-0.741715	0.441910	-0.031183	-0.260819
	-0.263472	1.425386	0.460985	0.209450	-0.567302	0.361479	-0.374630	-0.181650	0.101690	-0.095024	0.069180	0.358166	0.686141	-1.145329	-0.812080	-0.221942	0.374757	-0.138567	-1.294692
	-1.043189	0.559578	1.166014	-0.200610	-0.164058	-0.086593	-0.678629	-0.298461	-0.469260	-0.677380	-1.106247	0.519514	1.412346	-0.480867	-0.192003	-0.498869	-1.170540	-0.336624	-1.311274
	0.640066	0.124013	0.210793	0.463830	-0.377694	-0.001629	0.924702	0.833772	0.292275	1.496454	0.389446	0.348110	0.051370	0.605118	0.090482	1.298101	2.227848	0.598253	0.389338
	-0.203542	-0.472078	-0.621718	-0.260873	-1.045786	-0.206525	0.342609	-0.167992	0.157922	2.115089	1.764079	-1.457071	-0.010591	0.674103	-0.074009	1.697317	0.083783	0.676428	1.361271
	-0.401583	-0.635875	-0.668716	-1.172106	-0.757110	-0.173674	-0.811650	-0.118103	0.364206	1.081468	0.034234	-0.363263	-0.008431	-0.283035	0.772205	-0.156326	-1.790606	-0.002631	0.998456
	-1.312245	-0.967343	-3.235681	-1.374063	-0.274988	-0.157195	-0.892223	-1.156587	-0.892102	-1.548901	-1.714186	-1.244148	0.521081	-0.982159	-0.876696	-1.050047	-0.449344	0.044855	-0.047719
	-1.053569	-0.671679	-2.027415	-1.292673	-0.157905	0.183419	1.844927	-0.700016	-0.653852	-0.885700	-0.686946	0.350844	-0.466007	0.391241	0.522265	1.631335	1.686723	0.644660	0.307324
	0.414620	-0.116681	-0.703881	-0.381449	-0.132507	0.967819	1.342759	0.361269	0.168203	2.008082	0.532057	-0.738293	1.037270	1.247645	1.362394	-0.605137	1.297607	1.167459	0.811552
	-0.754415	-0.170006	1.004323	-0.049699	0.962124	0.177354	0.819115	0.432197	0.103588	-0.175397	-0.393387	0.196987	0.642341	1.133744	0.522029	0.080818	0.812584	-0.326107	0.337178
	0.426821	-0.592335	-0.127747	-0.161025	0.604728	-0.430482	-1.081539	-0.204430	0.469164	-0.989324	0.077109	-1.598784	-0.827075	0.257293	0.465625	-1.015406	-0.787971	-0.331268	-0.644547
	0.455697	0.109774	0.596981	-0.379483	0.492992	-0.377893	0.066729	-0.703643	-0.258108	-0.671831	-0.676014	-0.121490	-0.698459	-0.215400	-1.950861	0.610992	0.375424	-1.238381	-0.716451
	0.819598	1.165123	1.294048	-0.188697	1.117976	0.056819	1.099458	0.022166	0.351021	1.242790	1.537619	1.131485	-0.135925	0.134104	0.008091	1.741705	0.388394	-0.444046	-0.708396
	0.726829	1.545817	1.437700	0.354417	0.268872	-0.265970	1.703923	0.759724	0.693860	1.871419	1.422917	0.615524	-0.258567	0.348845	-0.251915	1.862161	1.441233	0.234306	-0.208202
	0.903129	0.530980	0.601132	1.601843	-0.337731	0.627878	0.157598	0.241416	0.008950	0.245844	0.616930	-0.166874	0.115715	-0.583799	-0.058242	0.613169	0.569643	0.025432	-0.404435
	-0.578667	-0.103178	-1.882669	-0.457992	-0.572927	-0.355283	-1.235221	0.426175	0.417910	-1.706218	-1.628711	1.129190	0.025734	-0.580403	0.366422	-1.163281	-0.860316	-0.712019	-0.513717
	-0.143340	1.020075	-0.649670	-0.985872	-0.547358	-0.299613	0.768073	-0.966430	-0.247242	-0.754286	-0.049183	-0.968892	-0.680496	-1.411949	0.110631	-0.249706	-1.464181	-0.286960	-0.323623
	0.807300	0.206655	0.967677	-0.103131	-0.448733	0.462553	-0.369048	0.067521	0.465684	-0.665153	-0.358144	0.270109	-0.026127	0.328564	-0.879457	-0.304954	-1.732339	-0.083846	-0.504675
	0.474372	-0.232860	-2.139997	-0.605304	-0.335761	0.523964	-1.300283	0.299270	0.519431	-1.787677	0.083134	-0.244644	0.622776	0.655491	0.517677	-0.129681	-0.626557	0.263017	-0.535449
	-0.174357	-1.098527	-2.382898	-0.983325	-0.479009	-0.591320	-0.196882	0.199722	0.403832	-1.344372	-0.870860	-1.110721	0.310839	1.245209	0.545838	-0.934746	-0.380002	0.971055	0.842291
	-1.574836	-1.015319	-0.647704	-0.777189	-0.222738	0.678293	-0.252322	-0.324738	0.103379	-0.991944	-1.256276	-0.292574	-0.424983	0.503257	0.674188	-0.312435	-0.371473	0.052155	0.879274
	-1.232630	-1.532420	-1.745147	-2.007779	-0.238900	-0.687254	0.244655	-0.772524	-0.754430	1.423878	0.183231	-0.815159	-0.204925	-0.455850	0.472282	-0.290339	-1.500907	0.150278	0.656704
	0.698863	0.287897	0.093521	0.041434	-0.091370	0.518687	0.358909	0.230610	-0.083010	1.761792	1.896741	0.374543	1.184847	-0.701000	-0.556441	0.596056	0.495471	-0.024958	0.309337
	-0.726540	-0.024477	0.786483	1.082637	-0.513064	-0.619384	0.367150	0.082215	-0.621072	0.429728	1.185133	0.640478	-0.365192	-0.981858	-0.503999	0.374915	1.313385	-0.072267	-0.133861
	-1.271195	-0.955666	-1.157692	-0.466456	-0.804273	0.495868	-0.646487	-0.524866	-0.598129	0.731982	0.186798	0.072221	-0.649376	-0.305797	-0.775375	-0.256399	-0.047293	0.245304	-1.059699
	-0.630046	-0.756174	-0.052174	-0.351819	-0.046077	1.007050	-0.735328	-0.421324	-0.640744	0.075030	-0.063807	-0.017047	-0.365261	-0.004170	0.501095	-1.325946	-0.788429	0.455744	-0.103207
	-0.114683	1.072411	1.752987	0.332395	-0.492520	0.172671	-0.822138	-0.612018	-0.875275	0.104309	0.461162	-0.909005	-0.166297	0.103694	0.562983	-0.197666	-0.778499	0.618028	-0.518948
	-0.913508	0.058103	1.586831	0.678524	-0.154121	0.032627	-1.118527	0.420681	0.048312	-0.223872	-0.099344	-0.970676	-0.827203	0.618481	-0.405044	-0.166674	-1.284960	-0.192767	-0.369681
	-1.659682	-0.131754	0.497315	1.080935	-0.298515	-0.203668	-0.672899	0.510437	-0.457288	-0.637261	-1.846945	-0.924053	-0.551791	-0.785676	-0.659181	-0.207506	-0.778957	-0.436632	-1.452782
	-0.233710	-0.687760	-1.560724	-0.665313	-0.218769	-0.428330	-0.801879	0.058499	0.048881	0.265920	-0.609163	-1.450397	0.013452	-0.695227	-0.417874	0.989760	-0.212587	-0.255909	-0.525680
	1.406668	0.103564	-0.364035	-2.221335	-0.536727	-0.809159	1.239652	-0.356809	-0.194525	0.926861	1.337386	-0.610816	-0.369132	-0.426759	0.173518	1.841560	1.470616	0.793781	1.659378
	1.783866	1.194568	0.091821	-0.398935	0.455404	0.263519	0.488350	0.174411	0.443057	1.611855	0.418022	2.250170	1.270126	-0.596123	1.353383	1.236152	1.683761	-0.272839	1.765592
	0.347012	0.228621	-0.294711	0.696082	0.143989	0.165053	1.010799	-0.998846	-0.172678	-0.322211	-1.122352	0.259600	0.056190	0.292898	0.013378	0.215562	-0.592338	-0.043480	-0.379011
	0.337153	0.462521	-0.836329	0.323340	0.118654	0.484214	1.851663	-0.197738	0.115422	-0.808537	-0.343489	0.770050	-0.175958	0.393122	0.614226	0.467894	1.035833	0.046482	-0.507449
	-0.342373	0.640237	-0.091121	0.888217	0.380764	0.695069	2.614399	0.290596	0.409407	-0.949291	-0.082645	0.463013	0.287699	0.882646	1.174212	1.049818	0.345315	0.493365	0.945896
	-0.210719	0.173241	-0.397837	0.484211	-0.029180	-0.159865	0.526265	-0.094022	0.064155	-1.485885	0.160888	1.172593	-0.592228	0.155278	-0.101601	0.585712	-0.860191	-0.591380	-0.042888
	-0.535230	0.090097	0.292436	0.623567	-0.673928	0.210438	-0.177328	-0.572766	-0.762744	-1.185329	-0.570979	0.337341	0.925121	-0.514678	0.739412	-0.850144	-0.735606	-0.713546	-1.350229
	-0.348977	-0.816278	-0.707083	1.388547	0.245375	-0.187436	1.449158	-0.258102	-0.139329	-0.630739	-0.664557	0.368237	-0.167041	0.000930	-0.290061	-0.199333	0.830684	-0.250039	-0.913517
	0.256737	0.427497	0.368826	0.448460	0.247960	-0.438045	-0.095561	0.377862	0.013285	0.119214	-0.068206	-0.028913	-0.571085	0.899997	-0.063299	-1.570843	-0.864754	-0.076643	-0.220989
	-0.167686	-0.500481	0.345181	-0.293599	-0.289632	0.284648	-0.479467	-0.339429	0.327409	-1.537414	-1.001977	-0.281567	-0.576921	0.015498	0.109452	-1.764919	-0.580636	-0.484232	-0.373045
	-0.213669	0.094433	-0.267960	-1.592733	-0.194411	0.385534	-0.978094	-0.546331	-0.907539	0.463364	-0.830972	-1.462866	-0.967810	0.745147	0.928160	-0.425803	-0.215997	0.564072	-1.102004
	0.391994	0.280406	-0.313335	-0.862950	-0.152239	-1.130445	-1.984535	-0.530471	-0.493691	0.077885	-0.248680	0.143397	-0.071907	0.405405	0.112417	-0.429542	-0.066689	0.449397	-0.775381
	0.208505	-0.016999	-1.359852	0.170039	-0.155028	-0.768198	0.325130	0.232044	0.059109	-0.213942	-1.091417	-0.893898	-0.462204	-0.430077	0.470215	1.198850	-0.049762	0.798945	-0.194699
	0.036017	-0.164744	-1.252383	-1.587162	0.244316	-0.513496	0.207256	-0.411319	0.202012	2.056774	0.465270	-0.153517	0.841502	-0.354418	-0.155112	0.344108	-0.655994	0.379797	1.342172
	-0.017359	0.066625	0.050545	-1.288464	0.450598	-0.674142	-0.996242	-0.681227	-0.623470	1.010646	1.463104	-0.532686	0.890918	-0.144333	-0.322357	0.738262	1.206916	0.226133	0.496963
	-0.564545	-1.503451	-1.147956	-0.136573	-0.888719	-0.193373	-0.707422	-0.903550	-0.636342	0.934978	0.558028	-0.572988	0.217518	-0.317060	-0.172682	-0.175783	0.569544	-0.332825	-0.888576
	0.375850	-0.240943	0.427569	1.774336	-0.420957	-0.039276	-0.741359	-0.088735	-0.145886	0.353048	1.547932	-0.152966	-0.922182	1.388999	0.545599	-0.059846	0.772072	0.416361	0.032695
	0.044718	0.187619	-0.317285	0.858020	0.053605	-0.630920	-0.590953	-0.316606	-0.240083	1.235184	-0.142629	-0.405209	-0.092234	0.524927	-0.128710	-0.153216	0.650698	0.103840	-0.375225
	0.160509	-1.217449	-0.760509	0.160596	-0.743731	-0.657563	-0.211039	-0.839720	-0.393681	-0.718761	1.029994	-0.495040	-1.381482	0.365695	0.545123	-0.239863	-1.004701	0.017527	0.327668
	0.890940	-0.326637	-0.402819	-0.068896	0.536796	-0.151998	-0.560660	-0.372377	-0.074438	-1.303620	0.573450	-0.169151	0.314671	0.035634	-0.293505	-0.882608	0.118543	0.580267	-0.341602
	0.149968	-0.613171	0.381829	-0.762402	0.609745	0.717482	-0.222168	0.051881	0.239292	0.218005	-1.087539	0.720420	-0.613877	0.561829	0.158191	0.766161	-0.221930	0.585813	-0.319435
	0.600389	0.389039	0.712478	0.256098	0.677444	1.020719	1.899253	-0.033974	0.505844	-0.016452	0.136292	0.476073	1.433289	1.557280	-0.082000	0.659219	-0.800880	0.174935	0.246715
	0.277400	0.929379	1.011076	0.648622	0.550758	0.265415	1.489816	0.047068	0.467215	0.029081	-0.671527	0.564790	0.152515	0.470719	0.260747	0.426521	-0.180500	0.177937	0.424907
	0.942204	1.147483	1.496417	0.756989	0.932007	0.081554	0.093725	0.258708	0.255571	-1.109614	-0.408918	-0.102729	-0.104571	-0.197445	0.176533	0.862647	1.262868	-0.534340	0.060316
	-0.263630	1.116919	0.360510	0.790708	-0.456109	0.206200	0.104710	0.775888	0.694090	-0.640524	-0.709199	0.822797	-0.127292	-1.448997	-0.736686	-0.620540	0.804953	-0.888835	-0.864288
	-0.009201	1.060332	-0.202901	1.061224	0.341827	0.303671	1.150582	0.505162	-0.244321	-0.499216	0.427273	-0.921422	0.123595	-0.881853	-1.739912	-1.269400	-2.033473	-0.097596	0.660438
	1.175251	1.972516	2.286572	2.435044	0.272257	0.614215	-0.496977	0.805444	0.135739	1.948516	1.019040	0.566186	0.621558	-1.144384	0.427375	-0.148655	0.993847	-0.079247	1.278015
	0.443152	0.264697	1.520379	1.757685	-0.696224	0.672142	-0.489713	0.485726	0.163853	0.286704	-0.740929	1.205867	0.014114	-0.724628	0.942775	-1.979767	-1.437606	-0.347442	-0.644061
	0.321498	-0.933563	0.398007	0.764374	-0.109775	-0.228834	-0.498902	0.002952	0.555305	-0.418205	0.573998	-0.676284	0.506689	0.772748	0.168818	-1.228993	-0.841122	-0.749640	0.502748
	0.166860	-1.453275	-0.498631	0.400894	0.005131	-0.465038	0.417515	0.226944	0.485323	-0.617495	-0.941289	-0.832273	0.858103	-0.177588	1.064899	-0.644296	0.974485	-0.157085	1.305315
	1.247138	-0.253834	1.254550	1.496953	0.070822	0.142428	0.983384	-0.398356	-0.929452	1.182229	-0.201854	0.489435	1.004881	-0.659791	0.194865	0.559947	1.677863	0.227677	1.411911
	1.033524	1.138675	1.766872	1.116198	-0.082445	-0.287872	0.545396	-0.815679	-0.401905	-0.931005	-0.299224	1.273153	0.902253	-0.802906	-0.178614	-0.250732	0.001915	0.184577	-0.680421
	0.894874	0.223988	-0.238910	-0.867013	-0.294087	-0.560021	-1.134610	-0.246571	0.164392	-0.987392	-0.375124	0.505099	0.786319	0.446537	-0.932245	-1.126100	-1.515126	0.363167	-0.184628
	0.257231	-0.738051	-0.362514	-1.010015	-0.733473	-0.922073	-0.527831	-0.070222	0.122962	-0.726353	1.406016	-1.202170	-0.777201	1.089236	0.109876	-0.938603	0.526525	0.749341	1.657505
	0.306055	-0.238129	0.557035	-0.107374	-1.051715	0.135195	0.533089	-0.309844	0.686751	-0.233406	1.260752	-0.947291	0.221426	1.066492	-0.342035	-1.265925	-0.683052	0.433469	-0.049867
	0.659505	1.403145	3.194609	0.773041	0.722237	0.030053	-0.613960	0.106962	0.080968	1.027929	0.002934	-1.222865	-0.986174	-0.166570	-0.868425	0.069339	-0.792046	-0.650125	-0.855065
	0.200168	0.852583	2.227931	2.615562	0.356366	0.778804	0.614392	-0.196153	0.277367	0.803921	1.108540	0.796993	-0.114497	-0.225651	-0.437496	0.138004	0.539213	0.191302	0.523286
	-0.692197	-1.171060	1.161054	0.821001	-0.010033	0.302208	1.364147	-0.413619	-0.297385	-0.343096	1.064494	1.123909	-1.011118	-0.752359	0.498036	-0.110394	0.709118	-0.095073	1.018621
	0.848171	0.280756	1.124871	0.234416	0.653554	1.020378	0.236904	-0.408971	-0.026917	-0.109864	-0.367607	0.536533	0.059641	1.157117	-0.134526	-0.383360	1.432401	-0.688183	-0.689515
	-0.346381	-0.252658	0.887193	0.380877	0.074046	-0.086921	-0.719261	-0.374872	-0.856015	-0.778419	-0.181491	-0.234870	-1.219205	1.053255	0.215780	1.866437	2.400589	-0.157382	-0.920717
	-1.009051	0.332474	-0.518968	-0.534349	0.129488	-0.817775	-1.690388	0.158056	-0.295128	-1.512629	-1.656231	-0.399371	-0.837290	0.922107	0.467477	-0.101227	0.819161	-0.597552	-1.167750
	-0.197859	0.321875	-0.636901	-0.743431	0.315443	-0.842325	-0.215965	-0.273260	0.000334	-0.942286	-0.167406	-0.702087	0.583894	-0.428425	-0.993546	-0.299372	1.470411	0.007158	0.338482
	-0.391256	0.393301	-0.390415	0.814502	0.806208	-0.245086	0.141581	0.008626	-0.128248	-1.191910	-0.389351	-0.435633	0.313316	-0.903688	-0.691464	0.581254	1.080065	0.535999	-0.593234
	-0.430533	-0.056431	0.399093	-0.560701	0.158002	0.201266	0.110403	0.763019	0.171929	-0.682478	-1.400282	0.858397	-0.389197	0.357247	-0.544718	1.610233	0.967112	-0.271521	-0.736685
	0.675979	-0.213631	2.020975	0.706295	0.103156	0.239900	2.057348	0.640067	0.614348	0.571786	1.357021	0.420111	0.858702	-0.060502	0.251053	0.388234	0.215121	-0.623680	0.263112
	0.329217	0.234079	0.244569	0.216937	0.591356	0.238650	-0.677837	0.375948	-0.098083	-0.317341	0.234902	-0.531020	-0.573139	0.233429	0.378509	0.073687	-1.605447	-0.335093	0.038584
	-0.514905	0.215488	-1.248985	-1.018982	-0.143205	0.595878	-1.070416	0.016481	0.044050	-0.097958	-1.364614	-0.057179	0.112985	-0.017842	0.445537	-1.056748	-1.649538	-0.422208	-1.093625
	0.969707	0.660214	-0.054507	-0.674308	-0.198394	0.793216	1.253133	0.426303	0.325404	0.434958	-0.898406	0.028184	-0.224175	-0.400297	-0.362866	0.046803	-0.717286	-0.249900	-0.730075
	0.067616	0.444160	0.878957	0.385478	0.465656	0.354596	-0.242844	1.199393	1.564239	1.063177	0.535839	-0.819194	0.297246	0.421649	0.381955	0.048835	-0.097737	0.014720	-0.187231
	0.161696	0.435532	1.326920	1.037314	1.017689	0.500949	0.377163	0.637116	0.573443	0.945718	1.129525	0.403378	-0.047429	-0.483165	-0.177335	1.527462	-0.752301	0.320950	0.058308
	-0.513678	0.283879	-0.603731	-0.477253	0.528245	-0.693875	-0.808166	0.440763	-0.570821	1.022163	0.663534	1.156376	-0.005929	-0.219859	-0.827302	1.608606	0.926310	-0.101731	-0.018094
	-0.082281	-0.673037	-1.817871	-0.426427	-0.086444	-0.552439	-0.803199	-0.069119	-0.261083	-0.447828	-0.935429	1.456639	0.195204	-0.226718	-0.722484	0.455208	0.158704	-0.236385	0.232214
	-0.860887	-0.792420	0.832173	0.910438	-0.059847	0.141424	0.196882	-0.216736	0.107493	1.873932	0.195248	0.619043	0.255231	-0.221974	0.520463	0.249188	2.189243	0.578697	-0.234995
	0.375331	-0.429230	0.488160	0.338583	0.642174	0.313471	0.611293	0.184806	0.151042	1.232498	0.794116	-0.149401	-0.502492	0.498459	0.316544	1.527508	1.192594	0.308270	-0.001678
	-0.028458	-0.178691	-0.859302	-0.022305	-0.183185	-0.266679	0.655146	0.455398	-0.203906	0.974224	0.034617	-1.143125	-0.256146	0.366457	-0.017303	-0.503420	0.124447	-0.369254	0.405183
	-1.311816	-0.220318	-0.862788	-1.121782	-0.735529	-0.443942	-0.298525	-0.581036	-0.121644	-0.655155	-0.559121	-1.145851	1.151206	0.528649	0.045418	-0.072240	-0.443953	-0.383173	-0.036220
	-0.855504	-0.191002	-0.122089	-1.261340	0.024477	0.005809	-0.662958	-0.109579	0.228484	-0.415289	-0.373713	1.004255	0.322563	-0.240280	0.396307	0.059313	-0.384332	0.126249	0.186305
	0.631582	-0.952932	-0.050899	0.021812	0.316066	0.702713	1.809007	0.576070	0.025791	0.089702	0.299189	-0.668903	-0.310968	-0.445577	0.009506	-0.316141	-0.123365	0.474845	0.916137
	-0.424056	0.146641	0.352660	0.416138	0.192743	-1.177417	0.206206	0.290538	0.645553	-1.730718	0.747874	0.407762	-0.205311	-0.695330	-0.607330	-0.492024	-1.710137	-0.026768	0.258375
	-0.451850	-0.943680	-0.344183	-0.863066	-0.177139	0.287766	-1.283462	-0.251658	-0.100764	-1.063795	-0.337889	-0.389543	-0.496934	-0.532657	-0.891208	-0.893507	-1.997446	-1.003136	-0.814928
	0.048896	-0.140156	-0.599508	-0.839078	-0.539165	0.371951	-0.134591	-0.671419	0.067217	-0.681949	-0.572329	-0.946058	1.092349	-0.023319	-1.491697	0.168525	-0.485770	-0.298351	-0.527777
	0.845558	0.631452	0.391752	-0.019810	-0.411316	0.662915	0.832846	0.082082	0.704618	1.202922	0.258131	-0.052082	0.080761	-0.175631	-0.337110	1.930042	2.031838	-0.138529	0.013411
	-0.142623	0.429724	-1.357446	-1.079043	0.988822	0.382252	0.633646	0.395262	-0.127337	0.313020	-0.176220	0.677016	1.094122	-0.373046	0.797400	0.318535	0.019859	-0.414826	-0.363019
	-0.520511	-0.150169	-1.699140	-1.813384	0.234516	-0.454471	1.125150	-0.502257	-0.478590	-0.853994	0.113870	0.508149	0.257401	-0.948011	0.026342	-2.024373	-2.252511	-0.427384	-0.928692
	-0.765619	0.094673	-0.959752	-0.686062	0.848151	0.152229	0.057585	-0.445835	-0.370653	0.503220	-0.225756	0.352877	0.043195	0.450350	1.071444	-1.493102	-2.361171	0.147111	-1.146531
	0.367586	1.116583	-1.127996	0.409191	0.764631	1.005928	0.443464	-0.289581	0.326414	-0.333838	-0.401760	0.137645	0.222452	0.425959	0.169707	-1.033454	-0.269653	0.447729	-0.288414
	-0.088517	-0.023095	-1.974138	-1.469056	-0.275792	0.413184	0.810619	0.040240	0.607061	-0.464436	-0.849331	-1.119558	-0.302125	0.412558	-0.656578	1.235124	-0.949697	-0.358472	-0.204861
	0.837555	0.362385	-0.944252	-1.279290	-0.797174	0.034639	0.647573	-0.269901	0.362654	-0.575627	-0.221831	1.152550	0.621201	-0.254129	-0.110067	-0.588238	-0.319856	-0.608888	0.243651
	0.765776	0.446883	-0.814478	-1.762265	0.488702	0.924952	0.629809	0.678055	-0.194786	-0.695309	-1.672802	0.215930	0.002555	-0.003757	-0.637347	-0.440739	-1.034980	0.051732	0.611026
	-0.012662	0.571673	-1.038156	-1.927050	-0.401663	0.303065	-1.107203	0.396718	-0.574779	-1.222066	-2.182844	-1.137046	0.044166	0.145634	-0.566039	-0.578900	-1.594475	-0.144500	-0.450114
	0.158893	0.420218	-0.777955	-1.521154	-0.143362	-0.397107	-0.867965	0.299775	-0.495824	-2.100506	-1.298655	-0.014627	-0.196616	0.175605	0.235240	-0.954081	-0.273442	-0.368830	-0.272878
	-0.585451	0.159852	-1.825259	-1.630430	0.682462	-0.476290	-0.356708	-1.011186	-0.861516	-1.989370	-1.811849	-0.937372	-0.919144	0.077256	-0.075785	-0.076656	0.053065	-0.162843	0.559197
	-1.493596	-0.758399	-1.057579	-1.049870	-0.085507	-0.573396	-0.469758	0.362681	-0.058484	-0.556489	-0.309113	0.340184	0.305062	-0.471119	0.448804	-0.140155	-0.521000	0.286199	0.080982
	-1.514492	-0.936337	-0.710373	-0.549895	0.212812	-0.284619	-0.995802	-0.416127	-0.260307	-0.181023	-0.580760	0.617220	0.531431	-0.411572	-0.175234	-0.021063	0.539504	-0.058332	-0.033686
	-1.013418	0.121467	-1.435567	-1.239958	-0.819591	-0.207118	0.467737	-0.367034	-0.664799	0.076882	-1.036677	0.491931	0.131537	-0.418964	0.262007	-0.210803	-0.021888	-0.276956	-0.988484
	-0.669463	-0.806600	-1.675169	-1.531290	-0.259359	0.112835	-1.228762	-0.236358	-0.695296	0.875927	-0.490536	-0.180011	0.600021	0.386644	-1.291872	-0.310869	-0.920677	0.271024	0.410534
	-1.043505	-1.061315	-1.277615	-0.250587	-0.126671	-0.127141	-1.104782	0.336715	-0.013703	0.071871	-0.299382	-0.129161	0.226422	-0.085131	-0.510530	-1.252445	-0.231393	0.621874	1.303994
	-1.110565	-0.926773	0.215942	-0.987663	-0.412170	-0.400033	-1.394117	-0.196061	0.101467	0.162884	0.707716	-0.175379	0.724456	-0.014305	-0.670208	-0.968050	-0.222505	0.455354	-0.665823
	0.091304	-0.645831	-1.823626	-1.205960	0.050432	-0.759164	0.559411	0.092933	-0.039870	0.000789	0.063704	0.375854	0.012027	-0.123679	0.255885	0.700931	1.060845	0.868832	0.007118
	0.321611	-0.150169	-0.369149	0.062305	-0.417798	-0.393563	-0.399032	-0.101087	-0.105977	-0.107290	0.170680	0.271761	-0.625922	0.514041	1.139032	-0.666624	0.746572	0.046908	1.505640
	-1.824270	-1.350873	-0.962569	0.663107	-0.910314	0.067254	-1.239480	-0.539460	-0.758666	-1.290356	-0.110445	-1.450049	-1.306452	-0.090265	-0.410967	-0.825897	-0.704909	-0.905216	-0.323401
	-0.058082	-0.664871	-1.237884	-0.711933	-0.503100	-0.939523	-0.963883	-0.401031	-0.312011	-0.695741	-0.141641	-1.407364	-1.477748	-0.202945	-1.371609	-0.100571	0.653629	-0.030117	-0.011104
	-0.624225	-0.536340	-0.041627	-0.358565	0.133676	0.314005	-0.281709	-0.708785	-0.169931	-0.026340	-0.150507	0.517886	-0.359151	0.037192	-0.357563	0.342645	1.129018	0.529196	0.296450
	0.647969	0.439187	1.976315	0.200350	-0.114456	-0.285521	0.238739	0.369739	0.202256	0.800600	0.989442	0.954744	0.864964	0.011436	-0.482088	-0.225761	-0.158217	-0.029148	0.207182
	0.293629	0.275922	0.530901	0.819613	0.709149	-0.499728	1.196654	0.272746	0.853362	0.728267	0.505344	1.452885	0.974918	0.358129	0.391017	-1.007962	0.267945	0.187345	0.651591
	-0.721292	-0.602896	0.198474	-0.362700	0.265222	-0.118969	0.057273	0.642855	-0.246930	0.061769	-0.220138	-0.528117	0.026617	0.326684	0.822576	-1.205927	-0.323583	0.471361	0.622244
	0.044587	-1.507280	1.243942	-1.243677	0.171460	0.337520	-0.719768	0.893384	0.457947	0.482127	0.337587	-1.494647	-1.201861	-0.916491	-0.146509	-0.463253	-0.094900	0.227999	-0.282471
	0.698523	0.085753	1.237524	0.014028	1.187307	0.419534	-0.256217	0.002127	0.116592	1.651710	1.041272	-1.006592	-0.192714	-0.290340	-0.207493	0.923072	-0.692015	0.313383	0.982865
	0.497760	0.996676	-0.115809	0.511719	-0.250519	-0.457470	0.415162	0.754125	-0.048894	1.839056	0.428466	-0.124395	-0.340386	-0.637743	-0.406084	1.036687	-0.450682	0.344802	0.816139
	1.154290	-0.265301	0.447206	1.346875	0.114350	-0.128480	-0.538546	0.843480	0.546655	-0.050248	0.539861	-0.442373	-0.137462	-0.120094	0.792716	1.964169	0.494522	0.517231	0.431684
	0.305826	1.177150	1.096373	2.041746	-0.845442	-0.467034	0.464235	0.723877	0.981463	1.228233	1.072128	-1.167967	0.578770	-0.388512	0.424977	1.175584	-0.375352	0.367640	0.463375
	0.494171	0.124101	0.494069	1.039870	0.438870	-0.481718	1.537508	0.327663	0.538038	0.876746	0.927738	-1.498448	0.232480	-0.360574	-0.571943	1.378544	-0.390956	0.521790	-0.045715
	0.104605	-0.056083	-0.258665	0.052262	-0.510384	0.172516	0.366949	0.066487	0.013189	1.310631	1.381947	1.676496	0.392663	-0.636085	-0.357415	1.570118	0.239288	-0.035836	-0.072189
	-0.226548	-0.163232	2.200059	1.740166	0.543213	0.724169	1.086434	0.049115	0.184283	2.018755	1.143141	1.371246	-0.235712	0.337209	-0.465597	1.659647	2.508367	-0.087233	-0.837282
	1.115230	0.045926	2.660335	3.187188	0.468881	1.594257	1.090130	-0.083656	-0.287554	1.305784	1.546609	1.529891	0.895869	0.456127	1.118300	2.028609	1.944400	0.684201	1.447254
	-0.470955	-1.584239	1.081046	0.862794	-0.687887	-0.733388	-0.115722	-0.532832	-0.365980	1.926046	0.394361	0.683903	-0.837387	0.044149	0.716168	-0.084283	1.800812	0.510853	0.119738
	-0.974590	-1.183754	-0.730956	-0.717429	-1.005093	-0.484676	0.637656	-0.325793	-0.198361	0.255804	-0.121146	0.044265	-0.383858	0.126915	1.180769	1.218290	0.192807	-0.069606	0.072772
	-0.062897	-0.350361	1.239369	1.479670	-0.171627	0.477945	-0.668763	-0.087235	0.763041	0.045188	0.703068	0.659768	-0.298588	0.722339	1.721930	0.764812	1.463738	0.230038	0.197827
	0.502164	0.733462	0.867665	2.730809	-0.654450	0.239379	-0.381477	0.963418	0.412854	-0.792985	0.315699	0.523291	-0.763820	0.122645	-0.657210	-1.315576	0.006859	-0.103660	0.530300
	0.097823	-0.542559	0.488944	0.633174	-0.230557	-0.337789	-0.350617	-0.218182	0.277698	0.664560	0.943723	1.374079	0.846929	0.033311	0.884371	0.483934	0.766685	0.526917	0.217111
	-0.681786	-0.999466	-0.025416	-1.124858	-0.944788	-0.416325	0.963022	-0.125007	-0.296974	0.312468	1.336161	-0.402995	1.290557	1.326056	0.388458	0.818421	0.175141	0.718628	0.999579
	0.592029	-0.354576	1.909244	1.414164	0.329670	-0.050808	1.468111	0.679744	-0.011140	1.699720	2.265828	0.324319	0.360037	0.094618	-0.353746	-1.312587	-0.525568	0.696408	0.430546
	-0.413784	-0.707760	0.474845	2.410448	-0.237105	-0.721063	-1.639685	0.531420	-0.522213	-0.626360	1.046926	-0.865907	-0.965118	0.988381	-0.845862	-0.718982	0.363630	0.547843	0.021705
	-0.128315	-0.393693	0.121847	1.683827	-0.895043	0.211328	-1.972588	-0.562999	-0.517017	0.389993	0.318972	-0.015179	0.160446	-0.570528	-0.081370	-0.742827	0.701520	-1.020437	0.332843
	0.275134	0.417464	0.907725	0.000656	-0.268792	0.799476	-0.478611	-0.134499	-0.186174	0.369948	0.377457	-0.339506	-0.606003	-0.396996	0.076682	-0.617346	-0.666618	-0.205450	0.073754
	-0.086035	0.068855	1.351941	0.067074	-0.303060	0.861640	0.743584	0.975646	0.212241	0.146324	-0.188667	-0.494851	0.021278	-0.823483	0.311582	1.693878	1.159820	0.245314	0.867383
	0.100210	0.212506	1.442646	0.836394	0.316921	-0.067592	0.639149	0.045729	0.666115	-0.129254	0.753212	0.119611	-0.229265	0.855204	2.055406	0.304201	-0.089267	-0.245560	-1.321837
	1.197732	0.351957	0.676571	0.796874	-0.088483	-0.447347	-1.045112	-0.314423	0.137940	-0.069163	0.081858	0.128694	0.017924	0.374811	0.079626	-1.487676	-0.025334	-0.281625	0.730957
	0.743351	0.732498	-0.233905	0.442417	0.473336	-1.029286	0.174149	0.679880	-0.160129	-0.937586	-0.152105	0.426797	0.656011	-0.008832	-0.140018	0.042258	0.505599	0.251164	-0.148267
	-0.463191	1.524496	-0.123642	0.752542	1.274868	0.140975	-0.484149	0.165996	0.114128	-0.485483	-0.312437	-0.218148	-0.477697	-0.300244	0.085959	0.606413	-0.372734	0.304945	0.083481
	0.773903	0.630314	0.353493	0.345595	0.704194	0.526210	-0.784298	-0.506109	0.029205	0.499062	-0.156614	0.752591	-0.529228	0.721472	0.700758	-0.272408	0.875127	0.053470	0.482043
	0.320631	0.108749	-0.226463	1.213464	0.059352	0.496872	0.887284	-0.365667	-0.454401	0.426389	0.635068	0.773100	-0.077538	-0.146087	-0.064990	1.084215	0.290239	-0.203565	-0.255295
	0.642923	1.062774	-0.134450	0.233660	-0.188164	0.337532	-0.091138	0.201679	0.459451	1.812196	0.490023	1.072753	-0.716784	-0.142324	-0.307157	-0.191874	-0.991087	-0.025951	0.293639
	-0.464467	-0.499611	-0.338656	-0.265079	-0.003783	-0.438715	1.050798	-0.238213	-0.029147	1.785627	1.591841	-0.559361	-0.139695	-1.486194	-1.719012	1.331431	0.542815	0.303424	0.836432
	-0.765174	-0.390981	-1.147171	-0.340552	-0.088641	-1.001855	-1.260541	-0.252815	-0.246576	0.472364	-0.598098	-0.490986	-0.854964	-1.190384	-1.134367	0.862938	0.810369	0.356838	0.500889
	0.242623	0.660057	-0.754366	0.489510	0.061939	-0.121503	1.199905	0.255139	0.066675	0.655410	0.206608	-0.302149	-0.184617	-0.513064	-0.584615	1.310848	0.601607	-0.661955	-0.264715
	-0.146520	0.606453	0.962146	1.672459	0.978587	0.297024	0.771450	0.550411	1.188461	1.006528	2.260830	0.324373	0.133545	0.100042	0.828275	2.118657	1.237158	-0.065929	0.256170
	0.524250	0.690967	1.060188	0.989103	0.440143	0.149288	1.019638	0.055805	0.136394	1.037089	1.223606	0.500663	0.160008	0.177735	0.083604	0.303519	1.609608	-1.036778	-1.176171
	-0.287478	0.567194	1.240731	0.868183	0.108977	0.171812	0.641371	-0.230861	-0.151122	-0.104765	0.536904	1.291660	-0.006829	-0.837303	-0.132637	-0.076016	0.674574	-0.419236	0.370759
	-0.858335	0.906988	0.275708	-0.170966	0.096585	-0.167352	-0.595061	-0.104461	-0.179176	-0.675869	-1.295548	0.817784	-1.031418	-0.909987	-0.228554	0.992638	-0.359842	-0.140854	-0.076560
	-0.710576	-0.186374	-0.647667	0.508057	-0.257991	0.715103	0.129144	0.650606	-0.144633	-0.739427	-0.076319	-0.906608	-0.483642	0.682097	-0.343913	-0.593186	-0.615681	0.522425	-0.972278
	1.033251	0.546466	0.462470	0.895024	0.576590	0.953246	-0.727229	0.705955	0.583258	0.226479	1.495781	-0.377976	-0.409467	-0.518346	0.435386	0.140839	-0.146648	-0.328718	0.112368
	0.393966	0.330787	0.037666	0.154728	-0.559424	0.949345	0.774888	1.322448	-0.321995	0.672094	-0.497210	-0.156212	-0.327635	-0.685652	0.633502	-0.336645	0.000188	-0.631824	-0.793252
	0.845556	0.338482	-3.960490	-2.715403	-0.259125	-0.511398	-0.259975	0.225042	-0.236777	0.091330	-0.121175	-0.496103	-0.137032	0.470899	0.274109	-1.718325	0.220238	0.205139	0.563302
	0.268781	-0.814052	-2.888408	-3.622455	-0.787006	-0.348725	-0.444112	0.813251	0.223650	-0.646298	-0.917340	-0.053177	-0.750929	-0.103453	1.152208	-1.298549	-0.631289	-0.297429	0.304762
	0.265472	-0.128684	1.008190	-0.720725	-0.634499	-0.201060	0.061190	-0.600450	0.019350	-1.152810	-0.163552	-0.564591	-0.479627	-0.008919	-0.007830	-0.237827	-0.577696	-0.068946	0.966749
	-0.004054	0.149001	-1.302932	-0.614972	0.444567	0.724416	-0.176352	-0.296896	-0.632618	-0.714179	-0.690470	-0.853637	-0.477647	-0.207454	-0.193400	-0.103463	-1.910789	0.122074	-0.616079
	0.801814	0.549510	-0.991620	-1.268953	-0.664998	-0.001966	0.237137	0.197157	0.242844	-0.129691	-1.528432	-0.717070	0.827774	0.785551	1.140700	-0.939181	-1.739690	-0.236237	0.981921
	-0.237520	-0.071432	-1.845860	-0.759199	-0.861091	-0.086487	-0.704922	0.189527	0.692584	-2.005564	-0.415848	-1.027168	-0.350139	0.177891	-0.350840	0.232449	0.665061	-0.250439	-0.428704
	-0.538766	1.755928	-0.037275	0.198036	0.660407	0.390650	0.117030	0.133868	0.629215	-0.196416	-0.821407	1.235480	-0.000378	0.275150	0.277690	-0.532629	-0.159955	-0.850347	0.474567
	0.695280	1.068882	-0.095895	-0.368052	0.391912	0.183191	-0.184245	-0.412252	0.552619	1.920315	-0.511765	0.334077	-0.324087	0.382938	0.841835	1.128585	-0.271128	0.443189	0.989508
	0.653269	0.819630	-1.678826	-2.062241	0.116520	-0.668652	-0.461847	0.035068	0.684122	-1.703650	-1.239301	-0.916056	0.971113	0.930470	1.235288	-0.016927	-0.496014	0.271570	1.219449
	-0.522486	0.506375	-1.049651	-1.218174	0.043022	-0.398495	-0.637594	-1.047819	-0.154945	-3.009472	-1.404829	-0.958858	0.039295	1.491198	0.226816	-1.983006	-1.549168	-1.018146	-0.561914
	1.154825	0.334964	1.141775	0.097573	0.543982	0.057629	-0.084386	-0.155982	-0.373748	-0.281101	-0.539709	-0.850927	0.603994	-0.018876	-0.068333	0.444784	-1.441430	-0.675841	-1.867804
	-0.055703	0.590722	0.355906	-1.414488	-0.511991	-0.106212	-0.401643	0.304613	0.649850	-1.092957	-1.412788	1.881397	0.705925	1.395266	0.989586	-1.356393	-2.339360	-0.208151	-0.708031
	-0.165877	-0.622033	-0.342811	-1.670260	-0.544653	-0.069908	-1.932671	-0.748600	-0.407177	-1.924984	-1.619298	1.027545	0.811621	0.166201	-0.006205	-3.109756	-3.628580	-0.225881	-0.769342
	0.102778	0.744828	-0.221782	-1.827603	-0.251396	0.008025	-0.560978	-0.147223	-0.671229	-1.753192	-0.541680	-0.633669	0.301622	0.275104	-0.242711	-1.722806	-0.924756	-0.202462	-0.681690
	-0.160556	-0.169430	-1.001780	-1.274696	-0.738929	0.232543	-1.003601	-1.015716	-0.602655	-0.571037	-0.709798	-0.431094	0.557047	1.459263	0.177034	-0.324452	-0.352162	-0.103661	-1.508131
	-0.548949	-0.377763	-0.913740	-0.284488	0.116228	0.259346	1.312809	-0.638607	-1.156063	-0.306739	-0.467137	-0.816489	-0.034871	-0.079828	-0.718225	0.963722	-0.082770	0.328712	-1.407778
	0.086409	-0.176978	0.023095	-0.749292	1.549188	0.222518	0.876505	-0.164094	-0.227717	0.458600	-0.704633	1.638439	1.020918	0.415790	0.365868	0.681690	0.031863	0.615326	-0.743339
	0.711745	-0.466874	-0.795895	-1.344622	0.659877	-0.132502	0.081780	-0.769849	-0.723589	-0.668094	-0.001305	-0.080981	0.194675	-1.029766	-0.572415	-0.813094	-0.107366	-0.721516	0.103096
	0.953270	0.461418	0.672566	0.392348	0.889818	0.157103	-1.611075	-0.431612	0.095607	-1.074359	-0.326105	-0.523986	-0.503797	0.006945	-0.517720	-1.623592	1.062556	-0.333699	-1.213831
	0.702626	0.654474	2.549030	1.011728	0.211951	0.180528	-1.017577	-0.560552	-0.405020	-0.857581	-1.600175	0.728866	0.026821	-0.554183	-1.430428	-0.786731	0.379864	-0.726922	-1.310897
	0.178815	-0.053762	2.156849	1.200932	0.225604	-0.167036	1.122141	0.696165	0.039179	0.013456	0.119411	0.104787	0.660802	-1.021336	-0.180063	-1.295748	-1.556129	-0.423212	-1.364008
	1.000356	0.242900	0.548912	-0.357579	0.405690	-0.139939	0.327758	0.119676	-0.085060	0.753086	0.025515	-0.463771	1.022373	-0.199440	-0.443420	-0.493882	0.784355	0.732269	-0.420570
	-0.484263	0.348132	1.852476	1.423380	0.125165	0.516615	-0.866775	-0.179754	-0.564562	-0.758253	0.310991	-0.879923	-0.741381	-1.295423	-0.507889	-0.277355	0.105578	0.144207	-0.655386
	0.118792	-0.047651	0.817776	0.377965	-1.591976	-0.917463	-0.709004	-1.177536	-1.326916	-0.292561	0.062966	-0.359149	-0.376849	-0.594398	0.068751	-0.386464	0.394281	-0.202896	-0.646032
	-0.312839	0.355399	-0.125650	-0.015444	-1.285292	-0.518217	0.388188	-0.884770	-0.863980	0.143674	-0.782436	-0.990793	-1.109119	0.519184	0.505812	-0.692871	1.420451	0.484220	-0.864967
	-0.106952	-0.155409	0.113085	-0.146333	-0.124840	0.335346	0.452902	-0.495569	-0.409877	-0.123644	0.011537	0.366204	0.315711	0.228853	-0.236168	1.042643	1.161474	0.690363	-0.877632
	-0.190607	0.584820	0.819147	0.393673	0.626128	0.079587	0.481317	-0.061134	-0.074143	-0.077769	-0.011773	-0.921744	-0.307740	1.050233	0.220174	0.139785	0.837959	0.499517	-0.636448
	-0.821874	-0.622358	-0.114549	1.315628	0.303795	-0.046690	0.193653	-0.137890	0.071637	0.322153	-0.219012	0.428278	-0.020927	1.423834	0.878363	0.358686	2.186383	0.667984	-0.803895
	-0.754904	0.343255	-1.817849	-1.616211	0.502189	0.246520	0.540123	0.123531	-0.561201	0.060561	-0.817347	-0.004214	-0.753546	-0.920227	-0.284182	0.389274	0.003809	0.174164	-0.388322
	-0.401385	0.541945	0.832357	-0.420801	0.462246	-0.092875	-0.284212	-0.683428	-0.731400	-0.129477	-0.112918	0.103639	-1.080796	-0.201524	-0.548671	-0.411949	0.381456	0.127163	0.110100
	0.520354	-1.211943	2.349654	1.252552	0.241645	0.276461	0.877065	-0.194364	0.105866	1.644147	0.090192	-0.264491	-0.445615	0.118854	-0.554595	0.411283	1.229559	0.274502	-0.595625
	-0.461665	-1.294226	-0.114165	1.997029	0.850988	-0.153463	0.005409	0.068090	0.061077	0.924301	1.164281	1.232279	-0.496317	-0.431094	-0.183763	2.712251	2.651993	1.139453	-0.079435
	-0.369688	-0.062107	0.759967	0.920465	0.041625	-0.832557	1.013033	-0.157559	0.620623	1.838719	1.775388	0.855062	0.912137	0.363209	-0.112535	2.706155	1.627564	0.423524	1.647220
	-0.962017	-0.392163	0.952760	0.116783	-0.126775	0.292717	0.604260	-0.035574	0.612427	-0.020104	-0.411342	0.221966	-0.391063	0.677210	-0.286040	1.238250	-0.168577	0.381919	-0.215831
	-0.116711	-0.387372	0.851396	0.287108	0.624477	0.454996	0.997775	0.306853	0.909926	0.699029	0.599735	0.660062	0.650650	0.096572	0.604872	0.367040	-0.726010	0.375072	0.519933
	0.004311	0.178240	-0.441426	0.172721	-0.260804	0.130815	-0.105650	0.876527	0.332791	0.737297	0.460203	0.233810	-0.176755	-0.488508	-0.215214	-0.461496	-0.992955	-0.238189	1.944190
	-0.264457	-0.689115	-0.385136	0.443558	-0.745226	0.515052	-0.226438	0.402244	0.160562	-0.273850	0.686836	-0.819291	-1.118287	-0.127315	-0.975219	-0.156267	0.050242	-0.498707	-0.298883
	-0.282430	-1.168189	-1.060420	-0.069659	-1.331654	-0.626937	-1.557772	-0.382462	-0.572605	-1.658955	-0.167349	-0.732003	1.078691	-0.193533	0.328880	0.995729	0.004472	0.494946	-0.664179
	-0.679493	-0.284166	-1.513143	-0.173757	-1.329396	0.254650	-0.562748	0.347434	0.339307	0.359329	0.360118	-0.615642	0.216120	1.159952	1.171018	0.819746	-0.378285	0.052514	1.227162
	-0.915803	-0.349725	-0.151678	0.937002	-0.029586	-0.989584	0.875908	0.197810	0.742705	-0.653226	0.350501	1.070033	0.987804	-0.121584	-0.024570	-0.150812	-0.581033	0.087077	-0.544606
	0.353087	-0.386452	-1.349099	0.017061	-0.126600	-0.522464	-1.328809	-0.345032	0.124176	-1.043177	-0.344794	0.166694	0.099546	-1.148037	-0.834205	-0.495105	-1.217120	-0.748112	-0.132670
	0.661645	-0.058487	-0.068413	-0.744049	0.252865	-0.871189	0.555372	0.361304	0.589934	-0.999100	-1.091730	-0.303096	-0.101514	-0.265745	-0.255463	-1.127111	-0.827124	-0.446537	-0.372113
	0.668180	0.251559	-0.106594	-0.207132	0.398424	-0.133967	1.464249	0.562589	0.102137	-1.006877	-0.213374	-0.551908	-0.470514	-0.214505	-0.285708	-1.858681	-0.235719	-0.466975	-0.639630
	0.246397	0.648784	0.126758	0.006032	0.011145	-0.117668	-0.061039	0.831664	0.005178	-0.303795	0.714612	-0.466495	0.118785	-0.565966	-0.174292	-1.757018	-1.460325	-0.740083	0.745946
	0.610257	-0.095274	-0.659895	0.749014	0.230216	0.519584	-0.153975	0.105276	0.499005	0.253859	1.257500	0.131411	0.511951	0.329777	-0.999683	0.087041	0.390205	-0.153960	0.786560
	0.080606	-0.550956	-0.302750	-0.420864	0.710409	0.767844	0.704552	-0.731605	0.140375	0.302741	0.088589	-0.505839	0.116909	0.777858	-0.887310	0.162279	-1.176063	-1.086006	0.728132
	0.514038	-0.051085	0.341675	-0.134011	0.231372	-0.121860	0.893700	-0.489160	0.656711	-0.641500	-0.297730	0.249932	0.008800	0.333931	-0.588599	0.554849	-0.244170	-0.698131	0.551484
	0.212482	0.706498	0.663264	2.010724	0.761027	0.935507	1.473253	0.291581	-0.025532	1.279346	0.883231	0.797778	0.977172	-0.316847	1.369941	0.249030	0.426811	0.107825	2.465755
	-0.237001	-0.571624	-1.694087	-0.447599	0.212371	-0.120971	1.096758	-0.279257	0.159365	0.381728	-0.451305	-0.121737	0.185153	-0.122518	1.233347	-0.083892	-1.005301	-0.687916	1.574197
	-1.594926	-2.061799	-2.049618	-2.766057	-0.500496	0.044736	0.153903	-0.699591	0.137048	-1.130816	-0.040160	0.002918	0.477297	0.023957	0.126049	-0.454155	0.351300	0.488305	2.011400
	-0.685741	-0.026274	-1.514349	-1.334483	-0.475887	-0.321464	-1.341682	-0.291803	-0.050780	0.868444	-1.173660	-0.477944	0.080393	0.163203	-0.853793	0.219597	-0.065257	-0.022871	0.344297
	-0.937633	-0.998385	-0.137420	-0.381718	-0.777299	-0.177999	0.329245	-0.210218	0.162470	0.088358	-0.702971	0.216231	0.374357	-1.177953	-1.374619	1.921469	0.326929	0.180301	-0.035487
	-0.405087	-1.126300	1.031881	0.805569	-0.422496	-0.211506	0.403600	1.040821	-0.168613	-0.563062	0.663699	1.177420	1.130715	-0.565096	-0.285983	1.285860	1.308264	0.561827	0.536138
	0.407349	-0.765742	0.299897	0.120421	-0.194276	-0.550202	-0.914043	0.415992	0.151897	0.444722	0.032972	-0.824744	0.480772	0.485517	0.978604	0.453682	-0.104557	0.535125	0.957455
	-0.926147	-0.742165	0.712674	1.026513	0.002497	-0.022028	-0.732380	0.091860	-0.421130	1.607333	-0.560590	-0.009593	0.417450	-0.698110	0.559843	1.015054	-0.583953	0.122234	0.205547
	-1.313484	-0.822963	-0.988746	-2.233004	-0.430860	-0.405652	-1.671865	-0.921269	-0.686269	-0.574283	-1.593871	-0.132415	-0.102407	-0.187298	-0.535513	-2.130358	-0.579622	0.586192	0.289594
	1.104582	0.037828	-0.486388	-0.064255	0.259955	-0.008699	-0.137564	0.001476	0.029927	0.501938	-0.109532	0.139972	0.392427	-0.463150	0.188424	0.086501	0.337422	-0.167476	0.454692
	0.157222	0.125606	1.710115	1.946455	0.241649	1.465368	0.646585	-0.334394	0.216208	2.185136	0.814598	0.462753	1.592457	0.662494	-0.613441	-0.521566	0.911114	-0.073891	1.052361
	-0.148843	-0.208211	0.924689	2.032557	-0.397050	0.127322	-0.090586	0.436688	-0.540492	1.097088	0.286926	0.097276	0.261722	-0.492106	0.048545	0.295412	0.755847	-0.651652	-1.445434
	-0.102236	0.285595	0.987552	-0.091435	-0.031649	0.312936	1.160648	0.622169	-0.035089	-0.584362	0.235076	-0.136793	0.103256	0.106814	0.869050	0.302262	-0.508304	-0.250366	-0.064275
	0.328286	0.986813	0.534017	-0.384344	0.412242	-0.304474	0.515539	0.576323	0.844312	-1.699393	-0.830740	-1.400441	-0.198512	-0.315525	0.086878	-0.433776	-0.799735	0.111554	-0.006384
	-0.581809	0.781578	-0.113172	0.287319	-0.253438	-0.878259	0.809473	0.029059	-0.069708	0.110652	-0.161467	-0.344208	-0.370359	0.604727	-0.484634	-0.675309	-0.039240	0.106211	-0.810065
	-0.019602	-0.272896	-0.262173	-1.481130	0.304563	-0.628283	0.618778	0.662285	0.408212	-0.433779	0.023297	-0.758800	-1.193301	0.878286	-0.817319	-0.553803	-0.624855	-0.395858	-0.171309
	0.994021	1.571672	-1.475572	-1.007877	0.862503	-0.191766	-0.537896	-0.022190	-0.176973	-0.449022	0.668699	0.174105	-0.775288	0.286275	0.513231	1.046990	-0.613452	0.678184	-0.392664
	0.524415	0.751809	-1.216991	-0.768092	-0.341063	-0.255677	-1.696531	-0.881070	-0.160858	1.224541	0.449521	0.633563	-1.584119	0.254627	0.667002	0.695104	1.024090	1.025967	-1.315711
	0.396852	0.303947	1.153964	1.441104	-0.433875	1.304225	-1.311087	0.231026	-0.598314	0.107086	0.966115	1.625050	-0.323051	-0.255970	0.800463	0.327317	1.087360	0.171272	-0.976022
	0.944482	1.181258	1.288158	0.359866	0.621077	0.339998	0.222314	0.255020	-0.020548	-0.423056	0.446042	-0.268285	-0.724604	-0.165981	0.192249	-1.204373	0.224972	-0.673954	-0.635628
