	-0.629278	-0.199923	0.128139	0.991386	-0.102467	0.544626	-1.771298	-0.773969	-0.297949	-1.835336	-4.411463	-0.406435	-1.313846	0.297239	-1.067463	-0.868851	-0.853645	-1.698906	-1.334778
	-0.237054	0.190078	-0.535918	-1.032157	-0.847896	-0.805073	-2.252830	-1.381350	-2.217234	-3.870490	-3.575291	-0.576846	-0.928979	-1.061076	-0.946513	-0.945145	-1.497127	-2.763337	-2.549762
	-0.974625	-0.740538	-1.155246	-0.767128	-0.937205	-0.441246	-1.600873	-0.841348	-0.976743	-2.326029	-1.320998	-1.002925	-2.000266	-2.156901	-2.015059	-0.362738	-0.214981	-2.013901	-2.619174
	0.178243	-0.635451	-0.131309	0.607719	-0.464473	-0.378538	-1.570960	-0.856923	-1.071289	-2.225813	-4.127528	0.156349	-0.946866	-1.115374	-1.271592	-0.912513	-0.803128	-0.838814	-1.602550
	0.319710	-0.185314	-0.721541	0.207409	0.178386	-0.133545	-1.354265	-0.107102	-0.250944	-2.057464	-2.566855	0.508611	0.519698	-1.645696	-0.323780	-1.305209	-0.200676	-1.415802	-0.253159
	0.493065	-0.377126	-0.627444	0.292815	-0.296658	0.047041	0.039798	0.674936	-0.377775	-1.388456	-0.586900	0.382646	0.049570	0.928917	0.860585	-0.042234	0.070259	-0.650271	-0.375745
	-2.234945	-0.602682	-0.308024	-0.356868	-0.602631	-0.659307	-1.828778	-0.130928	-0.269128	-1.512426	-1.729164	-0.876720	-0.314598	0.285783	-1.510299	-0.477894	0.708626	-0.152263	-0.641247
	-0.839878	-0.791704	-0.421706	-0.886366	0.103373	-0.415017	-1.007979	-0.019689	0.415209	-1.259196	-0.769959	0.249300	-0.696914	-0.791445	0.928240	-0.132296	-0.391332	0.544302	0.297445
	-1.919271	-0.880434	-0.282255	-0.328602	-0.874778	0.035587	-0.494013	0.312384	-0.096870	-0.372425	-0.749094	0.245965	-0.996583	0.749151	0.501620	0.098394	-0.254435	-0.301310	-0.015554
	-0.616756	-0.505076	-0.538393	-0.726021	-0.904788	-0.610943	-0.226434	0.100991	0.248033	-0.579441	2.263536	-0.843029	0.636187	2.009214	0.840860	-0.102794	0.300163	-0.698249	-1.042778
	-1.334613	-0.875095	-0.218043	-0.774998	0.307309	-0.092506	-0.731485	0.077283	0.341442	0.675744	1.059048	-0.841096	0.218873	-0.597361	0.540856	0.111829	0.525932	-0.269016	-0.304062
	-1.649400	-0.669663	-0.429521	0.287179	-0.575322	-0.143285	0.459718	-0.460285	-0.810315	0.406960	1.629493	-0.495775	0.647409	-0.748136	0.060530	0.402978	0.496414	-0.103230	0.955117
	-0.136968	-0.213107	-0.852547	-0.099301	-0.517728	-0.005519	0.213276	-0.013042	0.250323	0.720061	3.280946	0.316574	0.964583	0.077947	0.312850	-0.755320	0.268705	0.540177	-0.175679
	0.736631	-0.092103	0.310804	-0.251839	0.902704	0.090339	1.032338	-0.362901	-0.301250	0.331619	1.511290	-0.163333	0.125928	1.964015	-0.275386	-0.304579	0.584331	0.897591	1.070980
	-0.902423	-1.014318	0.042728	-0.266441	-0.044847	-0.455361	0.775390	-0.125543	0.172262	0.595029	1.594998	0.206022	0.515578	1.401141	0.935904	0.775789	0.042420	1.038459	0.346662
	-0.522356	-0.213730	-0.278550	-0.889732	-0.097500	-0.180799	1.090933	-0.465696	0.480905	0.646266	0.812614	0.504669	1.350220	0.491830	0.576913	0.864308	-0.692983	1.078518	1.435377
	-0.620889	0.852583	0.273388	1.041911	1.595141	0.645628	0.790896	1.040795	1.188255	2.469879	1.588123	0.532211	1.504641	-0.219628	0.063023	-0.137314	0.158395	1.151077	2.275162
	-0.116313	0.931469	0.163966	0.547416	-0.012392	-1.020054	0.062796	-0.475879	0.518383	1.230488	2.038902	0.901399	0.393688	0.776683	2.151641	0.062233	-0.028805	1.348767	0.755023
	1.150220	0.097446	0.349141	-0.225839	1.012955	-0.189363	1.017439	0.156405	-0.016695	1.035928	2.587667	0.137590	1.145355	0.899843	1.889583	0.571495	0.684109	0.779549	-0.055741
	0.921610	0.730609	0.364356	-0.115221	0.169828	0.196366	1.071095	0.109389	-0.064389	0.870591	0.644126	-0.037318	0.070968	-0.721731	0.170422	1.089363	-0.150155	1.010227	0.889846
	-0.617583	0.239380	0.773268	-0.464668	-0.084089	0.736937	2.348334	0.253830	-0.680223	0.471017	-0.282493	0.903865	-0.606953	0.124322	0.809057	0.143747	0.142868	0.514865	0.932084
	-0.360909	0.619296	0.258346	0.583538	0.185240	0.744621	3.176412	-1.231860	-0.594547	0.428410	2.198058	0.679688	0.575737	0.616804	0.635577	-0.149765	0.537090	1.007245	1.733048
	0.465716	0.670419	0.175563	-0.195008	0.575787	0.793938	0.875281	0.401770	0.444224	1.885950	2.639919	1.337060	0.637920	0.453157	0.847796	0.299036	0.278923	0.230715	1.380349
	3.014682	1.481750	-0.234656	-0.667542	0.197363	0.950829	2.642183	0.691951	0.252979	2.730089	2.645078	0.259282	0.437878	0.578975	1.088313	1.231525	0.347603	1.898080	1.792303
	2.807942	2.120732	1.170660	0.589488	0.626639	0.247646	1.758907	-0.026217	0.297755	1.994871	1.816647	-0.960753	0.167020	0.628971	-0.145326	-0.332182	0.444502	0.709011	2.121691
	-0.730853	-1.423163	-0.276891	-0.360369	-0.173684	-0.182334	-0.099077	-0.246772	-0.937240	0.492606	-1.549563	-0.088213	-0.823147	-2.151835	-1.555648	-0.723995	-0.156183	1.493916	1.276027
	0.744066	0.176523	0.175417	0.260173	-0.071857	-0.498445	-0.678604	0.422896	0.744052	1.458890	1.810754	0.451157	1.054091	0.361183	-0.329483	0.218438	0.738528	0.953338	1.528382
	0.577376	-0.330203	0.261372	-0.474647	0.754427	-0.301874	1.813613	-0.266340	0.573402	1.997178	1.173890	0.529110	-0.138480	0.916423	0.277609	0.608015	0.132642	0.313606	0.901095
	0.693289	-0.522170	-0.935700	-1.586955	0.379553	0.627853	0.701892	1.168478	0.604311	0.962598	0.248190	-0.242259	0.136565	-0.162331	-0.854559	0.835163	0.264292	-0.538514	0.060256
	0.359612	-0.188208	0.116399	-0.555285	-0.143876	0.147903	-0.409449	-0.362740	0.256862	0.155925	-1.022187	0.263795	-0.278760	0.822397	-0.994310	0.358226	-0.969071	1.325766	1.131246
	0.655749	-0.248459	0.251301	0.407721	-0.206976	-0.737364	-0.300992	-0.581770	0.091844	0.883124	-0.031445	-0.196072	1.132888	-1.404698	-1.138525	0.470461	0.671760	0.352665	-0.070823
	-0.043586	-0.403468	0.742110	-0.324190	-0.462537	-0.928454	1.524703	-0.079367	0.992525	2.473163	2.035431	-0.049910	0.505676	0.749006	-0.019618	0.463687	0.604657	0.383501	0.222550
	0.729514	0.195761	1.523744	-0.562480	-0.612581	0.126060	-0.235884	0.350059	0.077655	1.880974	0.706366	0.104102	0.337899	0.521534	-1.471783	0.182039	-0.494628	0.079272	-0.321892
	0.064970	-0.496552	1.274467	-0.529450	-0.148540	-1.377679	1.498428	0.156056	0.852927	1.695688	1.972712	-1.009347	0.038408	0.110971	-0.392231	0.662284	-0.151230	0.182280	-0.857018
	1.984967	2.138770	1.355126	0.443751	1.120292	1.192855	0.772695	0.205754	0.973487	1.024113	0.768198	0.621409	-1.376043	0.113615	-0.491663	0.409331	-0.520724	0.842506	0.009422
	0.671114	1.898726	0.424164	1.239663	0.125581	0.784335	-0.463018	0.917835	0.516461	1.329921	0.304225	1.136177	0.017337	-0.379437	0.499512	-0.138940	-0.376219	-0.402987	0.070603
	0.265933	0.688660	0.058752	1.079526	0.083490	0.837712	0.229578	0.891878	0.838679	1.269642	0.838421	0.125420	-0.529007	-1.233236	-0.609712	0.647209	1.081591	-0.601631	-0.195440
	2.103366	0.496746	0.944163	0.823687	0.875193	0.467905	1.274050	1.175182	0.723042	2.818145	1.631819	0.438438	-0.161093	-0.236699	0.727372	1.259581	0.264679	0.381825	-0.944907
	1.409883	1.646694	0.404585	1.169281	0.652816	0.203873	1.530810	1.345695	0.738662	0.411506	0.616546	0.432621	-0.213963	0.623691	1.307356	0.375887	-0.050374	0.322682	-0.438986
	0.900192	0.608338	1.315876	2.397504	0.953703	0.647360	-0.231884	0.035543	0.025457	-1.198029	-0.308383	-1.089350	1.113837	0.107421	1.412997	0.192057	0.183177	-0.061827	1.395580
	1.786554	0.640618	0.994755	1.874397	1.820963	1.262106	0.247196	1.746221	1.182140	1.149849	0.565861	0.163996	-0.690811	1.084914	1.069167	0.701450	1.435147	-0.535315	-0.488108
	2.902692	1.474980	0.607324	1.178688	0.350975	1.254235	0.701649	1.535873	0.679178	0.232264	0.885733	-1.085519	0.099721	0.428555	1.645817	0.539884	-0.255497	0.492636	0.788019
	1.913825	1.820068	1.421816	1.250595	-0.258428	1.540825	0.865484	0.800140	0.309585	-1.269087	-1.379670	0.762458	-0.510143	-1.615522	-0.440408	0.780259	-0.084766	0.897711	0.252607
	0.126854	0.683400	0.237702	0.416255	0.013387	0.796167	-0.267485	-0.357505	0.077425	-1.475655	-3.487854	0.213949	0.790874	-1.123443	-0.667707	0.221748	-0.041105	0.098224	-1.114317
	1.044184	-0.214141	-0.194013	0.821419	-0.114644	-0.095835	-1.233609	0.182186	0.175551	0.062579	-1.074297	0.038639	0.555719	1.223629	1.211689	-0.403182	-0.490257	-0.566494	-1.111490
	0.306729	0.843694	0.267240	0.928975	0.380535	0.552212	-0.887720	0.431109	0.258139	-0.491901	-1.911907	-0.489955	0.387273	1.204559	0.507938	-0.291892	-0.643604	0.072337	-1.407804
	2.329224	1.353082	2.177370	1.650379	1.789999	0.257436	0.032706	1.301605	1.642199	0.803300	-0.791780	-0.399811	0.306163	0.097509	-0.074347	0.467077	0.649362	0.334653	-0.005949
	0.156657	0.402009	1.005790	1.565135	0.855706	0.732640	-0.878709	1.031762	0.596297	0.732362	0.900202	1.184875	1.182411	-0.422489	0.070163	0.255586	0.866354	1.766945	1.597964
	-1.786396	0.271132	-1.529824	-0.301461	0.148330	0.037937	-1.346512	0.086540	0.232580	0.283293	-0.988022	0.327622	1.461761	1.271034	-0.904890	-0.428382	0.105388	0.455125	0.316871
	-0.230757	-0.435290	-0.641693	-0.189786	-0.014672	-0.097518	-0.377295	0.124921	0.688025	-0.839783	-1.192224	0.342264	0.406785	-0.482409	-0.075939	0.432040	0.551046	1.030526	-0.759101
	-0.403966	0.514003	0.564909	0.899561	-0.214674	-0.665533	1.372696	1.050851	0.751394	0.377525	-0.848753	-1.227283	-0.573006	-0.177282	-0.061384	0.936276	-0.192944	0.446614	0.154336
	-0.065807	-0.094934	-0.276034	-0.939070	-1.506600	0.122211	0.397255	-1.028181	-0.557549	0.611540	-0.254279	-0.135444	-1.146821	0.217140	0.700703	0.138563	0.139279	0.644133	-0.485994
	-0.479935	-0.952370	-0.120348	-1.457206	0.169665	0.243537	1.419552	0.381253	0.668299	0.321760	1.894964	-1.341050	-0.033552	0.040125	-1.023665	0.253499	-0.053442	-0.820015	0.414526
	0.074201	0.286416	-0.309353	-0.438710	-0.294224	-0.266784	0.186036	-0.313464	-1.324741	0.254571	-0.385549	-0.344237	-1.098727	-1.027178	-1.568480	0.064920	0.199896	0.182314	0.091717
	-0.668331	-0.374935	0.341553	-0.398895	-0.223364	-0.329761	-0.123891	-0.213915	0.082988	0.721124	0.195958	0.456366	0.958238	-1.815903	-0.900542	-0.346207	0.011906	-0.158449	0.487843
	-0.132693	-0.158191	0.758235	-0.043997	0.321529	-0.359932	-0.570678	0.775766	0.303607	0.356306	-0.239767	0.115843	0.845164	-0.884919	-1.041085	0.536919	0.546077	0.088826	0.260944
	-0.326088	-0.773631	-0.185573	0.540972	-0.512786	-0.255184	0.360115	0.458438	0.308146	0.056066	0.511617	-1.586286	-1.045914	0.982440	1.212990	-0.780122	-0.548145	-0.309371	-0.129784
	-0.448168	-0.893423	-0.532191	-1.261759	-0.495933	0.123875	-0.303824	-0.224135	-0.418937	-0.664265	-0.853360	-0.678839	-0.713722	-0.837043	0.804481	0.585441	0.287390	0.099833	-0.373191
	0.316607	0.459549	-0.071042	-0.080418	0.229221	-0.647018	0.345376	1.788368	0.632045	1.053090	-1.081902	-1.051475	-0.070640	-0.380875	0.180225	0.123671	0.156385	-0.719482	-0.673448
	-0.312886	-0.436363	0.640134	-0.723228	-0.277643	-0.358331	0.703368	0.368951	-0.010010	0.226206	-0.678976	0.200182	-0.375878	1.065482	0.931937	-0.062686	-1.373468	-1.329171	-1.265670
	0.080944	-0.015522	-0.283951	0.462992	-0.796101	0.438195	0.042187	-0.213491	-0.154122	0.410527	-0.197131	-0.748446	-0.184304	-0.033053	0.810834	-0.493249	0.210202	-2.077827	-0.164267
	-0.367248	0.067182	-0.554259	-0.095951	0.273086	0.335137	0.473091	-0.571493	0.000607	0.642844	1.143555	0.642568	-1.337344	0.843175	0.342582	-0.494536	0.424759	-0.517728	-1.431533
	-0.709164	-0.676284	0.108523	-1.253334	0.151572	-0.521858	0.575779	0.214035	0.645468	1.212766	0.764215	0.392721	0.027070	0.675545	-0.349598	-0.019402	-0.735272	-1.424443	-1.025490
	1.244528	-0.122145	0.251213	0.318306	-0.241392	0.304139	-0.304380	0.693422	0.578009	-1.258926	-0.802298	0.226167	0.695406	-0.141247	-0.904750	-0.224901	-0.356242	-0.580080	0.151321
	-1.501053	0.218782	-0.401767	0.600917	0.486748	0.530675	-2.111520	-0.061807	-0.182759	-3.190807	-1.997483	0.917064	-0.035810	0.652480	0.092035	-0.791018	-0.426951	-0.201593	-0.602285
	-0.655593	-0.021763	-0.436200	0.414093	1.385662	-0.188392	0.095596	-0.229611	0.016245	0.085692	0.814688	-0.066661	-0.445648	0.632915	-0.048231	0.281888	0.782784	-0.057913	-1.243362
	-0.867199	-0.301198	-0.265431	0.408092	0.032630	0.503266	0.738719	0.257489	0.832867	-0.269544	0.979609	0.256405	-0.197968	0.720815	-0.243940	0.077846	-0.361581	0.803475	-0.323271
	-0.233688	0.653209	-1.959974	-0.673628	-0.377343	0.273543	-1.149544	0.072713	-0.115205	-2.290502	-1.699697	-0.254781	-0.603281	-1.420316	-1.442964	-0.997900	-0.044346	-0.940301	0.050317
	-2.350146	-0.555312	-0.230057	0.680958	-0.486676	-0.065976	-3.365645	-0.130024	-0.171717	-1.845072	-1.737681	1.199678	-0.325346	-0.257377	0.643760	-1.273234	-0.079277	-0.090378	-1.142135
	0.710223	-1.125764	-0.269331	0.612108	-0.189530	0.789119	-1.969776	0.468371	0.520400	-0.689174	-0.982510	1.155462	0.637493	-0.011089	-0.834991	-0.576698	0.438258	0.130196	-0.210894
	-0.515117	-0.632905	-0.597327	-0.813709	-0.863072	-0.174072	-0.464282	-0.073146	-0.132910	-0.690307	-0.635745	-0.446331	0.180381	0.246123	0.400776	0.017548	-0.428423	-0.293207	-0.857653
	-1.670610	-0.201160	-0.690623	-0.305745	-0.612439	-0.826619	-1.359209	-0.533575	-1.010051	-1.094938	-1.393985	-0.260258	0.163523	0.488234	0.973348	-0.301089	-0.036408	-0.573463	-0.872896
	0.185528	-0.211496	-0.506486	-0.842053	0.512799	-0.034820	-0.940249	0.070939	0.026442	-1.405389	0.224922	0.019163	0.028968	0.868985	0.044978	0.620857	-0.110219	-0.528092	-0.962710
	-0.822361	-0.389783	0.532933	-0.396751	-0.238089	-1.029606	-0.888586	-0.612578	-1.097984	-1.481162	-1.358300	0.000724	0.102608	0.603192	0.762858	-0.406765	-0.479636	-1.697059	-0.216848
	-1.280455	-1.376869	-0.379791	-0.281010	-1.077826	-0.272125	-0.499028	-0.884681	-1.220933	-1.158696	-1.938718	1.016179	-1.067992	-0.383327	-1.154561	-0.498299	-0.028501	-0.667862	-0.674544
	-1.717314	-1.502842	-0.689798	-0.550496	-0.258366	-0.077561	-1.822999	-1.245843	-0.214187	-0.551296	0.199169	0.659814	-0.354518	0.379773	-0.861655	-0.906047	-0.696408	-0.057708	0.768050
	-0.963137	-1.315119	-0.080263	-1.245908	-0.119504	0.615361	-0.359636	-0.993324	-0.755103	0.178330	0.881936	-0.248049	-0.625351	-0.615245	-0.038681	-0.338788	-0.210632	-0.733177	-0.948512
	0.263540	-0.582233	-0.935606	0.260220	-0.209339	0.392278	-0.453450	-0.689955	-1.307638	-2.078006	-0.879585	0.146248	-0.222115	0.017088	0.115153	-0.391859	-0.403920	-0.301916	0.032015
	-0.645010	-0.260965	0.148431	0.341733	-0.533973	-1.575599	-0.631621	-1.766868	-1.221052	-1.991879	-1.570597	-0.417036	-0.364766	-0.501170	-0.642725	-0.804985	-0.750612	-1.152151	-0.635782
	-0.550490	-0.111517	-0.231854	-0.109464	-0.076014	-1.411264	-0.473499	-0.876438	-0.921595	-1.323436	-0.980300	-0.629647	-0.162358	0.646835	1.673645	-0.502176	0.123415	0.016278	-0.147438
	-0.048280	0.445652	-2.062912	0.261014	0.946174	-1.017670	0.441216	-0.765221	-1.102175	0.099228	1.355250	0.523154	0.033606	0.180005	-0.762975	0.478670	0.062942	0.405158	0.595227
	1.110413	0.049614	-0.943476	-0.527337	-0.429276	-0.821707	0.471526	-0.692467	-0.215017	-1.662875	-1.018460	0.096100	-1.451204	-1.723720	-0.868362	-0.755551	0.290904	-0.021515	1.074593
	-0.053890	1.198670	-0.120556	-0.856884	-0.374646	0.005257	-0.670343	-0.532273	-0.760705	-1.574174	-0.695474	-0.187483	-0.428421	-0.334996	-0.512099	-0.780376	0.227111	-0.678865	0.673723
	-1.686945	-1.245547	-0.015594	0.405787	-0.880754	-1.102577	0.051633	-1.521317	-1.355924	-1.002118	-0.119304	-1.585497	0.847218	-2.025235	-0.190560	-0.413283	-0.129120	-0.131799	0.695494
	0.376611	-0.384863	-1.378199	-0.672577	-0.107982	-0.429452	-0.513430	-0.968062	-0.845509	-0.436645	1.713876	-0.294261	0.247571	-0.632601	-0.800836	0.467219	-0.200749	-0.209566	-0.712492
	0.341195	-0.362665	-1.565266	-1.979373	-1.497375	0.565234	0.528921	-1.100186	0.196074	-0.850073	0.120714	-0.707446	0.023647	-1.716153	-1.055840	-0.353483	-0.479837	0.249130	0.342653
	-1.364860	-0.841664	-0.027976	-1.006591	0.401774	-0.356675	0.614707	-1.220807	-1.248184	-1.320192	-0.225759	0.793086	0.404259	-0.752545	-1.873459	-0.871170	0.100105	-0.061285	-1.084060
	-0.708572	-0.532952	0.630735	0.608227	0.417734	-0.626010	-1.719044	-1.668963	-2.046969	-1.113675	-0.173580	-0.651359	0.542300	0.851564	0.514310	-1.078245	0.126912	-0.144567	0.626268
	-0.868872	-0.893230	-1.357174	-1.016743	0.444290	0.004029	-0.756043	-1.794864	-0.996373	0.127522	-0.372803	0.449815	0.125959	-0.293019	-0.314854	-0.684264	-0.244235	0.670355	-0.063288
	0.165971	-0.587969	-1.916384	-2.541051	0.317810	0.140064	1.058420	-0.633158	0.118648	0.213185	-0.294519	0.437859	-0.504464	-0.613704	-0.372889	-0.129767	0.366258	-0.705750	-0.940051
	-0.161278	-0.243382	0.481465	-0.833982	-0.016424	0.341192	0.691619	0.729637	-0.667400	0.350694	-0.966199	-0.763527	0.784811	-0.867701	-0.526439	-0.817191	-0.701941	0.438812	1.346855
	-1.839044	-0.698909	-0.278706	-0.116535	0.036791	-0.908092	-0.896216	-0.892319	-1.813615	-1.295236	-0.376402	0.945992	-0.749488	0.549956	0.357584	-1.165706	-0.321299	0.101212	1.015978
	-1.944463	-0.891562	-2.300992	-2.235993	-0.451948	-1.159982	-0.861087	-1.424613	-0.657474	-1.169258	-1.813952	-0.658612	-0.749248	-1.713390	-2.272133	-0.696320	-0.425765	-1.656450	-0.442030
	-0.386461	-0.556246	-0.571380	-1.441212	-0.225535	-0.128927	-0.472917	-1.011981	-0.924445	-0.614373	0.375853	0.848115	-0.892395	-1.795800	-1.051886	-0.136987	-0.165887	-0.037391	-1.034276
	-0.238190	-0.843414	0.515219	-0.258637	-0.344830	-0.186279	0.019995	-1.199389	-0.513430	-1.170829	-0.205310	0.614241	-0.720866	0.132732	-0.660503	-0.228569	-0.408104	-0.084886	0.441540
	-2.074391	-0.520692	-0.203872	0.077297	-0.358696	-0.001381	-0.670255	-0.470043	-0.386747	0.634234	0.270293	-0.385670	0.130505	-0.145822	0.425257	-0.840328	0.062751	-0.410422	-0.808019
	-2.015244	-0.652655	0.396447	-0.253583	-0.179985	0.435010	0.064212	0.383136	0.271062	0.213604	1.785105	-0.025330	-0.484318	-1.121039	-0.668033	0.195042	0.013905	0.312770	-1.304502
	0.345339	-1.256489	0.241663	-0.985026	0.389731	-0.027657	-1.438392	-0.477738	-0.029968	-0.328984	-1.289729	-0.413177	0.193427	-0.358879	-0.495426	0.225869	-0.321556	-0.047511	0.323722
	-0.511445	-0.128131	-1.202573	-1.082494	0.233084	-0.306517	-0.260370	-0.640920	-0.424535	-1.837907	-1.426061	-0.972216	1.222990	-0.410787	-0.788368	-0.208862	0.308373	1.294282	-0.858187
	0.025378	-0.073820	-0.060568	-0.369657	-0.247532	0.017023	-0.580873	0.222944	-0.779234	0.212121	0.531262	-0.278021	-1.523564	-0.423004	0.554336	-0.129464	-0.338822	-0.424898	1.558475
	-2.040852	-1.614720	0.420296	-0.428467	-0.340454	-1.161966	1.468757	-0.666491	-0.168661	-1.058687	1.187287	-0.417847	0.404511	-1.648232	-0.844900	0.482094	0.152379	0.167209	0.122395
	-0.663519	-1.094903	-1.208054	-1.669149	-0.603325	-1.599417	-0.234806	-1.864634	-1.244282	-0.574760	-0.153819	-0.214114	0.033202	0.758764	-1.055570	0.107670	-0.805379	-0.602596	-0.405347
	1.016282	-0.445317	-1.203419	-0.168555	-0.430889	-0.193524	-0.051913	0.386601	-0.339441	0.196618	-0.306217	-0.472588	-0.255841	1.409597	1.475048	0.348079	0.009541	-1.111413	-0.971198
	0.380056	-0.255194	0.768020	1.124714	-1.373902	-0.280439	-0.447529	-0.433916	-0.856492	0.125175	-0.255139	-1.544636	-0.448631	-0.629908	-1.269235	0.678139	-0.115410	-0.011053	-0.955623
	-0.435134	-0.541057	0.473081	0.180574	-2.670576	-2.207901	0.445825	0.934208	0.854547	0.295915	1.252093	-1.585571	-0.614413	0.368810	-0.267905	1.281011	0.062342	-0.451544	-1.161064
	-0.672861	0.684617	0.929952	0.014353	-0.858419	-0.851862	-0.962612	-0.319585	0.283165	-0.555505	-1.759236	-1.593102	-1.352290	0.155404	-0.529978	-0.095639	-0.793097	-0.482410	-0.406999
	-0.305240	0.001278	0.009862	1.349560	-0.074658	-0.300411	-1.572354	-0.919293	-1.103059	-2.300259	-2.170796	-0.379433	-0.016514	-0.823815	-1.093345	-0.641965	-0.612197	0.024915	1.799999
	0.631568	-0.009413	0.837470	0.669285	0.024547	1.354741	-1.313127	0.135515	-0.097504	-1.342732	-2.310071	1.149835	0.576010	0.679068	2.297584	0.245358	-0.562394	-0.510082	-0.633504
	0.709873	1.432494	1.438083	1.674526	0.044275	0.762212	0.100707	1.991247	1.251275	1.033640	0.750813	1.065846	-0.023980	1.371918	0.994981	0.526267	0.204767	0.605680	1.753856
	1.369279	1.458226	0.942473	2.455720	-0.009846	-0.413536	0.381571	1.218872	1.129859	1.228537	0.815955	0.806207	0.416256	1.499180	2.797757	0.850454	0.852985	0.124771	-0.237937
	1.045717	0.786903	0.112463	1.955960	-0.377064	0.081887	-1.302301	0.047518	0.764169	0.697530	-0.178692	0.600810	0.186216	0.003032	-0.300889	-0.340852	0.652459	-0.222256	0.483984
	1.539116	2.378546	0.860462	2.122659	-1.120421	1.760443	-1.526309	1.581992	1.512993	-0.332619	-0.824865	0.815230	0.398837	-0.162237	-0.004450	-0.466381	0.550665	0.318176	0.972655
	1.884402	2.284005	1.846392	2.846429	0.120659	1.318898	-1.223091	2.027370	0.963181	-0.663282	-1.418431	1.526388	1.177225	0.280723	1.363218	0.261152	0.036810	0.779799	1.702482
	0.319102	1.065357	0.571794	1.418281	0.228661	0.676175	0.443869	1.748623	1.275020	0.428114	0.238342	-0.214907	0.190190	2.292918	2.492710	0.429971	0.311194	-0.253999	-0.323941
	0.338066	0.392683	-0.743215	-0.385620	1.120714	1.096856	0.557614	1.130981	1.023703	1.571624	3.176393	0.035120	0.358293	1.770448	2.172031	0.104522	-0.193949	-0.450992	-1.052582
	-0.546690	-0.074267	-0.553638	1.513710	0.560570	0.482775	-0.568690	0.547491	0.998186	0.795287	1.190092	-0.801884	-0.074587	0.890394	0.481045	0.455913	0.043628	-0.628559	-0.271522
	0.565131	0.456011	0.638358	1.138223	0.108025	0.268657	0.510558	1.916362	1.267850	0.734379	0.348921	0.076854	-1.329001	0.452066	1.523611	0.207556	0.929550	0.158294	2.335630
	0.871558	0.688978	0.762486	0.075404	0.362104	1.109438	-0.161577	0.603203	0.315197	-1.107836	0.060114	-0.798461	-0.210900	1.468825	0.182460	0.386739	0.886925	0.211230	-0.589835
	-0.271364	0.173379	0.612539	1.293300	0.290605	0.364611	-0.217766	-0.009148	0.384164	0.326653	0.137135	1.107629	0.056797	0.283399	0.613624	0.058436	0.294234	-0.767141	0.687541
	0.328609	-0.240978	-0.222565	-0.038090	0.291835	-0.109551	-0.438538	0.598082	-0.126217	1.314841	1.689549	1.116180	1.065342	-1.569161	-0.130046	-0.189149	0.001354	0.949233	0.315922
	1.284240	2.116206	1.514236	1.202793	0.701982	-0.227540	-0.971513	0.941456	0.782665	0.144133	-1.027298	1.346626	0.402075	-1.910670	-1.000109	0.118317	-0.439690	0.656930	0.835273
	0.168288	0.600951	0.408813	0.633899	-0.288226	-0.735750	0.972596	-0.398224	0.227788	-1.908947	-2.026536	0.270927	0.888062	0.461508	0.592334	-0.302812	0.278760	0.615919	-0.319060
	-1.735969	-1.420287	-1.048153	-1.329203	0.767481	-0.576984	0.309637	-0.883761	-0.419290	0.097697	1.209577	-1.119921	-0.722490	-0.205267	-1.125603	-0.353974	-0.083099	-0.291058	0.446604
	-0.298359	-0.741346	-1.092520	-0.151215	-0.740867	-1.354252	0.419635	-0.444040	-0.613079	-1.775150	-1.042889	-0.134977	-0.370156	-1.381687	-0.724277	-0.755091	-0.227310	-1.240454	-0.822387
	0.311716	-0.062804	-1.098725	-1.966318	0.307251	0.130577	-0.587947	0.539624	0.247683	0.026471	0.672737	-0.154197	-1.372724	1.628290	0.788215	-0.166746	0.485948	-1.151476	-1.546353
	0.671480	-0.616355	0.301219	0.940325	-0.721801	0.375257	1.044415	-0.723904	-0.788425	-1.562104	-0.290899	0.135960	-0.366225	0.201305	-0.993429	0.310863	0.135010	0.556438	0.319327
	0.600194	-0.672572	-0.328584	-0.492409	0.345485	-0.368428	0.756444	-0.449807	-0.556920	0.500877	0.349254	-0.272080	-0.111374	-1.344611	-0.166371	0.229796	0.543621	0.881624	1.534393
	-1.158952	-1.105791	-0.816975	-1.690116	-0.233068	-1.698359	0.655221	-0.160723	-0.972458	0.721767	0.004702	-0.195256	0.712228	-0.730207	-1.447691	0.067825	-0.707448	-0.136488	1.248484
	-1.335349	-0.822472	-0.264628	-0.749539	0.055868	-0.116508	0.417563	-0.749874	0.046001	-0.452008	0.087233	-0.512353	0.682390	0.825228	-0.209039	-0.280802	-0.131579	0.825402	-0.008003
	1.413288	0.477627	0.916543	0.766874	-0.192904	-0.719807	0.565045	0.127777	0.671088	0.547508	0.487100	-0.490954	-0.190510	1.014932	-0.121063	-0.039436	-0.027186	0.409005	-0.966332
	0.598853	0.263553	0.738690	0.080101	-0.321875	-0.549723	-0.395675	-0.069171	0.269422	0.005657	-0.162407	0.139987	-0.084375	-0.427818	-0.359314	0.001031	-0.016080	0.583137	-1.287714
	0.428073	0.194888	-0.013171	0.323554	-0.107002	1.363072	-0.236699	-0.255210	-0.353794	-0.147709	0.376671	0.229481	-0.202715	-0.288119	-0.950291	-0.109414	-0.522978	-0.177769	-1.121482
	0.436869	0.906519	-0.625228	0.011924	1.201459	0.576001	0.657961	-0.961012	0.068672	1.613509	-0.304354	-0.483116	-0.389995	0.650032	0.713649	0.333173	-0.648419	-0.240527	-0.793898
	-0.010111	-0.280873	-0.019949	-0.868525	1.097634	1.564823	0.209113	-0.293644	-0.321501	0.954066	0.313455	-0.190360	1.026911	0.451973	0.781909	1.655419	0.303358	-0.414906	-0.747377
	-0.325341	-0.341228	0.894817	0.528080	0.207648	0.608436	-1.085670	-0.041955	-0.212587	0.658893	-0.643942	0.668015	0.007645	-0.480398	0.513024	0.208144	-0.167795	0.486833	0.903879
	-0.548098	0.369289	0.517829	1.858313	-0.049082	-0.225439	-0.262459	0.836289	0.146879	0.137533	0.833597	-0.526595	0.737703	1.326414	0.065548	0.382582	0.133413	0.332288	1.858276
	-2.146485	-0.927638	-0.494840	-1.095078	0.106796	0.001845	-0.659974	-1.618262	-0.995205	-2.224942	-1.501825	0.344031	0.096491	0.593986	1.392886	0.075185	-0.097523	1.187394	-0.012400
	0.332643	-0.262646	0.064326	-0.073306	-0.078463	0.578591	-1.261425	-0.294659	-0.336331	-0.710385	-0.208077	0.717428	-1.121413	1.927143	1.924495	-0.600417	-0.349174	-1.300905	0.379868
	1.271704	1.434197	0.751144	0.785603	-0.308192	1.085457	-0.725578	0.801255	0.945827	0.254213	-0.851544	0.094695	0.641983	-0.187016	0.479656	-0.006640	0.290089	-1.692108	-2.101684
	1.496596	1.169859	0.298253	1.204150	0.254518	1.318270	1.058444	1.297588	0.595899	1.123715	2.136536	0.303881	-0.548568	-0.952829	-0.101664	0.505492	0.252246	-0.081851	-0.923802
	1.209891	0.577324	-0.680198	-0.866427	-0.202016	0.593548	1.767173	-0.187507	1.005184	1.347833	2.118532	0.746119	1.337249	0.013714	-0.769575	-0.144496	0.717574	-0.203999	1.085501
	-0.303948	-0.795096	-0.676578	-1.941296	-0.913618	-0.000911	0.224798	-0.212420	-0.925279	0.266722	-1.860794	0.752537	0.799483	-1.389052	-1.896050	-0.639178	-0.430101	0.006351	1.178472
	-0.801522	-0.534638	-0.585943	-1.073758	0.334329	-0.364219	-0.000271	0.335683	0.196737	0.424028	-1.328049	-0.695108	-0.747957	-1.020643	0.060256	-0.287094	0.691545	0.335156	0.001041
	0.569928	0.481981	-0.094040	2.105827	0.020325	0.306164	2.413664	-0.387924	-0.822746	0.410653	0.830003	-0.274128	0.132779	-1.581798	0.084646	-0.336214	0.193679	0.652666	1.476052
	-1.548489	-1.039830	0.325615	-1.363733	-0.436713	-0.301885	0.275079	-1.502393	-1.156413	-0.408842	-1.352232	-1.210198	0.073295	-1.036115	-1.388234	-0.603115	-0.459313	0.307981	1.784991
	-1.531265	-0.438971	-0.448549	-1.940433	0.303067	0.818965	0.805716	-0.855488	-0.747194	0.198866	-1.112355	0.704053	0.435888	1.564724	0.547905	-0.858689	-0.154077	0.667484	-0.310960
	-0.568521	-0.070174	-0.095132	-0.768643	0.525196	-0.401915	-0.401624	-0.070653	-0.251605	0.781391	-0.263826	-0.301632	-0.402182	0.929089	0.886708	0.054351	0.151430	-0.124390	-0.569402
	1.138584	0.112659	0.498202	-0.660182	0.434843	0.224815	-0.305150	0.023717	-0.298814	1.504255	0.926317	-0.791580	-0.152556	0.222120	0.823476	0.481452	-0.497052	-0.347650	0.483569
	0.919580	0.430933	0.499214	-0.188040	-0.269969	0.937053	2.521987	0.323727	0.218471	2.287110	1.862589	0.242989	0.888692	-0.144905	0.600293	0.546743	-0.570690	0.219989	-1.633729
	-0.116823	0.534233	0.411521	-1.416555	-0.537828	0.344176	0.476633	-0.599051	-0.270329	2.098810	-0.004792	-0.206673	0.220243	1.701673	-0.204915	0.401247	-0.028359	-0.055123	-0.011029
	0.168414	0.239560	-0.693880	-0.928935	0.487765	-0.547109	-0.144218	-0.661436	-0.408647	1.411458	1.458530	-0.108857	0.897996	-0.459146	-0.424557	0.052913	-0.069421	1.429734	0.213041
	-0.406495	-0.394314	-0.251752	-0.206863	0.065533	-0.166050	1.588907	0.617746	-0.062871	-0.309627	0.669172	0.054928	-0.165816	-0.194346	-1.384612	-0.174008	0.020013	1.015740	0.325850
	0.218151	0.613792	-0.142078	-0.104985	0.452946	-0.187116	0.387936	-0.866614	1.091206	1.166886	0.030192	0.711396	1.496438	0.981425	-0.346102	-0.396813	-0.097593	0.115731	0.610302
	-0.018549	0.556826	0.216759	0.768883	0.654336	-0.273374	0.919527	-0.621825	0.292247	1.171785	-0.000776	0.833006	-1.167398	0.344617	-0.852417	0.393823	0.102418	-0.096396	-0.905759
	0.694635	0.756244	-0.109984	-1.637259	0.849864	0.017233	1.421675	1.154898	0.842338	1.514530	-0.281611	0.578130	0.649209	-0.404321	-0.601724	0.128230	0.119223	0.030551	1.075969
	0.779464	-0.554894	0.507850	-1.262682	0.763688	-0.251299	0.554709	0.754611	0.613438	0.782471	1.336717	-0.066640	0.682541	1.785429	0.477790	0.443861	-0.678222	0.423741	-0.401770
	0.750679	0.567847	0.473267	0.012831	1.529829	0.408236	2.063232	1.148875	0.169554	1.097155	0.195717	-1.005354	-0.405361	0.070325	-0.085555	0.723344	0.483331	-0.432171	-1.691889
	0.665736	0.198178	-0.059349	-0.550184	0.776939	0.109557	4.008766	1.409396	0.578254	2.015014	2.343493	0.572086	-0.061105	-2.081906	-0.398461	0.751074	1.108580	0.535104	0.073256
	0.151651	0.341921	0.055758	-0.587195	0.714418	0.427808	0.404424	0.289939	-0.177230	0.057425	-0.954566	0.345130	-0.612208	0.512784	-0.535178	-0.428525	0.203320	0.202480	0.237278
	-0.117369	-0.374671	-0.469628	-0.223774	-0.317248	-0.620678	-1.282591	-0.453455	-1.103341	-0.983697	-1.626050	0.336219	-0.605233	-1.020479	-0.887402	-0.004370	-0.520883	0.255828	0.371423
	0.098300	0.328137	-0.088427	-0.923748	0.115557	-0.569087	0.631990	0.726994	0.165742	1.370131	0.126590	0.248553	-0.278464	-0.956458	0.417810	0.466861	0.145435	-0.118737	-1.316190
	0.008173	-0.224892	0.219005	-0.556920	-0.076435	-0.379475	1.852765	0.896711	0.711435	0.803900	0.956250	-0.842222	1.621257	0.597885	0.988185	0.248875	-0.632086	-0.146602	-0.434519
	0.427911	-0.068531	0.413479	-0.018278	0.250795	-0.385262	1.820094	0.518970	0.489216	0.948694	0.889207	-1.396916	0.487421	1.080476	0.555076	1.069886	0.467612	-0.234822	-0.504591
	0.591988	-0.472136	0.504979	0.060970	-0.202430	-0.760494	1.571755	1.077165	1.017246	1.697574	1.953784	-0.210016	-0.067611	-1.013004	-1.189569	0.608716	0.494692	0.435866	1.007480
	0.760473	0.389147	0.404765	-0.928448	-0.296098	0.093563	0.362973	-0.367627	0.296144	-1.685171	0.720246	-0.160179	0.848329	0.038844	0.931507	0.192296	-0.358743	0.363775	1.425872
	-0.040122	-0.187939	1.038159	-0.645384	-0.924621	-0.957571	-0.013240	-0.869061	-0.370463	-1.039110	-1.712528	0.169716	0.153964	0.203195	0.550888	0.107645	-0.971028	-0.268478	-0.550828
	-0.580641	-0.371102	1.554406	0.554197	-0.839915	-0.044589	0.959514	1.339942	1.047211	0.873084	0.920722	0.539336	-0.445586	0.959341	0.107354	0.267797	-0.370295	-1.174720	-1.723490
	0.905583	0.531670	0.466708	0.866156	-0.235943	0.481288	1.695916	0.735990	1.553701	2.204178	1.114595	0.113694	-0.405627	0.274851	-0.369722	0.890281	-0.425878	-0.431202	-0.610673
	0.822745	0.308533	1.161228	0.157761	0.721853	0.649259	1.122689	0.773219	-0.011289	-0.552921	0.530442	-1.361530	-0.820494	0.979023	2.216253	-0.305811	0.078891	0.328986	0.597932
	0.786391	-0.081113	0.802352	0.217836	0.659833	-0.150077	0.059156	1.162193	1.294386	0.523618	2.058722	0.293509	0.222364	-0.147447	0.580386	0.201183	0.294574	0.297663	-0.180249
	0.046363	0.249886	0.566161	1.244595	0.494710	-0.134832	0.590580	1.221406	0.564695	1.109597	1.046406	0.387590	0.780170	2.557642	0.856691	0.851268	0.607042	1.070563	0.337996
	-0.000646	-0.265179	-0.171247	0.615266	-0.096867	-0.916266	1.031606	0.431238	-0.431468	1.065034	0.193998	0.904526	0.900749	1.772415	1.192824	-0.062317	0.155606	-0.772567	0.478248
	-0.450599	0.548756	-0.033808	0.388184	-0.027976	-0.240521	0.173123	0.012836	0.045069	0.147792	-0.510949	0.530659	-0.148335	0.813803	1.913999	-0.075592	-0.478890	0.375393	-0.103578
	1.917264	0.713035	0.364636	0.325759	0.623881	0.904169	1.284633	1.139749	0.836743	0.820395	0.853432	-0.082627	1.059553	2.549307	0.672594	0.308967	0.576883	-0.439114	-0.312647
	0.280016	-0.646462	-0.271317	-0.091627	-0.442275	0.256662	1.113994	0.617158	0.112417	-1.355499	1.440499	-0.627849	-0.876167	0.177311	0.487490	0.531905	-0.567123	0.327758	0.004956
	-0.966202	-0.545100	-0.335452	0.660440	0.289390	0.289454	-1.487976	0.156876	0.449054	0.235774	-1.792835	0.214459	0.243996	1.481481	1.312863	0.535034	-0.368804	0.008633	0.081530
	0.773081	0.855878	0.283120	0.251872	-0.039127	1.202812	1.508506	2.317307	1.853298	1.590628	1.870298	-1.039012	0.150618	1.312817	1.863093	0.758340	0.458873	0.902429	-0.244595
	0.924287	1.333512	0.846301	1.527022	0.368030	1.005264	1.173955	0.741883	-0.008954	0.159435	1.024569	0.955898	-0.617642	-0.187201	-1.071656	0.014179	1.018738	1.547433	1.994304
	-1.899653	-0.661793	-0.032790	0.160172	-0.189178	1.041234	-1.051514	-0.310549	-0.015196	-1.225149	-0.941099	0.235783	-0.677330	-0.115314	-0.247741	-0.096141	-0.195469	-0.658761	0.401696
	-0.127401	-0.185395	-1.500017	-0.588078	0.591813	0.122292	-2.357142	-0.597056	0.177412	-0.744830	-0.476263	1.902839	-1.871599	-0.619562	0.479635	-0.280399	-1.299319	-0.124863	-0.685460
	0.695178	0.232081	-0.756410	-0.400920	-0.301789	-0.862569	-1.303352	-0.105259	0.413377	1.172342	0.579402	1.387240	-0.897027	-0.522908	-0.504037	-0.092081	0.480645	-1.535760	-1.084586
	0.873451	0.189462	0.160854	-0.077404	0.034225	-0.174932	1.514198	0.329005	0.331403	0.109553	0.391507	-1.747972	-1.142407	-1.085088	-0.864902	0.563455	0.409176	1.044225	0.296669
	-1.089402	-0.286445	0.934345	-0.268839	-0.681523	-0.552125	0.486322	0.445556	-0.378739	-0.802015	-0.167268	-1.227889	-0.161490	-1.124641	-0.355594	-0.557944	-0.516667	1.077010	0.515676
	0.673173	0.254007	0.653610	1.028428	-0.305246	-0.055505	-0.299682	0.245071	0.676929	-0.337598	0.222252	-0.584937	1.931361	-0.365747	0.566553	-0.253831	0.649830	-0.070576	0.126475
	-0.890676	-0.664651	-0.341902	0.780240	-0.772464	-0.578715	0.102897	0.814617	0.985636	0.454424	2.507602	0.279007	0.531383	-0.719387	-0.164743	0.098619	1.731541	1.102350	0.680633
	0.419777	-0.684392	0.675374	0.232737	0.361418	-0.433456	-0.422897	0.615978	0.019808	0.149506	0.913678	-0.088849	0.082315	-0.721693	0.566941	0.486617	0.411299	-0.724105	0.559940
	0.589700	0.292314	0.787972	0.832145	0.872412	0.887986	-1.277417	0.158327	-0.264478	-1.171261	0.213238	0.010104	-0.581609	0.731549	0.118686	-0.420656	0.556861	0.608236	1.872593
	1.088433	0.025892	0.458062	0.992011	-0.126628	0.793961	-2.265018	0.115061	-0.112817	-0.268314	0.835392	-0.111527	-0.139793	0.477843	0.220388	0.020715	0.304482	-0.348289	0.238719
	0.213914	-0.596029	-1.036763	-0.047667	0.404591	1.313435	-1.553704	-0.339345	0.119147	1.309976	0.298856	0.789621	0.103025	-0.814367	-0.159609	-0.400944	0.579026	-1.475772	-1.517882
	-0.033958	1.461206	-1.389993	-0.057859	-0.497494	0.031101	-1.456506	-0.209639	0.584716	-1.336612	0.688785	-0.289527	-0.181209	-0.619652	-0.588172	-0.482395	0.139154	0.610047	-1.598446
	2.568841	0.782131	0.820498	1.100578	-0.033269	1.200247	-0.116956	0.189119	1.035992	1.496833	0.324711	0.172329	0.041519	0.309544	0.875403	0.757278	0.431684	-0.351194	-0.036519
	-0.169082	-0.940016	0.272558	2.565044	0.403001	-0.476206	0.397586	0.414654	1.549465	1.285989	0.723830	-0.065013	0.115322	-0.818837	0.349340	0.509436	0.523078	1.657283	0.289460
	-0.940783	-0.741744	-0.495441	0.031477	-0.431862	-0.760477	-0.276519	-0.568065	-0.249291	-1.222090	0.082037	-0.236804	2.046683	0.051054	-1.452307	0.182273	0.692767	0.088892	1.029965
	-1.241447	0.112164	-0.926914	-0.908475	-0.371026	-0.835079	-0.485553	-1.266769	-0.594149	-0.327805	-0.936291	0.944767	0.232610	-1.164671	-0.375803	-0.023599	0.149609	1.779210	0.949354
	-0.036924	-0.273245	-0.126740	1.126045	0.028026	0.086357	-0.039036	1.202084	0.720852	-0.302367	-0.260050	0.435527	0.183187	0.172447	0.284708	0.053525	0.544207	0.272300	0.607423
	-0.022117	-0.462938	-0.183345	0.731749	-0.113341	0.396719	-0.637783	-0.987593	-1.272066	-1.276350	-1.010077	0.411166	-0.053841	-0.799735	-0.690112	-0.212884	0.102652	0.301216	0.596555
	-1.457183	0.190608	-0.623205	-0.764659	-0.344700	0.197511	-0.715798	-0.708306	-0.741227	-0.758235	0.210775	0.749337	0.038441	0.852837	-0.205318	-0.503516	-0.490945	0.082455	-0.200323
	0.143579	-0.182695	-0.037671	-0.411189	0.095330	0.150386	0.202096	-0.604591	0.583328	-0.212808	1.837713	0.598254	-0.403891	-0.043625	-0.258768	-0.073736	0.272594	0.291740	0.101205
	-0.710770	0.383301	0.679335	0.359997	1.199263	-0.915700	0.841280	0.712054	0.476463	-0.151950	1.097666	1.054523	0.966284	-1.007287	-0.187967	-0.094325	-0.036691	-0.395738	-0.469224
	-0.154667	0.290089	-0.264769	1.575322	1.064116	0.375945	-0.139469	-0.577790	-0.269697	-1.053167	1.435164	-0.500372	0.027165	0.411508	0.476172	0.367346	0.669274	-0.245352	-0.968024
	0.209590	0.274082	0.201239	0.537001	0.815534	0.081029	-1.362831	-0.005817	0.118162	-0.410296	-0.996054	0.536422	-0.968910	-0.751495	-0.631069	-0.204638	0.553644	-0.136045	-0.734046
	0.303560	0.609337	0.297088	-0.449571	-0.210701	-0.094127	-1.124646	-0.113814	0.381833	0.135821	0.078417	-0.605241	-0.383575	1.054446	0.086862	0.010484	0.080035	-0.832551	0.064107
	0.500753	0.399388	-1.463223	0.432451	0.542337	0.696857	0.557535	-0.400732	-0.215791	0.249657	0.436348	0.870819	-0.145327	-0.737052	0.214522	-1.418846	-0.446709	-0.003033	-0.064451
	0.528973	0.591254	-0.033080	0.921566	0.187787	1.153197	-2.443064	0.450558	0.595127	-0.219376	-0.042612	0.231357	-1.604320	-0.496799	0.157403	-0.742989	-0.200137	-0.892431	-1.596305
	-0.524958	0.646243	-0.333949	0.604839	0.659403	0.812528	-1.577356	-0.946172	0.443983	-1.813511	-1.296638	-1.138427	-0.332028	0.397588	1.776731	-1.210152	-0.046706	-0.689990	0.563274
	1.150163	0.258018	-0.497168	0.728816	0.027101	0.773029	-2.279447	-0.425139	-0.060058	-0.823166	-1.193019	-0.426932	0.540241	-0.419834	1.122665	-0.239476	0.033704	0.011202	0.356737
	1.234529	0.881915	-0.002442	0.782434	0.543750	0.035059	-0.492782	0.212711	-0.205336	0.229703	-0.360083	-0.174647	-0.383089	-1.593443	-1.713465	-0.361585	-0.034159	-0.080324	1.418063
	1.629076	1.054146	-0.264325	0.382838	0.059798	-0.222983	0.086646	-1.260295	-1.404919	-0.184441	-2.407305	-0.119121	-1.110545	-1.829205	-1.606511	-0.254313	-0.252399	1.098732	1.562717
	-0.220776	-0.405136	-0.018752	0.600381	-0.418467	-0.576948	-2.251333	-1.143219	-1.018614	-0.361858	-1.092734	0.127862	0.075334	-1.754488	-1.399761	-0.027722	0.124604	0.783466	0.816649
	-0.779235	-0.631760	0.038618	-0.856522	-0.326905	-0.823324	-1.298831	-0.341561	-0.566178	-0.173054	0.030430	-0.996282	-0.765336	-0.486945	-2.039485	-0.033976	-0.251015	-0.695241	0.248273
	-0.291218	-1.869070	-0.161536	-1.493561	-1.850176	-0.338912	-1.330902	-1.060459	-1.986989	-1.625109	-1.358130	-1.346736	0.971392	-2.823889	-2.712984	-0.419646	-0.171944	-0.620235	-0.264418
	0.178226	-0.102534	0.361428	0.585268	-0.586738	-0.228672	-1.465566	-1.854272	-1.340163	-1.980663	-3.085056	-1.321338	1.170897	-1.004058	-1.684948	0.067192	-0.219029	-1.016187	-1.674451
	-1.257594	0.435260	0.438010	0.486767	0.252596	0.692849	-0.744536	-1.144994	0.121625	-0.289229	-0.078051	0.049442	0.369183	-1.299265	-1.601547	0.296573	-0.136683	0.644563	-0.583775
	-0.739723	-0.761558	-0.696361	-0.177348	0.509966	-0.154815	-2.070031	-1.248227	-0.839407	-0.634710	-0.559817	0.221147	-0.291708	-0.572484	-2.740776	0.131607	-0.483721	-0.113629	0.333190
	0.900106	0.490217	0.626561	-1.014111	0.050822	0.707682	-0.765433	-0.180302	-0.626144	-0.849210	-0.664620	-0.218967	0.385135	-0.798016	-1.529559	0.068151	-0.527933	-0.486070	-1.605238
	1.798863	0.766974	-0.067456	0.771016	-0.142594	-0.994815	0.111916	-0.490447	-0.723564	0.723810	-0.627108	0.507614	1.218100	-0.152365	-0.163918	0.466826	-0.154513	0.397935	0.072915
	-0.316654	-0.655603	0.141623	0.886862	-0.904605	-0.603752	-0.694617	-0.781040	-1.013174	-0.567470	-1.803572	0.958002	-0.510497	-0.683833	-1.036375	-0.244141	-0.334251	0.467573	-0.393010
	0.202857	-0.048311	-0.199025	-0.554654	-0.411924	-0.144594	0.326326	-1.490802	-1.469130	-0.000261	-0.192306	-0.042879	-0.953998	-0.493703	-1.421220	-0.749508	-0.156488	1.137825	0.415253
	-0.075901	0.437017	-0.529909	-0.343294	0.030493	0.102213	-0.296043	-0.010498	-0.521520	-0.016429	-2.053490	-0.398488	-1.318213	-0.945047	-0.768162	-0.479870	-0.115682	-0.269589	0.534180
	-0.873640	-0.518548	-1.373003	-0.069381	0.811640	-0.740280	-0.318435	-0.035968	-0.421842	-0.747410	-1.518220	-0.691583	-1.257247	-1.951121	1.237327	0.381232	0.153677	-0.533084	-0.115210
	-0.629227	0.716052	0.277397	0.193782	-0.404282	-1.054660	0.334407	-0.389684	-0.631975	-0.641953	-1.739797	0.077654	1.228754	-0.237383	0.015202	-0.175580	-0.421119	0.561669	-0.584593
	-1.107114	0.327335	0.046753	0.623933	-0.103902	0.079129	-0.075087	0.392056	0.598684	-1.055080	-0.747783	-0.794724	0.983059	-0.910487	1.227330	0.008456	-0.466493	0.890532	-0.501637
	-0.723868	-0.225495	-0.510072	-0.949720	-1.046258	-1.083214	-1.814279	-1.061066	-0.621440	0.613150	0.286338	-0.206719	0.088978	-0.277384	-1.645029	-0.543446	-0.814053	0.043443	0.490181
	-0.151642	0.312542	0.030031	-0.778053	-1.315362	-0.856564	-1.246991	-0.806477	0.078498	-0.719935	-0.913026	0.407501	0.571414	0.271368	-0.048009	-0.402434	-0.472763	-0.256997	-0.177913
	0.202835	-0.004290	0.460117	-0.026309	-0.053554	-0.319464	-0.189364	0.113949	0.038252	0.302829	-0.960828	-0.037908	-0.936805	1.617385	1.221507	0.116398	-0.058772	0.104001	1.026592
	-0.305525	-0.538351	0.485992	-1.102727	0.081397	0.036877	0.777462	-0.931068	-0.199804	1.807732	0.612961	-0.896098	-0.197281	0.622584	0.557034	0.772507	-0.337707	0.557538	1.671507
	-0.512964	-0.757265	0.028767	-0.480751	-0.881561	0.269619	-0.555972	0.219196	-0.326642	-0.730067	0.948908	-1.177131	-0.338180	2.123446	1.877285	0.182420	-0.591094	0.597320	0.470000
	-1.584475	-0.912287	-0.157826	-1.671059	-0.772410	-0.420037	0.738756	0.134176	-0.143356	1.432100	1.005494	-0.247496	-0.189981	0.181041	0.761579	0.032954	-0.149538	0.862991	0.449237
	0.277163	0.198543	0.213311	-0.587586	-0.326608	0.131942	1.256079	0.941270	0.434685	0.677353	-0.008942	-0.870370	0.164955	2.200373	-0.052883	-0.004896	-0.232805	0.338485	0.291571
	1.075067	-0.050772	0.506970	0.253381	0.826818	0.383067	1.672848	0.124031	-0.618822	1.226053	0.497493	0.588075	-0.092966	2.520772	2.124678	0.426077	-0.042058	0.274606	1.451603
	-0.390037	0.453288	0.362078	-0.507650	0.143643	-0.132519	2.905006	0.503162	0.989992	1.657415	0.185658	0.059874	-0.143773	0.241878	1.769104	0.979899	0.143247	-0.269780	-0.056615
	-0.428801	0.304917	-0.270554	-0.441372	-0.435907	-0.786424	0.327555	1.176938	0.048139	-0.245461	0.281306	-0.452043	-0.019179	-0.716842	0.188890	-0.284687	0.152114	-0.172128	-0.504493
	0.619325	0.858718	0.140549	0.054627	0.503784	0.486848	1.053535	1.183863	0.912564	0.560280	0.771939	1.528086	0.778671	0.183657	-0.152450	-0.381522	0.056115	-1.726248	-0.665891
	-1.002662	-0.108186	-0.599431	-0.194522	-0.359535	-0.086295	-0.044226	1.008385	0.626528	-1.001748	-0.929363	0.008540	1.130992	0.091028	-0.517335	-0.015706	-0.225973	-0.356481	0.497337
	-0.894410	0.206851	-0.300937	-1.076038	0.123350	0.613298	0.256252	0.087951	-0.500978	0.010522	-1.701382	0.205400	1.132939	0.776240	-0.253543	0.159373	0.316222	-0.495880	-0.498926
	-0.582485	-0.041137	-0.571171	-0.564566	0.237679	-0.156651	0.348578	-0.164804	-0.215885	-0.165651	-1.005788	0.314119	0.394957	-0.754554	-1.646811	0.207504	-0.094984	0.181721	-0.828692
	-0.750132	-0.208953	-0.000395	-0.347780	0.547879	-0.455336	0.447024	-0.385036	-0.218184	-0.353483	-1.414072	1.074790	0.009254	0.670023	-1.335792	-0.781459	-0.260621	-0.392278	1.001148
	-2.083975	-1.432791	-0.066732	-0.720183	0.464861	0.242400	0.407934	-0.276788	-0.803034	-0.184647	0.242307	-0.557040	-0.379529	0.545749	1.303229	-0.152741	-0.923869	-0.722393	0.159266
	-1.785953	-1.412133	0.348654	-1.513903	0.400279	-0.314368	0.670496	-1.258220	-1.108566	-0.403791	-0.943176	1.356374	0.850596	1.746627	1.205428	0.062412	-0.184133	0.179798	0.508527
	-0.322115	-0.563885	0.051976	0.630308	-0.140077	0.151236	1.799395	-0.615789	-0.180335	0.074796	-1.111827	1.375053	0.788081	1.159771	2.225657	0.417428	-0.523696	-1.066847	-1.196709
	0.437893	-1.481667	-0.033404	-0.343094	-0.777050	-0.310027	0.734994	1.259877	1.083439	1.663004	1.811569	0.425891	-0.652914	2.836995	-0.051410	-0.003605	-0.569722	0.246336	-0.581879
	1.934637	0.450174	0.555511	0.043452	0.089063	0.403544	1.026772	1.846996	1.425613	2.838196	2.540991	0.222228	0.046910	0.212144	2.592449	0.563066	0.829071	0.509003	0.284219
	-0.250774	-0.109788	0.534873	0.660115	-0.094225	-0.504292	-0.091441	0.168742	0.259402	-0.328268	0.392231	-0.109259	0.308687	0.625648	-1.017897	-0.334545	0.325570	0.687060	0.964900
	-0.206656	-0.585466	0.742373	-0.290497	0.436077	-0.506046	1.051057	0.145998	0.252070	-0.740201	-0.488916	-0.773943	-0.424454	0.458044	1.422614	0.149799	0.594628	-0.267227	-1.127465
	-0.069395	1.128020	-0.303200	0.016275	0.115256	0.387261	-0.581751	0.911710	0.591788	-0.834857	0.227730	-0.070396	-0.535805	-0.370061	0.677564	-0.847144	0.831952	0.014243	0.655745
	0.634620	0.400254	0.957774	1.113033	0.261933	0.176742	0.256446	0.265337	0.473786	-1.595249	0.204716	0.203092	-0.122401	-0.418688	-1.777320	-0.212264	0.300090	0.344783	0.376215
	0.503661	0.024280	-0.335880	0.577204	-0.773583	-0.518333	-0.809854	0.138574	-0.771782	-1.222803	-0.608296	-0.098762	-0.729932	-3.030546	-2.743821	-0.266603	-0.356647	0.636353	0.940172
	-2.286093	-1.507913	-0.385173	-1.159390	0.006312	-0.579417	-0.716938	-1.500328	-0.657014	-1.647417	-1.360550	-0.322306	-0.664294	-0.623141	-0.228295	-0.493808	-0.339327	-0.455730	0.135367
	-2.214303	-1.147448	-0.559694	-0.647537	-1.783194	-1.158392	-1.585805	-1.294497	-1.469097	-1.098072	-1.878399	-0.648577	0.516825	-0.516931	-0.373351	-0.388546	-0.550827	-0.617446	-0.547279
	-0.445935	0.192534	-0.024221	0.112988	-0.460071	-1.092754	-1.176136	0.495749	0.146036	-0.632789	-0.114800	-1.118159	-0.923765	-0.876881	-1.884705	-0.278531	0.225329	-0.572479	-0.149921
	-0.606733	1.098120	0.043182	0.554952	-0.444523	0.091317	0.666601	0.128209	0.504938	0.724157	0.328076	0.935450	-0.551701	-0.574097	-0.444643	0.039431	-0.145742	-0.667457	0.591150
	-2.032707	-2.617523	-0.513673	-0.864517	-0.275019	-1.699560	-1.007744	-0.099183	-0.509770	-2.099654	-0.127419	-0.688600	-0.044602	1.237648	1.295050	0.225194	-0.357102	-0.410040	-0.496548
	-0.655018	0.108513	-0.452737	-0.844719	-0.406302	0.312734	0.545615	0.365861	0.602128	-0.691059	-0.700761	0.266647	0.380934	1.703489	1.162924	0.350423	0.230968	-0.349167	-0.734689
	2.388648	0.088016	-0.017016	1.249684	-0.095470	0.111248	0.063284	0.809324	0.739587	0.965293	2.356159	0.681374	0.014743	0.441512	2.513901	0.018762	0.370487	-0.002723	-0.240283
	0.026157	0.479044	-1.298877	0.214101	0.524651	0.716763	-0.248318	0.670152	0.673277	0.429967	1.443187	-1.012124	0.086877	0.399887	1.234184	0.547659	0.358148	0.971703	-0.908170
	0.681250	0.747796	-0.366911	-0.522394	-0.097370	0.356206	0.518508	0.380595	0.393086	0.524743	1.297176	0.485074	-1.161886	1.185205	0.355649	-0.185479	0.087748	0.090178	-0.438990
	-0.623555	-0.081797	0.698920	1.068540	0.071209	0.337804	0.387664	-0.065597	0.275358	-1.230157	-0.479544	0.902090	-0.265907	-0.145095	1.164339	-0.493061	-0.332271	-2.187737	-2.234483
	0.781221	0.293622	-0.105459	0.197597	0.261035	0.351226	0.304950	0.364701	0.957344	0.042349	-0.149328	0.423417	0.101876	0.521320	0.989158	-0.351591	-0.044904	-1.791159	-1.841204
	0.881287	-0.024726	-0.170131	-0.163856	-0.017161	1.050583	-0.494077	-0.058914	-0.611299	-1.138377	0.796060	-0.093342	0.073879	1.595455	0.698840	-0.894459	-0.354231	-2.677499	-1.872601
	1.273531	0.816062	0.174293	0.087947	1.252465	0.806385	2.379108	0.827063	1.053134	1.529579	2.259837	-0.576899	0.108578	0.009203	-0.655270	0.502681	0.482051	-1.660764	-1.538645
	0.237953	-0.702524	-1.148182	-0.692985	1.077936	1.145958	0.107582	-0.341971	0.001893	0.268712	0.904959	0.002645	-0.949048	-0.272268	-1.291590	0.359278	-0.028458	-1.792685	-0.809053
	0.006352	0.194458	-0.286006	-0.416727	0.615011	1.610639	0.698319	-0.072732	-0.761374	0.445394	2.000067	0.502433	-0.092474	0.654655	-0.653705	0.157696	0.247381	-2.001459	-1.618860
	2.003916	0.495781	-0.539724	0.527955	0.269493	1.166021	1.975087	0.718761	0.461651	1.294060	1.210670	0.996566	-1.469794	-0.665311	0.787826	0.524884	0.868719	0.409191	-0.408744
	2.017972	0.074110	-0.572058	-0.285350	0.048346	0.748101	1.650013	0.128495	-0.818051	0.601711	2.162282	0.024784	-0.067343	0.901007	1.130952	0.230931	-0.136822	-0.163362	-0.568760
	-0.236357	0.208715	0.252209	-0.814097	0.099490	0.451999	0.949901	-0.355207	-0.683082	-1.470807	0.405833	-0.497880	0.691929	-0.285917	0.117572	0.101044	0.440865	0.422179	-0.066562
	-0.988554	-0.670989	-0.268820	-0.231196	-0.719750	0.141506	-0.182649	-0.536471	-0.928522	-1.258659	0.372785	-1.476815	0.667849	-0.478990	0.692025	0.281801	-0.097664	0.298739	0.586609
	0.382138	-0.538779	0.533341	0.343740	-0.293024	-0.322564	-0.767890	-0.322501	0.198711	-0.430072	-0.664970	-1.188858	-0.944551	-0.840812	0.355266	-0.061255	-0.191824	0.753295	0.525147
	1.371974	0.352412	-0.219188	-0.039694	0.603329	-0.750821	-1.299967	-0.686498	-1.045742	-0.246818	-0.684536	-0.723262	-0.562490	0.666404	0.574261	-0.485444	-0.214647	0.481743	-0.481288
	0.575539	0.253877	0.587283	-0.215400	-0.577650	0.291150	-0.714413	-0.906455	-0.919964	-1.055314	-1.804855	-0.693603	0.908623	-1.031195	-0.495881	-0.269980	0.050056	0.770658	1.225039
	0.509448	0.016910	1.225080	-0.223605	-0.347773	-0.826272	-0.770277	-0.593734	-0.134506	-0.121354	-0.689715	0.103612	0.002346	-1.724533	-2.442556	-0.702152	-0.871244	1.278352	1.024247
	0.757060	0.321710	0.106291	0.847560	-0.050044	-0.913946	-0.247785	0.072130	0.180075	0.332093	-0.730274	0.228461	0.542715	0.139180	0.480168	0.255373	0.401308	2.345169	0.733206
	-0.310116	0.772442	0.505969	-0.367250	0.172674	-0.697158	-0.317397	0.204329	0.275461	0.664178	-1.334298	0.718980	-0.091732	-1.477090	-0.886240	-0.079281	-0.264032	0.753485	0.827497
	-0.515983	0.401212	0.796918	-0.107071	-0.158063	-0.628972	-1.349990	0.158558	0.757530	0.768908	-0.128958	-0.465122	0.561690	-1.020206	-1.944753	1.402137	0.139595	0.545754	1.104854
	-1.500378	-1.002878	-1.135162	0.101585	0.082608	-0.332275	0.349900	0.306622	0.962521	1.662820	0.905608	0.536862	0.733364	0.239331	-0.499140	0.464902	0.458164	0.959213	1.005291
	-0.925768	0.618774	-0.158402	0.147735	-0.180168	0.470874	-0.101160	0.034948	0.290527	1.509124	-0.236940	-0.174527	0.168646	0.090135	-0.225086	0.048498	0.070153	0.552945	0.750864
	0.856804	0.908793	1.356247	2.356555	1.053866	0.496630	-0.223734	0.790024	0.784856	0.809884	-0.312453	1.517352	0.596601	0.913924	0.867365	-0.177301	0.186699	0.636963	1.172734
