	-1.075258	-2.247029	-0.382623	-0.364989	-0.470416	-0.343326	1.047285	-0.166142	-0.146336	-0.081036	-0.398357	-0.224442	0.259092	0.325919	0.189589	-0.238476	0.407490	-0.540482	-0.459548
	-0.905726	-0.586144	-1.337799	-2.148313	-0.992905	-1.289477	-0.540311	-0.334790	-0.089893	-0.095991	-0.265597	-1.053836	-0.426552	-1.194487	-0.449804	-1.565769	-0.568359	-0.059137	-0.008123
	-1.863785	-2.120415	-1.315298	-2.214529	-0.830342	-0.463277	-0.372792	0.079771	-0.265875	-0.234615	-0.413660	-1.082508	0.513793	-1.157024	1.121495	-0.513715	-1.103276	-0.268519	-0.161207
	-1.182676	-1.101717	-0.498262	-0.761892	0.468414	0.154739	0.008871	-0.294876	-0.223830	-1.132776	-0.469537	-0.578798	-0.463990	-1.051188	-0.865314	-0.144342	0.703153	0.408235	0.405301
	-0.121753	-1.117119	1.292820	0.021678	0.067862	-0.059386	0.481092	-0.260158	-0.306085	-0.106236	-0.233474	-0.420311	-0.295409	-0.977045	-0.216051	-0.494768	-0.537916	-1.188855	-0.239317
	-1.359440	0.323525	-0.052922	-0.198133	0.120761	0.606846	-1.780569	-0.287462	-0.334753	-1.190438	0.323859	-0.081368	0.121430	-0.176383	0.212439	-0.399515	0.045739	-0.334758	0.017020
	-1.388397	-0.418663	0.097908	0.135797	-0.440016	-0.386906	-0.797686	-0.472442	-0.216628	-0.516799	-0.977849	0.062497	-0.527744	0.058725	-1.653659	-0.157306	0.349405	-0.015668	0.413094
	-0.454013	-0.526061	-0.729889	-0.791374	-0.674112	0.313266	0.001205	-0.410939	-0.170045	-1.756146	-1.891561	0.197890	-0.102270	-1.059115	-0.258296	-0.391864	0.257867	-0.327262	-0.640680
	0.179864	0.911807	0.107101	0.467343	0.407421	0.141267	0.182365	-0.485804	0.066716	-0.143298	-0.208176	0.093586	0.095464	1.392124	0.444083	0.206257	-0.231071	-0.109906	1.062159
	0.459020	0.552518	0.256406	0.182452	0.152315	-0.893106	-0.015978	0.032695	-0.018595	0.789867	-0.516099	0.180739	0.999526	0.195094	1.370020	0.493991	0.161199	-0.944838	-0.153847
	0.569739	0.902169	-0.056831	-0.254367	0.514233	-0.181089	-0.086263	0.244698	-0.239209	0.790957	-0.389394	-0.673238	0.548240	-0.364041	-0.170799	0.811202	0.312979	-0.017293	0.296185
	0.038854	0.410217	-0.033953	-0.237550	0.468108	0.164278	-0.641982	0.123010	0.003871	0.019988	-0.589645	-0.004367	0.689303	-0.317506	-0.705154	0.532331	0.080885	-0.260412	-0.256316
	0.141680	-0.224842	0.532792	1.898395	-0.545119	-0.195641	-0.822001	0.153802	0.900038	0.337829	0.322604	-0.018837	-0.264925	-0.369379	-0.156592	-0.708149	0.127448	0.432690	-0.213825
	0.530206	0.045251	-0.235530	0.938859	0.061856	0.479961	0.384819	0.926100	-0.034340	0.710917	-0.091685	0.267756	0.708178	0.999688	1.008748	1.122069	0.986024	0.006455	0.397764
	0.904910	-0.578486	0.109445	0.448653	-0.060452	0.152234	1.036092	1.501540	0.733800	1.573202	0.752701	1.512473	0.654682	1.041960	0.066509	1.783077	0.769214	0.149818	-0.259593
	1.231714	-0.177271	-0.834111	-0.394837	-0.817709	0.238548	1.534222	1.075914	0.661119	1.528774	0.920741	1.583019	-0.554151	0.811782	0.412100	1.362837	0.978628	-0.774514	-2.086807
	1.895716	0.839777	0.846863	1.721777	0.000848	0.327311	0.585003	1.126224	0.138586	0.534211	0.658181	1.151888	-0.018062	0.911814	0.703614	0.512257	1.323769	0.360228	-1.775617
	0.130383	0.100621	0.080318	2.431944	0.129133	0.005431	0.664641	-0.094094	-0.241691	0.235967	0.206981	1.323839	0.825763	1.710644	-0.789726	0.957493	0.296681	-0.387312	-0.324913
	0.310146	-0.638258	0.409709	0.816438	0.872382	0.546657	0.485466	-0.782625	-0.110181	0.964152	0.897791	0.653868	-1.576550	0.555054	-0.080298	0.795897	1.400838	0.524003	-0.206760
	1.408312	0.754797	-0.870093	0.853421	0.342908	0.332707	-0.464892	-0.275589	-0.326908	1.689891	0.931347	0.010560	-0.411950	-0.753780	-0.152917	0.710442	1.291246	0.035610	0.114242
	0.489426	0.789357	-0.033409	0.995151	-0.071200	0.551765	0.592199	-0.495902	-0.131607	1.264598	-0.211746	0.767219	-0.071806	0.464365	-0.912682	1.141573	1.119362	-0.043853	0.416848
	0.038739	0.641712	0.163745	0.428215	0.414702	0.639936	1.071517	0.211671	0.083285	1.180545	-0.261635	-0.943370	1.214949	0.304191	-0.299666	0.077714	-0.762640	1.502135	0.441011
	-0.071223	0.986348	1.026750	1.207035	0.244509	-0.000138	-1.705245	-0.932141	-0.741672	-0.413605	0.074281	0.290440	-0.342439	1.122688	0.793277	-0.219805	0.163901	1.430511	1.266884
	1.294525	0.991281	1.082647	0.499231	0.004714	0.153946	0.253319	-0.328694	0.878735	0.189542	0.934213	-0.335671	-0.077629	-0.092983	-0.454990	-0.593523	-1.315206	-0.085009	0.416089
	1.126674	2.139721	0.336468	0.451245	0.574430	-0.626897	1.083875	0.561190	0.204673	0.377721	2.076858	0.937453	-0.328335	0.424632	0.428083	-0.230623	-1.470130	0.111104	0.813905
	-0.300648	0.796687	0.129751	-0.448091	0.949069	-0.310448	1.116927	-0.064286	0.677909	-0.379729	0.484512	1.048261	0.260848	1.499761	1.631475	-0.031733	-0.203693	0.303635	-0.399012
	0.179757	0.925771	1.485748	0.763000	0.551122	-0.143977	0.116868	0.614291	-0.123866	-1.192877	0.437772	0.233034	0.054906	0.325677	0.734038	-0.350295	-1.214958	0.313241	0.253841
	1.641061	0.967731	0.440974	1.357881	0.960676	0.135466	0.209270	-0.171138	1.227359	-0.363745	-1.049654	-0.009188	-0.555463	-0.540516	0.445896	-1.171109	-0.863388	0.740513	-0.416613
	0.115128	1.683743	0.606315	-0.590684	-0.510086	-0.160062	-2.133904	0.219916	-0.838210	-2.660433	1.065611	-1.855370	-0.899662	-2.265355	-0.774865	-1.614962	-2.465739	-0.503129	-0.213059
	-0.378092	2.017878	0.744228	0.305513	0.534513	-0.021416	-1.200882	-1.012794	-0.934795	-1.877918	-0.486926	-0.170190	-0.242130	-1.469160	-1.989099	-1.559856	-2.261987	0.764713	-1.555661
	1.320216	1.733345	1.127280	-0.124319	0.990593	0.012786	-1.607254	0.574766	0.338478	-1.544572	-0.836789	0.922285	0.179831	-0.117704	0.438008	-0.088272	-0.357075	-0.877847	-0.670209
	2.259622	2.353150	0.443002	1.742581	1.362354	0.664006	1.393011	1.798494	1.590745	0.284754	0.757538	1.438998	0.814835	0.505547	0.273980	0.856907	-1.378169	0.273169	0.195078
	0.414116	1.295891	0.144568	-0.012952	0.297549	0.408531	-0.194578	1.168685	1.215469	0.485254	-0.023570	0.778749	1.486530	0.775943	0.434171	0.783236	-0.354400	-0.481529	-1.172335
	1.408650	0.033179	-0.705770	-0.267173	0.040539	0.570144	1.208007	0.929936	0.602359	0.311805	1.457918	0.019528	-0.201812	0.646280	0.599927	0.289199	-0.282094	0.177849	0.159693
	-0.087911	-0.911845	0.890304	-0.324656	0.273973	-0.239021	1.159086	0.423281	0.471592	-0.228613	0.795954	-0.458169	0.344158	2.014047	-0.179842	-0.033293	0.327026	1.280259	0.522138
	0.800183	1.119450	1.623708	0.704244	-0.071326	0.384498	0.115394	-0.483897	0.278131	0.328184	0.294771	-0.489096	-0.768168	-0.189943	0.078056	0.436272	0.772015	-0.437754	0.518885
	0.148278	-0.094334	0.370001	-0.610033	0.267042	-0.368220	-0.854620	-0.485593	-0.134614	-0.609665	0.177369	-1.632530	-0.128209	0.137326	-0.944175	-0.938373	-1.159870	-0.371101	-0.044319
	0.885495	-0.482720	2.034938	0.999602	-0.478802	0.197683	1.288085	-0.253659	-0.367466	-0.594953	0.505467	-0.849426	-1.521103	-0.734305	-0.470935	-0.953659	-1.057446	0.140269	1.119078
	-0.547839	0.581777	0.161024	0.333691	-0.280269	-0.064826	-0.473741	-0.492476	-0.974292	-1.441963	-0.222103	0.792350	-0.253576	-0.973105	-0.308511	-1.185620	-0.501825	-0.921073	0.126056
	0.309166	-0.564454	-0.205733	-0.560599	-0.492993	-0.227758	-0.777093	-0.612826	-0.230550	-0.023560	-1.304139	-0.325137	-0.019545	-0.195838	-0.213555	-0.452851	-0.378503	-0.374619	0.952957
	-1.831479	-0.362843	0.306647	-0.726705	-0.387562	0.024408	-0.606531	-0.725818	-0.227087	-0.630124	0.130953	-0.690925	0.461655	-0.633275	0.100565	-1.154170	0.074005	2.230446	0.689499
	-0.305219	-1.557171	-0.139043	0.730183	-1.543807	-0.157091	-0.498448	-0.187260	-1.059954	-0.156688	-0.152106	-0.937271	0.533342	0.929727	0.702027	0.255451	0.244895	0.442164	-0.085930
	-0.295335	-0.057089	-1.367405	-1.894337	-0.665151	-0.270671	1.083273	-0.442643	0.225303	1.393872	1.019019	-0.437228	-0.091164	0.030480	-0.621595	-0.016880	0.452151	0.392441	1.541388
	0.082753	0.647330	-0.860428	-1.181517	-0.487407	-0.765562	-0.291770	-0.599757	-0.445550	0.197248	-0.340096	0.303749	-0.479141	-0.599783	-0.833601	-0.308523	0.418218	1.518335	1.746272
	-1.761064	-1.271538	-0.901837	-1.066401	0.430087	-0.453704	0.321492	0.185941	-0.962783	-0.586407	-1.171827	-0.973160	-0.120298	-0.354412	-0.903895	-0.104046	-0.360308	1.559367	2.138150
	-1.394753	-1.485622	-2.501725	-2.206113	-0.378876	0.794283	-0.776190	-1.164810	-0.390439	-1.206716	-0.181708	-0.507502	-0.724114	-0.795886	-0.606914	-0.668814	-0.740637	0.134464	0.193156
	-0.471345	-0.335947	-0.898249	-1.158861	-0.430989	0.507201	0.103262	-0.880907	-0.415627	0.054922	-0.128057	0.048802	-1.340296	-1.059798	-0.076170	-0.016319	-0.731136	-0.023438	0.802637
	0.848494	-0.848714	-0.613147	-1.470968	-0.261971	0.235348	0.187622	0.419110	0.593829	1.550123	0.988310	0.013742	-0.203589	0.969890	0.981291	0.927346	0.841633	-0.160837	-0.164395
	-1.620628	-0.818637	-0.423643	-1.164347	-0.238828	0.081111	0.142726	-0.085890	-0.352855	0.268286	-0.654743	0.001961	0.840526	-0.538160	-0.969815	-0.343130	-0.664947	-0.404507	-0.866020
	-0.694415	-1.650232	-1.151899	-0.516008	0.567876	-0.216528	-0.091041	0.220694	0.188646	0.725570	-0.417038	-0.097941	-0.287497	0.344291	0.250613	0.706199	1.566754	-0.295382	-0.606962
	-0.259540	0.106809	-0.601647	-0.697174	-0.644678	-0.228428	1.163706	0.198741	0.497699	1.367718	2.158644	0.785373	0.665141	0.271062	0.485861	-0.010169	0.772087	0.506969	0.410778
	2.021495	0.456116	-0.353877	-1.246065	0.587503	0.164747	-0.043496	0.590019	0.361951	2.151264	-0.144688	-0.510696	-0.539879	0.236363	0.784027	1.375441	2.426811	-0.760047	-0.539892
	-0.123143	-0.501906	0.524959	1.096083	0.182316	0.307652	-0.339745	-0.069963	0.107528	0.887830	-0.741104	-0.003124	0.546724	-0.828375	0.072325	0.632011	1.495027	-0.610078	-0.389079
	-1.560352	-1.352312	-0.686124	-0.696957	0.007807	0.202862	-0.081133	-0.079472	0.460675	1.001834	-0.630367	-0.402988	-0.299318	0.876795	1.133047	1.862730	1.887276	-0.925806	-1.708972
	0.337626	0.064646	0.522673	0.849409	-0.036991	0.831654	0.164176	0.076542	-0.148153	0.084891	-0.041379	0.830070	0.233232	1.193836	0.660724	-0.437082	0.824910	-0.519101	-0.429434
	0.303362	-0.396835	1.471809	1.755991	-0.453174	-0.580539	-0.963907	-0.794956	-0.631735	-0.654869	-0.367410	-0.151976	-0.585535	0.067030	0.747172	-0.974196	-0.687827	-0.636451	-1.000991
	-1.762005	-1.812776	0.429174	2.014458	0.193927	-0.022090	-0.604636	0.024651	-1.117527	-0.841157	-2.172812	0.303387	0.314967	0.132127	0.300712	-0.209190	0.214473	0.131359	-0.754618
	-1.663124	-0.887538	-0.706520	0.903426	-0.273865	-0.523184	-1.053270	-0.003133	0.149977	-0.478894	-1.054356	-0.915978	0.482715	0.620589	1.069364	-0.142677	0.166638	-0.782516	-0.017410
	0.029364	-0.241322	-0.799471	-0.481765	-0.476332	-0.767916	0.499225	0.571137	0.313110	0.447006	-0.106569	0.318615	0.696254	0.429899	0.502910	1.342159	0.911323	-0.767877	-0.189920
	-0.282931	-1.583170	-1.307138	-0.290900	-0.112762	0.295661	-0.110685	-0.031126	-0.475812	1.167446	0.017845	-0.079328	-0.142405	0.630466	0.987011	0.194445	0.082138	-1.648254	0.271725
	0.862996	0.046502	-1.135068	-0.697762	0.569058	-0.030922	1.691185	-0.430628	0.325792	-0.508271	0.561450	-0.628684	0.066742	0.044490	0.153634	1.361979	0.740545	-0.330624	-0.179307
	0.329578	0.602508	0.073872	-1.072180	0.105487	0.130602	-0.300349	0.258968	0.006451	0.943652	0.096313	-0.364374	0.357862	-0.699889	-0.950533	0.453359	1.097139	-0.161823	0.061068
	-0.037566	-0.632868	-0.891436	-1.199886	-0.393442	0.556586	0.023877	-0.333029	-1.011922	0.722662	-0.191359	-0.544249	-0.555822	-1.879644	-1.052128	-0.655662	-1.116506	-0.559941	0.143252
	0.598151	0.206374	-1.674290	-1.846004	-0.031190	0.177094	0.363823	-0.789799	-0.745004	0.300852	0.733914	-0.737949	-0.561435	-0.868376	-0.478134	-0.128450	0.318579	1.251474	1.057794
	0.157286	-0.542790	0.439701	0.282697	1.169078	0.050165	0.476262	-0.575233	-0.241689	0.480065	-0.337827	-0.613133	-0.166142	0.064782	-0.060151	-0.949696	-0.365655	0.494055	0.940870
	-1.218825	0.157625	-0.064920	-0.621240	0.608470	0.320005	-0.412209	0.163757	-0.058421	-0.431984	1.021629	-0.115725	-0.805247	0.512623	1.035888	-0.422932	-0.666337	1.139928	0.946823
	-1.875188	-1.440394	-0.384747	-1.555934	0.134479	-0.077429	-1.541262	-0.932162	-0.648589	-1.412328	0.433231	-0.882606	-1.975492	-0.789746	-0.337653	-1.584356	-1.156271	0.817899	1.546404
	-2.026177	-1.930984	-0.207909	0.236043	-1.178758	0.249185	-1.515811	-0.734598	-0.450296	-2.217264	-0.836120	-0.016703	-0.584216	-0.998142	-1.165012	-0.833564	-1.297317	0.574192	0.577652
	-1.414412	-1.410608	-0.490481	-0.831197	-0.201727	0.712824	-0.809896	0.335081	0.043912	-0.909597	-0.160343	0.300137	0.711546	-0.086113	-0.266656	-0.461764	-1.277791	-0.144622	0.397114
	-0.229211	-1.802225	0.911299	-0.312991	-1.085068	-0.108932	-2.683778	0.476751	-0.419934	-0.706909	0.023291	0.622299	0.645276	0.601413	0.198178	0.184943	-0.522139	0.389813	1.307116
	0.371270	1.879348	0.678560	-0.059578	-0.345873	0.306095	-0.243109	-0.178916	0.347348	-0.267291	0.423325	0.460800	0.822996	0.107485	-1.182898	0.129087	-0.127292	0.780073	1.672098
	0.063393	1.136634	-0.856705	-1.241996	-1.275965	0.083177	-1.044935	-0.055329	-0.130119	0.471137	0.869640	-0.393227	-0.109295	-0.654374	-0.325748	-1.416861	-0.416339	1.491313	-0.821381
	-1.525611	-0.217976	-0.236310	0.517204	-0.404987	0.127736	-1.535709	0.314174	0.193801	-1.646704	0.278530	-0.310344	0.387475	-0.712260	-0.400806	-0.540446	-1.243502	-0.425256	-0.867715
	-0.598609	0.030867	0.991575	0.858307	-0.200415	-0.141164	0.135300	0.662493	0.500822	-0.230148	0.652223	0.210099	-0.200430	-0.299174	0.477652	-0.061608	0.029614	-1.032382	-0.860523
	-0.233387	1.137043	0.532995	-0.416109	0.405405	-0.110264	1.222743	0.110968	0.622913	0.332027	1.009003	0.076098	-0.609947	0.188436	0.274222	0.080751	0.313240	0.429838	0.655257
	1.813570	2.015826	-1.339726	-1.150096	0.244532	-0.107293	-0.085159	0.392298	1.126030	-0.493413	0.176198	0.743099	-0.621358	0.496920	-0.132586	0.032510	0.321836	1.184266	0.099229
	1.941557	1.720593	0.387402	0.833033	0.479265	-0.697748	-0.623910	0.048240	-0.263948	-0.199792	-0.635889	0.351022	0.423408	-0.700080	-0.095313	0.244407	0.493464	0.536943	0.817799
	2.247481	0.673516	-0.559392	-0.702936	0.339431	0.096444	0.777207	-0.401310	-0.311391	0.240279	0.042346	-0.383812	-0.034800	1.033843	1.140110	0.374915	0.111583	-1.265326	-0.112970
	0.474104	0.767027	-0.695727	-0.988024	-0.183865	0.198406	1.494464	-0.472299	-0.239564	-1.202309	-0.656847	0.147987	0.828411	0.835171	-0.427703	-0.167217	0.536759	-1.892247	-1.124162
	0.000023	0.742194	1.303332	0.569575	0.205417	1.099190	0.442117	0.076326	-0.103412	0.938455	-0.866921	-0.220238	0.057709	0.058967	0.622633	-0.152359	0.250943	-1.520766	-1.535080
	0.008618	-1.987479	0.661113	0.453263	-0.654613	0.147253	0.989962	0.302631	0.239325	0.705705	0.551530	0.350371	-0.241653	1.144702	-0.223910	0.665662	0.353631	-0.119088	-1.681800
	-1.061460	-1.564701	1.227070	1.947305	-1.147759	-0.316582	0.319178	0.832675	0.063725	-1.186562	-0.320361	0.317265	0.308315	-0.269045	0.908278	-0.433904	-0.807795	-0.098386	-0.814777
	-1.050464	-0.595236	0.666128	0.845453	0.080669	-0.129460	0.006374	0.504634	0.231936	0.198146	0.394292	-0.571415	0.699427	-0.380648	-0.645348	-1.143815	-1.070068	-0.315315	-0.553910
	-0.496439	0.032709	0.266294	-1.263830	0.661787	-0.976720	-0.790244	0.245092	0.025122	-0.984256	0.153600	-0.727349	-0.079635	-0.664307	1.284919	-0.963135	0.074774	-0.936072	-0.974419
	1.552280	-0.239894	-0.011572	0.056594	0.202369	-0.971905	-0.364000	-0.522610	-0.087056	-0.651341	0.787448	-0.137668	-0.333937	-0.383816	-0.256246	0.849989	-0.138317	-0.287233	0.976496
	-0.326926	0.699714	0.249815	0.076752	0.801024	-1.126127	-0.796785	-0.094480	0.077194	0.063138	-0.531307	-0.690412	-0.292786	-0.055505	0.693934	0.322990	0.164318	-0.586458	0.106450
	1.289248	-1.346250	-0.126887	-1.051641	0.055456	0.060095	1.351551	-0.116048	-0.128299	0.311545	-0.992110	-0.892387	-0.964575	-0.380020	0.176254	-1.253119	0.411858	-0.980022	-1.033635
	0.086948	0.344627	-0.423873	-0.481500	-0.576710	0.145586	0.322266	0.462617	0.360706	0.482575	0.079480	0.178515	0.053388	0.604464	0.417713	0.204603	0.989529	-0.834104	0.161117
	0.546332	0.706864	-0.171459	-1.035571	-0.353566	0.562545	0.143076	0.057892	0.091379	0.254506	0.660401	0.226816	-0.022258	-0.341707	-0.582460	0.301706	1.025906	-0.579104	-0.195189
	-1.097374	-0.404091	0.396588	0.496363	-0.646582	-0.241262	0.120677	-0.150518	-0.138372	-0.248544	-0.361835	0.449499	0.793673	0.517370	-0.550148	0.312948	0.357905	0.603840	-0.430820
	0.299253	-0.581664	0.872294	0.280263	-0.189167	-0.261593	0.015074	0.358292	-0.326335	-0.702099	0.018410	1.091770	-0.019605	-0.849180	-0.246933	0.748977	0.565098	0.064957	0.789236
	-2.177474	-0.910412	0.641552	1.161175	-0.245784	-0.879737	-0.870649	-1.069360	0.130749	-1.676731	-1.366481	0.096796	-0.225966	-1.464011	-1.082305	-0.276832	-0.550164	0.062978	-0.881801
	-1.045106	0.043048	0.882276	0.126451	0.247981	-0.267994	-0.101781	-0.976838	0.003147	-1.286800	-0.711234	-0.211252	-0.193356	-0.324375	-0.650874	-0.222562	-0.825154	0.332323	0.826428
	1.220739	0.497622	0.429847	0.725925	0.531453	-0.538972	0.507523	-0.297501	-1.092451	-1.054049	-0.795947	0.263665	0.030187	-1.568483	-0.913307	-0.680514	-0.825986	0.656925	-0.483862
	0.558462	0.835829	0.723565	0.843672	-0.688629	0.604983	1.090175	-0.156875	0.113567	0.816516	0.277342	0.014220	1.208832	0.037583	-0.343512	-0.027064	0.257971	-0.198655	1.746546
	0.965023	-0.265910	0.619910	0.734037	-0.160566	0.222445	0.848157	1.000647	0.261704	0.292267	0.495843	0.068288	0.701949	0.442984	-0.599293	-0.176926	0.201071	0.508880	-0.303981
	0.002000	-0.641103	0.803719	0.563714	0.513163	-0.270549	-0.250862	0.155031	0.376030	-0.458185	-0.006171	0.833739	0.048643	0.730412	-0.335252	0.642602	0.039540	0.790744	0.047187
	-0.851069	0.646664	0.114164	-0.607934	-0.233203	-0.840265	-0.364174	0.597141	-0.013553	0.372202	0.546817	0.121023	0.867254	-0.712733	-1.672771	-0.199014	-0.058494	0.115533	-0.055736
	0.401997	-0.076950	0.199744	-0.027011	-0.542610	0.056046	1.140847	0.468696	0.261555	3.036562	1.934600	0.162840	0.005366	0.697799	0.763982	0.664649	0.839342	0.644846	1.703305
	0.690986	0.939134	0.238622	-0.398445	0.970296	0.706760	0.195307	0.521123	0.486697	1.563816	1.026214	0.224412	-0.368883	-0.158299	-0.640517	0.322190	0.743639	1.260939	0.734230
	0.477823	-0.255792	0.391678	-0.427945	0.819438	0.711321	1.146862	0.447643	0.088063	2.174568	0.041041	0.529834	0.048080	0.082217	-0.331421	0.495608	0.286978	0.594477	1.489259
	1.053344	0.616674	-1.174429	-0.886411	-0.139879	1.501962	1.057113	-0.535789	-0.250013	2.752430	1.248998	0.009931	-0.481318	1.208854	0.897551	0.757483	1.162871	1.364861	-0.177239
	0.889654	1.647032	-0.537597	-1.750402	0.260422	0.278568	0.631619	-0.047275	0.499242	0.933804	0.739759	0.150031	0.845385	0.787922	-1.260132	1.514976	0.655384	1.439099	1.098955
	0.654441	0.733032	0.053289	0.068279	0.011049	-0.321060	0.656263	0.425943	0.416894	0.249146	1.030760	-0.752625	-0.822960	0.730739	1.599426	0.061539	0.680822	1.920679	0.395579
	0.786104	1.682178	0.213960	0.916086	-0.509528	-1.348824	1.124527	-0.011812	0.700932	-0.206122	0.173292	-0.654462	-0.345352	0.076005	0.831557	-0.243508	0.190020	1.710288	-0.285096
	1.808901	1.670305	-0.581361	-0.758596	1.047939	-0.473227	1.036488	-0.330304	0.128042	1.208670	0.184105	-0.090265	-0.138261	0.426983	0.453828	0.647008	0.810353	0.571163	-0.072001
	-0.516257	0.491748	-0.753580	0.412593	0.276999	0.480937	0.653473	0.172327	0.562477	2.230937	0.882701	1.163115	-0.175621	1.235029	-0.515643	0.642799	0.768498	-0.056938	-1.795701
	-0.161059	-0.396227	0.333129	0.411154	0.565916	-0.177043	1.280829	0.089550	-0.064085	1.377526	0.596757	0.029060	0.798879	-0.154158	0.204658	0.360940	0.556408	0.458144	-0.666867
	-0.766353	0.151033	-0.788247	-0.217793	0.199486	0.410771	0.057925	-0.358114	0.435221	-0.342088	0.399959	-0.025355	0.261983	-0.449887	-1.544435	0.117142	0.496477	1.434989	-1.457569
	-1.011091	-0.467669	-0.884768	1.013855	0.210123	-0.199737	0.121883	0.343423	-0.353858	-0.613986	-0.962342	-0.258250	0.090260	0.001293	-0.365455	0.456177	-0.109012	-0.335943	-1.580876
	0.568222	-0.134837	0.295774	0.986367	0.328595	-0.703741	-0.035354	-0.222062	0.057958	-0.198795	0.038382	-0.335077	-0.567205	0.157390	1.457896	0.160321	1.600077	-1.161001	-0.675157
	-0.183555	0.080119	0.059480	0.241504	-0.524010	0.274256	0.145806	-0.384494	-0.167935	0.361143	-0.882623	0.500794	-1.015320	0.271273	-0.282075	0.391867	0.441301	-1.851680	-0.517097
	-0.670476	-0.505287	-0.662957	0.345516	0.096297	0.036813	-0.626674	0.802180	-0.106642	0.123459	-1.468097	0.265978	-0.076981	-0.550989	0.693608	0.412888	0.701151	-1.990058	-1.602849
	-0.531034	-0.787187	-0.606348	0.438934	-0.270154	0.025736	0.318956	0.603601	0.245883	-0.027436	-1.439828	0.610818	0.028406	-0.088793	-0.714773	1.105505	0.074514	-0.483299	0.100294
	0.685436	0.643064	-0.747420	-1.171741	0.318789	-0.965953	-0.317263	0.453634	0.385829	0.290010	-1.897545	0.079389	0.806009	0.449617	1.337736	1.559881	0.544207	-0.299625	0.671982
	0.328842	-0.932003	-0.648899	2.162808	-0.628558	-0.117582	-0.435072	0.438700	0.503258	-1.763011	-2.135757	0.630328	0.555075	0.100389	0.028395	0.816227	-0.008148	-0.815728	0.060599
	-0.730911	-0.641171	-0.830639	-0.057842	-0.223083	-0.412893	-1.512118	-0.478882	-0.389152	-0.833058	-1.077480	-0.667987	0.457715	-0.402195	-0.939344	0.223797	0.261646	-0.874799	1.257683
	-0.722369	-0.676989	-0.581205	0.240245	-0.185024	-0.288368	0.318233	-0.134443	0.308333	-0.704799	-1.385854	-0.162731	0.116865	-0.082024	-1.256145	-0.219089	-0.404451	-1.275428	-2.144606
	-0.700220	-0.137808	-0.505202	1.332821	0.773930	-0.975084	-0.012219	0.962188	0.799961	-0.502824	-0.675238	0.292198	0.495822	-0.729454	0.353857	0.548922	-0.349282	0.142896	0.245343
	-0.812288	0.636918	0.004433	0.283766	0.352813	-0.486484	-0.548436	0.427500	0.452477	-0.316728	-1.403713	0.126290	0.327426	-0.078043	-0.285456	0.247516	-0.207063	-0.883089	-1.406743
	-0.097914	-0.784427	0.040448	1.488047	-0.688381	-0.262688	-0.662691	-0.778964	0.005031	-0.761122	-0.792300	0.393507	0.070743	-0.552050	0.132604	-0.024558	-1.174887	-0.689185	-1.007541
	-0.304250	-0.370441	0.660257	1.833633	0.909708	-0.128461	-0.683657	0.563219	-0.036582	-0.373999	-0.875626	0.576137	0.737230	0.175162	0.303353	0.291367	-0.499639	-2.342563	-0.592896
	-0.658568	0.404809	0.264947	0.903231	0.245894	0.398339	-0.599054	0.014147	0.241401	-0.199473	-0.887179	0.047084	-0.060587	-0.253006	0.524529	0.404652	-0.503872	-0.701101	0.752890
	-1.805640	0.896008	0.474760	0.786958	-0.419080	0.359880	-1.713493	0.165772	0.006839	-1.030786	-0.918840	0.320732	0.365828	-0.123147	0.747853	0.183061	-0.867967	-1.225307	0.480251
	-0.832002	-0.616615	0.209588	0.868413	0.727540	0.342152	-0.375391	-0.146822	-0.388798	-0.788178	-0.248543	0.123931	0.150324	0.169397	1.537487	0.013050	-0.449346	-0.237752	0.300952
	0.671341	0.357200	-0.432177	1.974575	0.821376	0.113296	-0.022328	0.412616	0.395070	-0.397413	-1.095445	-0.014603	0.110369	0.753254	-0.016229	0.250391	0.382147	-0.945907	-0.699752
	-0.038730	0.191550	-0.395013	0.564322	0.978402	0.029884	0.251184	0.258269	0.625565	1.666454	-0.710295	0.161108	0.563112	0.475244	-0.009070	0.574864	0.255299	0.373943	-0.050636
	0.500033	-0.414923	-0.713193	-0.202484	0.697235	0.268322	1.471244	0.312511	0.121859	0.858160	0.363784	0.750967	-0.284140	0.492547	0.005662	0.630744	0.674028	-0.136117	-0.452850
	0.833128	0.294680	-1.320720	-0.274522	1.172393	0.045322	0.281609	0.218031	0.274715	0.917071	-1.161651	0.479209	0.458279	0.599457	0.045494	0.062163	0.990147	0.355855	0.163969
	-1.553371	-0.455158	0.523031	2.537207	-0.041582	0.035436	0.043515	-0.674734	-0.361989	-0.819564	-0.951622	0.286270	0.612891	-1.074750	-0.342759	-0.363447	-1.020215	0.876315	-0.465691
	0.032129	-0.264974	-0.869345	-0.184714	0.351240	0.273035	-0.028243	0.190552	0.483442	0.388604	-0.917115	-0.053631	-0.041510	0.280951	0.260927	-0.410133	-0.530719	-0.711270	-1.501987
	1.265910	-0.769123	-0.195987	-0.785778	-0.441711	0.064202	0.086104	0.216616	-0.155594	1.385833	0.190821	-0.423832	-0.138431	1.075951	0.695450	0.181048	-0.388403	-0.505027	-0.317762
	-0.535154	-0.445706	-0.027736	-0.413900	-0.004060	-0.222358	0.366528	-0.275417	-0.060108	0.563322	-0.468105	0.149116	-0.104741	0.842134	0.438602	0.537627	1.540792	-0.174714	-0.932344
	0.573816	-0.010329	-0.566313	0.700777	-0.735397	-0.312872	-0.315124	-0.774556	-0.368751	0.112103	-0.533800	0.291198	0.667006	-1.065420	0.806987	0.153666	-0.179373	-0.266478	-1.206668
	0.642934	-0.539659	0.271437	1.006430	-0.035214	0.167458	0.883973	0.550010	-0.165231	0.076503	-0.302741	0.278088	-0.383709	0.889227	1.073863	0.195820	0.569216	1.083804	0.049628
	-1.298193	-0.941367	0.019126	0.819875	-0.353901	0.760197	0.454089	0.072845	0.873085	1.453738	0.467244	0.045102	0.319420	-0.391473	0.380371	0.298139	-0.287904	-0.394445	1.097991
	1.385956	1.188720	0.330357	0.255829	-0.396621	-0.340450	-1.526014	0.247923	0.091265	0.095383	1.348194	0.818561	0.043513	-0.070414	-0.139445	-0.186560	0.036047	1.628250	0.216872
	0.204401	0.696370	0.264263	-0.628734	-0.605082	0.880307	-0.564264	0.416261	0.541748	-0.054370	1.074197	-0.567654	1.104941	0.073012	0.239653	-0.415672	-0.256088	-1.306821	-0.239167
	-0.181095	0.981930	-0.478904	-0.046016	-0.234488	-0.374130	0.184857	-0.342481	-0.771691	-1.148660	0.624057	-0.411432	-0.369847	-0.899870	-1.150773	-0.236847	-0.550125	0.602554	0.226278
	0.069975	0.121188	-0.118549	-0.503998	-0.084583	-0.648559	-0.666658	0.009892	-0.703790	-1.450085	-0.788009	-0.030608	0.695978	-1.037960	-1.509878	-1.407820	-1.270183	-1.900843	-0.355576
	-0.726952	-0.021994	0.471920	-0.588117	-0.042178	-0.342843	0.103992	-0.035161	-0.621750	-1.570848	-0.089314	-0.409248	1.315520	0.576309	-0.651200	-1.010632	-1.579730	0.619286	-0.653007
	-0.195716	-0.519879	0.100193	-0.782610	-1.022804	0.606377	-0.590682	-0.287731	-0.270701	-0.414299	0.607745	-0.396271	0.405146	-0.915888	-0.024527	-1.320287	-0.884502	-0.122533	-0.048520
	0.161084	0.657269	-0.695932	-1.712293	-0.730213	0.719828	-0.933951	0.312172	0.121506	0.941049	0.376764	-0.465371	-0.494881	0.329585	-0.536780	-0.485434	0.352765	1.001793	0.487178
	0.114500	0.015823	-0.227554	-2.442423	0.046881	0.602228	-1.216192	-0.174540	-0.096704	-0.857792	0.337585	0.210282	0.866794	-0.879320	-0.434013	-0.919004	-0.495791	0.510508	0.692895
	0.759647	0.318591	0.141321	-1.211498	0.174225	0.344643	-1.679982	0.352450	0.001898	-1.165030	0.154174	0.243321	-1.211705	-0.667923	0.114565	-1.027718	-1.401557	0.462759	0.549431
	-0.211216	0.809516	0.278971	-0.804703	0.595827	0.045374	0.349505	0.049871	0.250319	-2.214649	1.107302	0.921451	-0.698805	-0.406332	0.064012	-1.158069	-2.133010	-0.645053	-0.230804
	-1.188129	-0.042495	1.509080	-1.281830	0.003891	-0.876278	-0.232328	-0.285759	-0.954583	-2.762472	0.166354	0.420288	0.283599	-0.585947	0.108783	-0.681796	-1.835702	-1.052123	-0.895427
	-0.554195	-0.950962	0.047597	-1.241610	-0.432635	-0.624292	-0.241693	-0.550148	-0.827435	-0.081742	0.687904	0.902732	-0.744924	-0.133679	0.174310	-0.186063	-0.609081	-0.530943	-0.575793
	-0.045144	-1.327107	0.778576	-0.784897	0.041697	-0.006693	1.397329	-0.047218	-0.232359	-1.861260	1.110613	-0.312995	-0.447760	0.071215	-0.128884	-0.494662	-1.249223	-0.198298	-0.371781
	0.357475	0.002877	1.592455	1.012659	-0.022566	0.693642	0.909906	-0.710644	-0.176179	-1.767502	0.765778	-1.041040	-0.999175	-0.628061	0.161986	-1.631486	-2.366416	-0.637879	-0.710452
	-0.058030	-0.368430	2.293055	0.139091	0.195223	-0.080450	0.973293	-0.084248	-0.555795	-1.650837	0.998961	0.286910	-0.671713	-0.340357	-0.214914	-1.391909	-1.636261	-0.175359	1.187512
	-0.211359	0.020819	1.392352	-0.334829	-0.129437	-0.733112	0.506789	-0.529691	-0.942350	-0.488746	0.531581	0.776902	-0.183415	-0.921179	0.120660	-0.958631	-1.235328	-0.797353	1.223586
	-0.506347	0.109696	0.301761	-1.596211	-0.570020	-1.107772	-0.564970	-0.119796	0.212275	0.700391	0.945893	0.623819	-0.170879	1.263364	0.073368	-0.856923	-0.709607	-0.049255	-0.124566
	-0.543615	0.556910	0.294154	-0.744870	-0.446744	-0.040811	0.082538	-0.086246	-0.470164	0.397862	0.862523	-0.729786	1.019605	-0.070739	0.968592	0.106604	0.270855	0.336337	0.027017
	-0.372134	-0.353407	1.075645	-0.365243	0.297277	-0.650881	-0.264343	-0.692052	-0.240376	0.051946	0.290300	-1.121307	-0.916038	0.091678	-0.169409	-0.653643	0.061995	-0.258098	0.062620
	-0.788961	-0.393472	0.645858	0.155558	-0.950369	0.122541	-1.028800	0.195570	-0.191524	-0.490120	0.893001	-1.013152	-0.540002	-0.648803	-0.226716	-0.926370	-1.109372	0.268440	1.261516
	-0.074691	-1.258115	0.831567	-0.605065	-0.748337	0.571699	-0.648071	-0.785663	-0.887773	-0.528128	0.564056	0.048300	-0.066672	0.141587	0.789736	-1.347177	-1.491646	0.787635	1.149560
	-1.393577	-1.859005	-0.296714	-1.193489	-0.687506	0.618951	-1.927595	-0.101819	-0.663938	0.624546	0.986042	-0.761154	-0.461254	0.217163	0.901979	-0.942675	-0.030500	1.143328	0.700402
	-0.459399	-0.124610	-0.053337	0.061384	-0.618938	0.512011	-0.091871	-0.599425	-1.057411	-0.512980	0.470899	-0.530350	-0.288700	-0.973937	0.381004	-0.580299	0.009082	0.172126	1.403654
	-0.727094	-0.595782	0.301328	-0.086854	-0.339124	-0.361778	-0.705010	-0.560145	-0.210433	-0.463726	0.229623	-0.498020	-0.609228	0.289778	0.234379	-0.946559	-0.024259	0.424215	0.164782
	-0.613090	-0.654266	-1.566178	-0.763372	0.596787	0.063173	-0.467374	-0.826523	-0.571736	-0.996795	0.457240	0.006375	-0.812176	-1.054901	-0.387777	-0.948187	-0.059993	0.864968	0.578099
	-0.659818	-0.284489	-1.557432	-0.258056	0.405536	0.157477	0.123778	-0.817030	-1.411096	-0.355199	-1.423678	-0.390892	0.033431	-0.518162	-1.217411	-0.665187	-0.322654	1.229117	1.088117
	0.050468	-0.018623	0.247912	0.582434	1.108630	0.362775	0.157906	0.023891	0.010148	-0.985202	-0.726213	0.221685	0.999254	-1.969456	-1.016425	0.024277	-1.200580	0.225857	1.146885
	0.419049	0.950375	0.002387	1.711611	-0.177539	-0.962067	-0.637095	-0.154058	0.422026	-0.360837	-1.282298	0.595518	0.409559	-1.052090	-1.451976	-0.043394	-0.003020	0.640497	0.293504
	-0.444770	0.356722	-0.504069	1.089836	-0.008224	-0.051076	0.020997	0.263124	-0.107234	-0.362881	-0.526704	-0.344407	-0.155009	-0.648497	-1.364278	0.165079	0.028800	-0.239387	0.729931
	-0.213576	-0.440543	-0.713795	0.822914	-0.034660	-0.065988	-0.864021	-0.448296	-0.358992	0.273888	0.646155	-0.834976	-0.867076	-0.039172	-1.383950	-0.592910	0.648939	-0.413690	0.809190
	-0.611360	-0.825797	0.991923	1.354427	0.108213	-0.290061	1.490907	0.373443	0.730589	1.396726	0.591234	-0.829278	-0.435924	-0.340862	0.040077	0.561953	0.832543	0.519265	-0.143227
	1.088244	-1.476862	0.027170	1.480649	0.286757	-0.783136	1.193308	0.664740	0.724835	-0.468631	0.269498	-1.245241	-0.904546	0.847928	0.660512	1.561995	1.305759	-0.351667	-0.869676
	-1.195311	-1.899813	0.411305	0.983281	-0.380404	0.254503	1.353599	0.669084	0.459441	-0.502077	0.186464	0.262507	0.315594	0.568493	0.541766	0.340709	0.383996	-0.674347	-0.679731
	-0.381210	-0.190714	0.754489	1.313971	-0.989005	0.354674	0.563051	0.219990	-0.362476	-0.395390	0.227752	-0.948508	0.436331	1.355576	0.706066	0.392387	0.681375	0.159783	0.294960
	0.575363	-0.483950	0.622140	1.581864	-0.529137	-0.023241	0.787694	0.117691	0.208508	-0.306962	0.423898	0.317476	0.826877	2.000561	1.048845	-0.175453	0.564597	-0.857317	0.044013
	1.125529	0.273449	1.735415	1.031558	-1.103515	0.715453	2.598463	-0.043295	-0.229903	0.635584	0.272376	0.332027	0.205492	0.963998	0.277139	0.416730	1.201771	-1.016998	0.465983
	0.304252	-0.966906	0.217836	-0.415177	-1.615121	0.911034	1.429303	-0.574552	-0.341842	1.060989	-0.219992	-0.074476	-0.694882	1.397508	0.280265	-0.574652	0.278331	1.308368	-0.840139
	1.276812	-0.401381	0.271025	0.923708	0.437643	-0.511055	-0.738965	-0.950077	-0.792074	-0.770559	0.541361	-0.722501	0.034187	0.226173	-0.534284	-0.634982	-0.933283	0.206478	-0.096173
	-0.678357	-1.132442	0.984275	1.731116	-0.678302	1.118437	0.871192	-1.250089	-0.963092	-0.398671	-0.062923	-0.299877	0.312681	-0.333552	0.721505	0.091123	0.805021	0.547326	0.484853
	-0.433010	-1.253349	0.474631	-1.341361	-0.254970	0.018156	-0.493794	-0.126739	-0.863647	2.263456	-0.199083	0.302896	0.955794	0.486360	1.265833	0.277791	1.300409	-0.094926	0.107516
	0.726942	0.655328	-0.613990	-0.740932	-0.042100	1.135917	0.420197	-0.198583	0.604390	2.006363	0.502410	0.210121	-0.319848	0.399494	-1.178956	0.194833	1.810166	-0.061884	0.034008
	0.719579	2.273155	-0.128981	0.242257	-0.200637	0.052672	0.813010	-1.056469	0.186303	0.579764	-0.981183	0.534839	-0.171563	0.179077	-1.119485	-0.882203	-0.407519	1.067522	-0.122371
	1.282599	1.149833	1.015462	0.563584	0.170181	0.513679	0.230298	-0.226536	-0.637353	0.226294	-0.064832	0.340814	-0.599149	-0.492718	-0.568007	-0.275936	0.001993	0.126557	0.377501
	0.402295	0.058783	0.295893	0.254076	0.366962	0.510999	-0.642978	0.585814	0.514767	0.786714	0.943243	0.077198	-1.349730	-0.891185	-0.128827	-0.425283	-0.441861	0.581333	0.568973
	0.787857	0.888852	0.688064	0.309154	0.829341	-0.267747	-0.923319	1.167837	1.129518	1.307644	0.731911	0.692790	0.299469	1.142863	-0.600192	0.417435	0.138687	0.064089	-0.428629
	0.325434	0.042350	0.935001	0.775020	1.435652	0.249629	-0.052665	0.374016	0.845551	0.346894	0.332908	0.777063	0.843651	0.513083	-0.930589	1.912074	0.730935	1.201362	0.416818
	0.881736	1.614472	0.677289	-0.156117	0.621579	0.433371	-0.739936	-0.349626	0.431606	1.481303	1.398033	-0.867483	-0.375883	0.360573	1.363156	0.954962	0.498762	0.937678	0.406948
	0.431615	1.001510	1.000666	0.154546	1.159682	0.365897	-0.184330	0.448476	0.597424	1.219527	0.282903	0.026313	-0.513193	0.867894	0.947459	0.780050	0.586326	0.649437	0.288757
	0.592834	0.750343	0.027684	-0.370569	0.486692	-0.401730	0.200933	0.673852	0.153533	0.708283	0.707231	-0.146573	-0.447397	0.147550	-0.261581	0.605901	-0.336181	-0.432419	0.351320
	0.540025	0.562377	-0.478535	-0.917600	0.687504	-0.002351	0.559796	-0.016856	-0.187459	0.126957	0.005685	0.265906	-0.470036	-0.904666	0.531183	0.250554	0.130434	-0.352818	-0.258385
	2.512083	2.131790	-1.431059	-0.783483	0.465029	-0.196476	-1.299387	0.270308	0.281328	-0.221083	0.058946	-0.139371	0.303535	1.367152	0.011231	0.452978	0.231474	0.017497	-0.545195
	1.447578	2.134713	-0.484392	0.803794	0.003327	0.174015	-0.395425	-0.500804	0.293589	0.574538	0.498921	-0.678682	0.836501	0.579209	1.289265	1.105902	1.129797	-0.113686	-0.009589
	0.787103	2.422514	0.665168	0.678423	0.808806	0.291174	-0.976943	-0.079856	0.001522	-0.060304	0.241680	0.027138	-0.728748	0.599506	0.226325	0.910035	0.362895	0.308515	-0.907130
	1.420898	1.006115	-1.026938	-0.984877	0.155599	0.285973	-0.347829	0.375511	-0.187894	0.298188	-1.473905	0.173622	-0.029426	0.423345	-0.705238	0.698804	0.764632	-0.189024	-1.122018
	1.452932	1.140368	-1.466782	-0.899616	0.744230	-0.116977	0.375350	1.161971	0.479568	1.086523	0.223781	0.369963	-0.762406	0.861834	0.511107	1.022630	1.384357	0.626966	0.409049
	0.461786	1.170799	-0.013677	-0.543207	0.813194	0.625671	0.024890	0.188043	0.696423	1.589150	-1.143589	0.088886	-0.224865	0.753954	1.132060	1.835587	0.725078	1.154892	-0.076785
	1.504462	0.532842	0.537080	0.346157	0.644196	-0.350109	-0.698062	0.570628	1.152346	0.343693	-0.160616	0.166250	0.337981	-0.046467	0.399241	1.130345	1.057991	0.100140	-0.365425
	0.317109	0.598685	-0.642437	-0.420903	0.659328	-0.328059	-0.855307	-0.027430	0.249265	0.835280	-1.338392	1.189597	-0.450585	1.008195	0.223842	0.644013	0.941210	-0.525671	-0.127460
	0.876638	-0.695209	-0.671476	-0.544562	-0.287562	-0.531070	-1.376984	0.868378	0.227687	1.515047	0.998851	-0.192254	-0.586581	0.186416	1.286127	0.727580	0.721716	-0.230053	-0.480836
	0.644173	0.038472	-0.390422	-1.153284	0.118590	-0.800135	0.018471	-0.220766	0.246969	1.742837	-0.115754	0.522715	-0.293891	-0.590746	-0.195439	0.573066	0.998888	-0.166760	-0.237932
	0.911802	1.318525	-0.827945	-1.405726	0.306624	-0.293062	0.253127	1.093764	1.001580	0.990467	1.071196	0.750436	0.988257	-0.045572	-0.343778	0.668399	1.391333	-0.229169	0.255714
	1.444726	1.036837	-1.103698	-0.677583	0.216101	0.012073	0.398231	1.147371	0.235907	1.229796	0.258163	0.481401	0.454744	1.730745	0.656886	1.002774	1.088815	-0.820609	0.248609
	1.267741	0.940880	-1.158889	-1.199357	-0.554091	0.171302	0.252322	0.991244	1.136534	0.460855	-0.066645	0.657265	1.782237	0.372810	-0.237811	1.207121	1.090932	-0.293066	0.031490
	2.130048	1.589513	-0.534782	-0.774142	-0.204074	0.149039	0.091407	0.804391	1.443082	1.672496	0.627497	0.483505	-0.382154	0.528745	0.443971	1.155274	2.189096	0.641602	0.868773
	1.989712	0.381103	-0.727073	-0.865823	0.067907	0.149187	0.296719	0.253671	0.484460	0.992830	0.304045	-0.362902	0.200093	-0.308455	1.170616	1.030486	2.171053	0.542192	0.570820
	1.341023	0.635012	-1.036969	-1.580661	0.230915	0.516438	0.251844	0.093031	0.118938	-0.254346	0.335014	-0.059220	-1.213161	1.025705	0.954617	0.045825	0.997377	0.204827	0.288288
	-0.201456	0.062178	-0.772872	-1.526956	-0.464023	0.419789	0.349256	-0.900629	-0.347733	-0.695941	-0.537296	-0.514866	-1.226026	-0.348534	-0.784461	-0.941617	-0.724000	0.001962	0.742324
	0.509609	0.522885	-1.433559	-1.400189	-0.362776	0.871117	-0.243050	-0.934699	-0.154662	0.766374	1.328553	-1.191866	-1.015296	-0.131471	0.684932	-0.252028	0.143559	0.185026	0.625855
	-0.617975	-0.782917	-2.233101	-1.532590	-0.087605	-0.567465	1.747888	-0.699658	0.234438	0.044890	0.516454	-0.563806	0.330193	0.375556	-0.908063	-0.443686	0.790808	0.592959	-1.041350
	-1.001931	-0.411752	-2.047665	-2.442863	-0.107360	0.387768	1.023438	-1.137992	-0.672726	1.170486	0.837460	-0.854076	0.352487	-0.312368	-0.781676	-0.060130	0.857626	0.476211	-0.275492
	-0.147857	-0.550017	-1.519370	-1.175473	-0.278778	0.443355	2.393805	0.056355	-0.112440	-0.777582	0.414985	0.483713	-0.798820	-0.011364	-0.372097	0.482366	0.171049	-0.064277	0.733426
	0.414584	-0.318480	-1.314254	-1.172328	0.465167	1.509198	1.246335	0.535282	0.211169	1.312395	-0.028259	0.868929	-0.650181	0.031401	0.443519	-0.130369	0.634602	0.587660	1.463226
	0.008688	-0.801830	-0.478442	-0.961328	0.039935	1.011457	0.144315	0.309389	-0.250763	1.901662	0.884820	-0.039776	-0.597403	0.135964	1.198823	0.841015	1.545756	0.243813	0.397094
	1.389059	-1.209342	-0.679463	0.296687	-0.633026	0.253406	0.168018	0.407268	0.241431	1.062665	1.189663	-0.968578	-0.569683	-0.303735	-1.360571	0.122213	0.928310	1.328742	-0.295633
	-0.287255	-0.407882	-1.184467	-0.555882	-0.441516	-0.033875	0.316105	0.462963	0.254070	1.229418	0.557915	-0.606845	-0.796734	-0.475029	-1.897198	0.799886	0.530418	0.273319	-0.736293
	-0.412614	0.828756	-0.493448	0.026792	-0.152321	-0.617109	-0.027042	0.140906	0.265890	0.007480	-0.660566	-0.813579	0.005211	-1.352925	-1.282528	-0.603625	0.759179	0.355046	-0.240979
	0.382658	-0.142791	-0.566180	0.386911	0.753334	0.138711	-1.583557	0.273526	-0.113443	-1.282496	0.182944	0.122764	0.137378	-0.517261	-0.082896	0.383473	-0.050848	1.031650	-1.238820
	-1.346465	-1.293991	0.586424	0.686193	-0.020919	-0.404754	-0.988355	-0.475784	-0.192592	-0.214305	0.141742	0.294536	1.323343	-1.699538	-0.191933	-0.733458	-1.089208	-0.820727	0.738931
	-0.969208	-0.212228	-0.709055	-1.056645	-0.969462	-0.354679	-2.036743	-0.548135	-0.297831	0.160606	0.511185	-0.968826	0.210834	-2.283391	-0.702153	-1.178522	0.105540	0.091728	1.110683
	-1.895125	-0.362389	-0.538566	-0.417525	-0.385716	-0.658048	-1.170083	0.173422	0.128135	-1.088131	-0.917112	-0.065531	-1.142416	-0.720070	0.243149	0.210131	-0.745168	-1.603240	0.508950
	-1.611298	-0.249456	-0.539851	-0.453962	-0.064639	-0.329779	-0.961942	-0.010828	0.121728	-1.125678	-0.583814	-1.072640	-0.073771	-0.825918	-0.880131	0.040834	-0.626194	-0.216796	-1.016377
	-2.798366	-0.278259	0.788147	0.683575	0.161664	-0.960137	-0.454224	-0.284005	0.245707	-1.444143	-0.953827	-0.473259	0.840934	-1.333056	-0.270853	-0.554375	-1.648569	-0.719607	-0.377606
	-1.618615	-0.255161	0.113657	0.323345	-0.119345	-0.616961	-1.115897	-0.474144	-0.160402	-1.056918	-1.991295	0.562387	0.537968	-1.633324	-0.766767	-0.458141	-1.443373	-1.717752	-1.487423
	-1.922390	-1.296694	0.798856	-0.108161	-0.386368	0.084682	1.170425	0.347306	0.456620	-1.607114	-1.052887	0.132421	0.731047	-0.282230	-1.057129	-0.115761	-1.374239	1.473849	-0.154116
	-2.691419	-0.860031	0.679382	-0.116434	-0.754608	-0.233221	0.131104	-0.227949	0.346970	-1.415023	-1.844140	0.610926	1.461883	0.015264	-0.165299	0.344011	-2.350731	1.336412	0.689032
	-2.350680	-1.253951	1.640378	1.257024	-0.356444	-1.263015	0.404127	0.813658	-0.399974	-2.426946	-0.631894	0.956978	0.414200	-0.616092	-0.253860	-0.179911	-1.394929	0.683296	0.397873
	-1.411306	-1.228666	0.934271	-0.100151	-0.725058	-1.788154	0.572846	0.023518	-0.604589	-1.583007	0.437900	0.451056	0.641619	0.161131	-0.266339	-1.357838	-1.415451	-0.717805	0.863559
	-1.413287	0.139129	0.398710	-0.590938	-0.603495	-1.480726	0.098549	0.030771	0.226429	-1.160328	-1.248477	0.630551	0.961925	-0.210501	-1.235464	-0.710531	-1.094726	0.380150	0.524408
	-2.928200	-1.194771	-0.181386	0.672801	0.500130	-0.701099	-0.173775	0.724497	0.029235	-1.407161	-0.523634	-0.039729	1.409229	-1.038177	0.647026	0.105819	-0.578917	-0.227995	-0.531350
	-1.622811	-0.997782	0.747775	1.557688	-0.330340	0.261413	0.643526	-0.308181	-1.021872	-1.610769	-0.264354	-0.508948	-0.097358	0.613460	0.670455	-0.407599	-0.779938	-0.863126	-1.027736
	-0.158181	-1.133405	0.507498	1.182683	0.496672	1.513113	0.749040	-0.629212	-0.161472	-0.486527	0.229057	0.118360	-0.762589	1.527006	0.516085	-0.019197	-1.661029	-0.260550	0.520307
	-0.361414	0.111565	0.778078	0.383564	0.558519	1.238578	-0.291816	-0.540287	-0.209452	-0.919067	0.300028	0.116422	-0.238027	1.487391	-0.440886	-0.582596	-1.410528	1.098500	-0.197943
	0.215336	-1.259207	1.115454	0.715037	-0.144120	0.770931	-1.159642	-0.443432	-0.760453	-0.230207	-0.015504	0.046535	-0.872246	0.619451	1.218133	-1.354299	-0.649408	0.167272	0.619689
	-1.113041	0.727342	0.864805	0.987234	0.298213	0.462164	-1.350108	0.060332	-0.625636	-1.123231	-0.544519	-0.509530	0.193035	0.609045	0.534934	0.001464	-1.373090	0.371891	0.469094
	-0.987070	-0.747255	0.210330	0.499407	-0.348807	-0.298941	-0.282070	-0.311674	-0.379285	-0.976982	-0.194360	-0.530541	-0.034437	1.797967	0.574760	-0.127471	-0.610512	-0.731703	0.753249
	-1.393641	-1.094998	0.153901	0.443531	-0.412067	-0.304268	0.894104	-0.358183	-0.310402	-1.153997	-0.411256	-0.535735	-0.738699	-0.305306	1.159614	-0.208132	-1.027044	-1.098072	0.575819
	-0.185063	0.435553	1.410472	0.679193	-1.096294	-0.291821	-0.394327	0.235212	-0.394978	-0.326050	0.323937	0.315508	-0.535162	1.125690	0.921942	0.056644	-1.050318	-1.074749	0.459739
	0.873592	0.892658	0.958881	1.877706	0.894458	-0.194962	-1.244662	0.133180	0.301365	-1.747494	-1.369689	0.751860	-0.204833	0.141249	-0.582280	-0.422543	-1.190595	0.877172	-0.339919
	-0.454962	0.744083	1.555090	1.850123	1.333542	0.829104	0.329255	0.128561	0.231894	-0.533961	-0.292508	-0.244857	-0.247051	0.836178	1.595954	0.240654	-1.686406	0.812902	0.439597
	-1.105522	0.360309	1.446122	1.369895	0.754770	-0.041484	0.317398	-0.059018	-0.129721	-1.412342	-0.299817	0.717270	0.390226	0.156703	-1.579777	-1.292460	-2.529672	-0.371553	1.743331
	-0.492206	0.408214	1.048312	1.424778	0.203415	0.730529	0.190510	-0.445883	0.032217	-2.041337	0.800737	0.501398	-0.418903	-0.368853	-0.308531	-0.787653	-1.213371	0.737395	-0.552506
	0.556779	0.048016	1.485373	1.466154	-0.617350	0.383849	0.584851	-0.200351	-0.083524	-0.413039	-1.014383	0.680222	0.559746	-0.328961	-0.644160	-0.927326	-0.999371	-0.429103	0.101339
	0.870844	-0.852320	0.125281	0.462699	-0.696511	0.120166	0.924195	-0.261451	-0.050438	0.067325	-0.155172	-0.802068	-0.030230	0.104264	0.664369	0.538724	0.213795	0.237336	-1.565110
	0.825714	0.154963	0.290490	0.402019	-0.946250	-0.580901	1.002400	0.457209	-0.096697	0.560218	0.472874	0.765473	0.730941	0.656463	1.240943	-0.116356	0.500343	0.608486	-0.701362
	0.261241	0.155659	0.666244	0.646300	-0.115865	-0.521891	-0.596665	-0.141348	-0.544463	0.966104	0.431875	0.103552	0.452275	-0.783152	2.065191	0.112725	0.417003	-0.249883	-0.279144
	0.254512	0.091980	1.037273	1.609216	-0.133955	-0.672146	-1.268547	0.370140	-0.224150	-0.060881	-0.203174	-0.379932	0.378857	-0.145023	-0.328952	-0.979531	0.890471	0.257925	-1.018867
	0.342785	1.083062	1.357956	0.361941	1.004281	0.222980	0.928174	-0.850308	-0.277202	-0.992386	-0.750544	-0.021119	0.633765	0.136691	-0.620733	0.344476	-0.427944	-0.769300	-1.761321
	-0.366111	-0.052452	0.374528	0.133971	0.949596	0.106091	0.536582	0.371072	0.435573	0.112647	-0.201217	-0.711819	-0.218106	-0.071589	-0.105273	0.068717	-0.388594	-1.066074	-0.145253
	-0.103237	1.573344	-0.020477	0.552256	1.508787	0.118127	0.308593	-0.142109	-0.413346	-0.350572	0.429509	0.303345	1.302995	-0.254815	-1.493425	-0.726200	0.021683	-1.077918	-0.821518
	0.972608	0.957414	0.898382	1.553838	1.010806	-0.036499	-0.049489	-0.392466	-0.188480	0.201521	-0.259084	1.119959	1.823459	-1.038323	-1.308530	-0.226435	-0.462560	-1.096363	-1.051957
	0.451834	0.728320	0.087805	0.663404	0.718954	-0.263228	0.524082	0.044432	-0.034071	0.002313	-0.682844	0.292384	0.732951	-0.105569	-0.888828	0.149271	0.688001	0.873205	0.633519
	-0.008299	0.284033	0.553354	0.597160	0.102005	0.395391	0.244799	0.299609	0.340920	0.867507	0.745214	1.024266	0.090577	-0.101239	-0.509421	0.174013	-0.279281	-0.726443	1.058131
	0.728314	0.493285	-0.933508	-0.450503	0.062114	-0.045283	-1.137412	-0.339666	0.494202	0.611994	-0.457650	0.828566	-0.064997	-0.590004	-0.612155	0.102937	0.562502	-1.343757	-0.747604
	1.176021	-0.690847	-0.259491	0.283532	-0.602843	1.007385	-1.185387	-0.157938	0.321019	1.920986	0.509045	0.143212	0.329139	-0.306765	-0.373298	0.135157	0.527969	-1.700296	0.364739
	0.631275	-0.352502	-0.177906	0.252251	-1.373786	0.015731	-0.339467	0.153909	-0.044068	1.216272	0.265473	-0.027043	0.689786	-0.775541	-0.233940	-0.343332	0.793337	0.041638	-1.802997
	1.024397	-0.192365	-0.435506	-1.112009	-0.190626	-1.490197	1.025174	-0.038480	0.627112	1.547740	0.862833	0.062010	0.321331	-0.968696	-0.478012	0.057404	1.210480	-0.459487	-1.276410
	-0.346675	-1.628931	-1.844344	-1.063057	-0.693199	-0.731879	1.070593	-0.092564	-0.242972	1.831201	-0.407766	0.104601	-0.125861	0.595491	-1.519324	0.286937	0.903384	0.061942	-0.240993
	-0.590563	-1.348365	-1.584354	-0.176516	-0.325891	-0.315029	1.276205	0.243642	-0.545356	1.850454	0.018283	0.254097	-0.402265	-0.659837	0.927225	0.405536	1.416809	-0.460779	-0.935417
	0.047936	-0.428861	-0.099090	-0.943410	-0.167862	-0.242634	0.753223	-0.209114	-0.114103	0.288556	-0.939333	-1.142661	0.316397	0.286334	0.186462	0.962754	1.554936	-1.331463	0.389481
	0.995862	0.605354	-0.941904	-1.004136	0.128202	-0.159647	0.003193	0.059229	0.414147	-0.579744	-0.416959	-0.089894	-0.653667	-0.510729	1.033295	-0.080927	0.584538	-1.507385	-0.312087
	0.436228	-0.506904	-0.952300	-0.997587	-0.120912	0.061413	-0.680561	-0.577106	-0.198239	-0.862190	-0.216658	-0.562001	-1.000433	0.091020	1.375757	-0.558427	1.326465	0.951997	0.514377
	0.232207	-1.001287	-1.453209	-0.680137	-1.325357	-0.692902	-0.091094	0.287752	-0.412059	0.953862	-0.774085	0.505502	-0.807415	1.443882	0.468310	0.044761	-0.016956	-0.011446	0.713237
	-0.150526	-1.108803	-0.176642	-1.477788	-0.082816	-0.074917	0.999885	0.609201	-0.267742	1.937645	0.595776	0.038564	-0.364732	0.466469	0.426914	0.179460	0.864292	0.079735	-0.415239
	1.728659	-0.487059	-0.654261	-0.726348	-0.651746	0.444954	0.466782	-0.306599	0.428056	0.572569	0.373749	-0.101833	0.125159	0.587478	1.521637	0.567041	1.653773	0.015911	0.080657
	1.106002	0.136945	-0.409819	-0.524139	-0.178620	-0.101039	0.200277	0.394967	-0.078711	0.842243	0.573633	0.099519	-0.177804	0.128164	1.136730	0.530317	0.929023	0.135901	0.683498
	1.310062	-1.634769	-1.037756	-0.403510	1.014377	0.037272	-0.414305	-0.072028	-0.161561	-0.064746	0.252699	-0.825622	-0.048432	-0.764563	0.029806	-0.619170	1.228832	-0.437680	-0.346636
	1.584702	0.597678	-0.375840	-0.884111	0.194733	-0.302976	-0.446966	-0.305077	-0.183596	0.532425	-0.203840	-0.843147	0.433917	-0.075901	-0.082012	0.344041	0.982693	0.228410	0.208833
	-0.022002	-0.311033	-0.582524	-0.812821	-0.497008	-0.196873	-1.903506	0.110693	0.259053	1.265912	0.481120	-0.668203	-0.980280	-0.191181	0.285275	0.150626	-0.281426	0.291560	-0.930075
	0.517947	0.159278	0.070027	0.194420	-0.806320	0.637799	-0.361542	0.258414	-0.215079	-0.456978	0.645170	-0.392156	-1.371111	0.034138	0.419787	0.495199	0.717713	0.944121	-0.132059
	0.317338	0.295950	-0.038839	-0.978467	-0.735093	-0.837633	0.201508	-0.122411	0.017725	-0.239089	0.333018	-0.238830	-1.161870	-0.806971	0.013748	-0.108996	0.641811	0.215095	-0.485303
	0.829103	0.639555	-0.544078	-0.180868	0.828930	-0.196213	0.310265	0.067810	0.230859	0.025733	0.400710	-0.660137	-0.086749	-1.440146	-0.684346	-0.256427	0.247505	-0.982424	-0.392570
	-0.655214	0.235574	-0.285280	-0.149377	0.318514	0.660130	-0.690336	0.524134	-0.089075	-0.173647	0.139775	0.881322	0.503080	-1.107429	-1.933237	-0.398960	0.303229	0.574018	-0.273950
	0.285081	0.218765	1.011401	0.000503	0.819800	0.645988	-0.370103	0.442238	-0.410677	-1.191352	-0.031430	0.076765	-0.863022	1.139075	-0.130283	0.009271	0.045461	-0.895651	0.751838
	-1.341341	0.808484	-0.542158	-0.848572	0.166594	0.616662	-0.393388	0.180330	-0.290816	-0.605519	-0.567220	-0.214181	0.144110	-0.238201	0.139140	-0.171036	0.553029	1.274980	-0.391399
	-1.021357	0.710036	-0.022690	0.098471	-0.465461	-0.173740	-1.081834	0.015786	-0.006010	-0.208153	0.274299	0.255565	0.024776	-0.366952	0.210695	0.530321	-0.443992	-0.165686	0.954930
	0.161111	-0.173404	0.028475	-0.281065	0.539672	0.038330	-0.127470	0.036187	0.080174	-0.375441	-0.187105	-0.307436	-0.815476	0.003069	-0.022677	-0.288752	-0.589214	0.175523	-0.096156
	-1.348970	0.419128	0.463984	0.274595	-0.098214	-0.096089	0.627693	-0.235266	0.044678	-0.488424	-0.039852	-0.581714	0.098355	0.746890	0.617745	0.472882	-1.428798	0.209904	-0.381663
	-0.129583	0.542890	1.623685	1.861457	0.054534	0.032912	0.385760	-0.155574	0.589060	-0.352593	0.465763	1.136934	0.940963	1.744670	1.160857	0.236238	-1.345999	1.787399	2.091596
	-0.272005	0.730531	0.842525	0.986213	0.521980	0.734739	1.154870	0.259094	1.116487	0.684486	0.949855	0.352362	0.594123	1.245620	-1.509426	-0.135319	-1.004250	0.110571	1.252353
	-0.363369	0.175429	-0.101264	-0.208239	0.034270	0.152989	-0.109033	-0.610857	-0.415607	-0.943251	-0.500911	-0.017688	0.392375	-0.486397	-0.476058	0.122580	-1.227864	1.026815	0.197987
