	0.322186	0.659735	1.413708	0.591318	-0.056138	-0.059344	1.666928	1.522382	0.775409	1.375629	1.210246	0.431412	0.374453	0.924300	-0.490208	1.084855	1.878566	0.812773	0.324632
	-1.500775	-0.884086	-1.121649	-1.368515	-0.105836	-0.912662	-0.117103	-0.749201	-0.417290	0.485705	-1.648685	-0.995387	-0.469337	-0.540305	-1.620673	-1.150456	-1.141079	-0.257604	0.285207
	-1.258286	-0.989947	-0.656000	-1.153923	-0.608236	-0.899647	-0.875647	-0.797513	-0.838155	-0.219511	-1.321212	-0.549492	-0.092275	-0.395600	-0.794334	-0.187187	-0.315488	0.262915	-1.502202
	0.644330	0.138972	0.045367	-1.247837	0.337853	-0.108841	-0.578488	0.587218	0.730637	-0.381523	-0.243818	-0.020565	-0.870641	1.439623	-0.112169	0.435287	0.728740	0.331401	0.081075
	1.057031	1.057727	0.557106	0.525741	0.545506	1.338472	1.498031	1.075615	1.397758	1.550889	0.701374	0.350406	0.735518	0.535981	1.391493	1.365081	1.041382	0.754870	0.633558
	-0.051270	0.599774	-0.286456	-0.894148	0.987502	0.117555	0.523392	0.039471	0.652460	1.534906	0.065675	-0.341016	1.280142	-0.284461	-0.865088	-0.283491	-0.027248	-0.472036	-0.095414
	-0.344637	-0.247376	-1.184099	0.219757	0.047950	-0.367705	0.058744	-0.399730	-0.504561	-1.657820	0.165325	-0.034643	0.627632	0.245746	0.317306	-0.220611	0.214214	0.406475	-0.435460
	-0.816906	-0.280205	-0.693381	0.310368	-0.811073	0.328402	-1.211950	-0.017469	0.317173	-0.314432	0.942377	-0.902831	-1.549998	-0.546506	-0.180486	-0.297085	0.164864	-0.974462	-0.266029
	0.939858	-0.014918	1.633907	1.000951	-0.726077	0.346135	0.622325	1.245679	0.536007	1.012646	0.402780	-1.498131	-0.096005	0.574107	2.063721	1.174312	1.056980	-0.651888	0.829888
	-0.437603	0.263239	1.124560	1.908874	-0.987358	0.465834	0.275335	-0.153106	0.311962	-1.322090	0.583757	0.795957	0.401237	-0.737638	0.327226	-0.998384	0.378876	-0.452437	0.001019
	0.473702	-0.423467	-0.541605	0.464027	0.002262	-0.252156	-0.744919	-0.610643	-0.865377	-1.034608	-0.689375	0.305641	-0.567681	0.229014	0.263181	-0.631115	-1.159022	-0.674819	-0.363975
	0.621089	0.406679	-0.310263	-0.550009	1.523608	0.831959	-1.032355	-0.771197	-0.770548	-1.122887	-1.552273	0.619505	-0.308291	-0.446179	0.847585	-0.615046	-1.181217	0.018179	0.002225
	1.382669	1.175958	0.437074	0.907278	0.839635	1.195809	0.474624	0.147405	0.756499	0.326036	0.752735	1.123039	0.644169	-0.980491	-0.243840	0.319140	0.759399	-0.376484	0.078848
	0.337572	0.228467	0.780106	0.560384	2.001472	0.117243	0.884992	-0.187287	-0.110188	0.396201	0.758475	-0.208078	-0.611282	-0.633821	-0.762264	0.373862	0.476814	-0.129410	0.408197
	-1.557571	-0.770901	-1.299257	-1.065220	-1.273649	-0.748304	-1.574274	-1.498145	-1.249081	-0.644522	-0.299037	0.359691	-0.343267	-1.087586	-0.933255	-1.185284	-1.144436	-0.994748	-0.015024
	-0.145843	-0.608887	-1.044926	-0.898730	-0.860018	0.125649	-0.468354	-1.376095	-2.057105	-1.726758	0.256691	0.125115	-0.959965	0.404182	-0.172484	-0.339390	-0.587838	-0.899012	-0.340170
	-0.138600	0.255488	-0.315596	0.489667	-0.877112	-1.073135	-0.908604	-0.615100	-0.959999	-0.265893	0.203717	0.077747	-0.202830	0.417570	-0.386097	-0.261738	-0.743045	-0.747276	-0.189249
	0.075641	-1.076037	-0.010085	1.070646	-0.059435	0.431624	-0.514845	0.222324	1.235404	0.967110	0.199914	1.359334	0.369846	-1.169516	-0.656731	0.623859	0.942214	0.426113	-0.499884
	0.074154	-0.099883	0.107002	0.212922	0.472756	-0.612191	0.264735	0.112487	-0.208661	0.265877	-0.753011	-0.539719	0.931837	-0.356141	1.182102	1.184471	-0.389078	0.367382	-0.078211
	0.392772	-0.424742	-1.472481	-0.874292	-0.426159	-0.422737	-1.068787	-0.765228	-0.260747	0.116081	-0.344603	0.151990	0.671775	-0.803990	0.999391	-1.930269	-0.104534	0.086899	-0.362102
	0.174393	-0.359460	0.676874	-0.114221	0.032869	-0.049410	0.325011	-0.124860	-0.682279	-1.216348	-0.017648	0.348384	0.336802	1.092473	1.361145	0.138641	-0.784479	-0.169076	-0.158155
	0.687166	-0.227546	0.538871	0.831867	0.796852	0.065780	0.200268	0.052596	0.599843	-0.180323	0.290798	-0.354489	1.129360	0.420458	0.166754	-0.719423	0.234922	0.788377	0.637414
	1.112772	1.108934	0.599780	0.653220	-0.386538	-0.275986	0.666564	0.336662	0.408741	0.923066	0.172540	0.550385	1.086231	0.659630	1.916849	0.720739	-0.143112	0.638814	-0.293174
	0.243779	0.090482	-0.262677	-0.476051	-0.245854	-0.438423	1.145021	-0.091572	0.347067	1.238741	0.042503	0.354294	-0.556216	0.929158	1.131191	-0.057967	0.355726	0.885966	1.335384
	-0.460188	0.452037	-0.442298	0.270957	-0.223173	-0.243055	-0.816834	-0.687047	-0.918488	-0.388078	0.703677	0.882008	-0.346414	-0.403860	0.223606	0.661432	-0.235808	0.373466	0.436402
	0.077094	-0.335601	0.811357	0.289384	-1.213104	-0.392576	-0.501302	-0.244068	0.192985	0.627977	0.752889	-0.265119	0.589040	-0.021952	0.047203	0.151660	-0.517565	0.919847	0.050462
	-1.113079	-0.324467	0.368555	0.653763	-0.220999	-0.059907	-0.123561	0.622730	-0.238753	-0.989261	0.176885	0.047973	-0.106971	0.620758	0.370706	0.067843	-0.529914	-0.709898	-0.693232
	0.638429	0.484370	0.511542	0.308564	-0.348366	0.430703	-0.589779	0.035291	-0.047597	-1.344424	0.220610	0.007634	0.788589	0.890962	-0.600918	-0.344986	-0.694849	-0.851282	0.635351
	0.555635	0.856263	-0.505592	-0.609978	0.873957	-0.394366	0.085178	0.388160	-0.333147	0.151282	-0.310938	0.473849	-0.376215	-0.498491	-0.551362	0.501130	0.502600	-0.935374	-0.157097
	-0.296414	1.130050	-0.839010	-0.016915	0.599507	0.492841	1.194935	1.109525	1.212445	0.785985	0.829576	0.306589	-0.191145	-0.990109	-0.749015	0.382300	0.235510	1.071186	-0.991152
	-0.518339	0.077818	0.188094	0.090481	0.087415	0.476329	-1.508518	1.211124	0.339738	0.733628	-0.402181	0.014691	-0.388876	-0.098494	-0.058610	0.901498	0.643220	0.418447	-0.043132
	0.412801	-0.039038	-0.481906	-0.664053	0.489638	0.264531	-0.881267	-0.199507	-0.305739	0.524256	0.295367	-0.703868	-1.014100	0.519829	0.322339	0.164324	-0.308892	-0.365833	0.356416
	-0.653988	0.207717	0.330903	-0.665257	-0.399213	0.146720	-0.488824	0.490418	0.277450	-0.858725	-0.654740	-0.068693	0.328375	-0.692168	0.407442	-0.349703	-0.453647	0.788855	0.662523
	0.429923	0.290882	1.090990	1.124615	-0.269032	-1.190736	0.858543	1.375162	0.183529	0.709703	-1.379156	-0.536823	-0.491921	0.460780	0.120539	1.108689	0.459955	-0.148996	0.383867
	1.352261	0.792419	1.393060	1.644500	-0.286627	1.150443	1.641101	1.070162	0.432726	1.414643	2.121420	-0.225245	0.071055	0.835462	0.635582	1.654355	2.485115	-0.103048	0.245813
	-0.109439	-0.758056	0.547484	-0.083448	-0.547022	0.516261	-0.487459	0.210307	0.530139	0.240243	0.744323	-0.085735	-0.060573	-1.031202	-1.375968	-0.537934	-0.077601	-0.322288	0.794496
	-1.154490	-1.019583	-0.937351	-1.078153	-0.391830	0.735759	0.200037	-0.241599	0.065845	0.219609	-1.387336	0.051251	0.084570	-1.163737	-1.396717	-0.189494	-0.582710	0.513701	0.688924
	-0.893145	-1.162809	-0.584072	-0.329259	0.258866	0.927680	0.864361	-0.019766	-0.048409	0.006159	0.221564	0.579631	-0.525660	1.859534	1.560981	0.505238	0.678667	0.537048	-0.423409
	-0.324210	0.650408	0.519422	0.210563	0.650642	-0.428540	1.934922	0.206690	0.335526	0.960989	1.468984	1.542734	1.032802	1.217314	0.986658	-0.053203	0.749855	0.880841	-0.561592
	-0.754676	-0.561737	0.219426	-1.103319	0.378018	-0.857794	1.327181	-0.540672	-0.708434	-1.673617	-0.483387	-0.168281	-0.600108	0.538141	-0.959992	-1.386304	-2.377902	0.073159	0.124335
	-0.329409	-0.857508	0.033931	-1.504850	-0.689822	-1.224296	-0.008702	-0.552464	-0.450576	-0.381438	-1.755548	-0.138139	-0.921697	-0.730922	-1.072410	-0.203851	-0.958319	-0.873195	-0.533807
	0.899558	-0.864362	0.175878	0.338765	-0.120791	-0.228249	1.814637	0.347756	-0.093752	0.495763	0.263974	-0.404021	-0.241059	1.330943	1.036284	0.366983	0.945022	0.802728	0.758065
	-0.453157	-1.628021	-0.707131	0.063453	0.430907	-0.351753	1.167887	0.272766	0.008733	0.587478	0.052792	-1.448821	-0.382756	-0.560845	-0.698033	0.168278	-0.268752	0.689300	-0.454431
	-1.667681	-0.433425	-1.640089	-1.681528	-0.536012	-1.472324	-1.084991	0.091778	-0.572036	-0.626603	-1.159540	-0.660844	-0.082221	-2.238941	-3.488086	-0.552515	-1.191501	0.205316	0.437419
	-0.863649	-1.261468	-1.209984	-1.692997	-1.320642	-1.348204	-1.308028	-0.863157	-0.754279	-1.013745	-1.461016	-0.240923	-0.980386	-1.102650	-1.620946	-0.841116	-0.778746	0.074940	-0.677797
	-0.768810	0.278814	0.011743	0.798793	0.946143	-0.377285	0.640905	-0.094527	-0.638383	-1.255374	0.080952	-0.368217	-0.630084	0.025110	0.001077	-0.972592	-2.545231	-0.253429	-0.485321
	-0.248919	-0.619870	-0.623811	-0.126500	0.977747	0.629503	0.665912	-0.219118	0.749522	-0.406915	-0.047986	-0.813181	-0.530935	0.231779	-0.256905	-0.278852	-0.389037	-0.270209	-0.955021
	-0.149085	0.357578	-0.127694	-0.557891	0.508305	0.539238	-1.057108	0.005838	0.085565	0.255656	0.033740	0.230844	0.293190	-0.085678	-0.040022	-1.074058	0.558107	-0.556134	-0.780465
	-0.534702	0.024601	-0.524556	-0.169692	0.277601	0.384055	-0.980646	-0.814111	-0.369097	-1.314560	-1.265343	-0.925852	-0.740961	-0.287575	-2.167429	-0.886845	-1.491919	-0.284492	0.375753
	-1.001326	0.002872	0.544813	-0.075725	-0.410564	0.151384	-1.216979	-0.782873	-0.855382	-0.652592	0.402489	-1.370425	0.549580	-0.079605	-1.434004	-0.762678	-1.118734	0.025256	-1.042542
	0.186441	0.031050	1.488152	1.126942	-0.020061	0.847969	-1.247820	0.071401	0.426323	-0.080545	0.229808	0.184342	-0.004299	0.341703	0.560280	-0.118950	-0.112653	0.379076	-0.383140
	1.171553	0.266255	0.116685	0.398097	-0.367848	-0.413910	-0.585876	0.775509	0.589579	0.895407	-0.030567	0.915959	0.352383	0.129343	-0.967755	0.201761	1.439063	-0.299113	0.591866
	0.643962	0.929086	0.342862	0.322529	0.500340	-0.161676	1.561527	-0.411414	1.079727	0.276436	0.135164	1.807983	1.424869	0.774078	1.728385	0.155618	1.290464	1.220299	0.855878
	1.042853	0.570131	0.217272	-0.375493	1.305605	0.471972	1.287196	0.384050	0.667646	0.405055	-0.207451	1.692297	-0.201932	-0.489865	1.434368	0.816433	1.495048	0.021437	0.533259
	1.410326	1.176936	1.434179	0.235829	0.253627	0.780879	0.253093	0.495443	0.612243	1.232812	0.882174	-1.036554	0.524577	0.794074	-0.109021	1.199660	1.157371	0.377444	0.073193
	0.272638	0.675090	1.121734	1.291271	0.383225	1.076004	0.537002	0.000781	0.403466	0.421895	0.020381	-1.134809	1.016886	0.771656	0.389335	0.097947	0.528584	-0.109619	-0.044898
	-0.141636	0.407355	-0.256200	0.443062	0.279845	1.233078	1.093936	-0.083043	-0.225798	-1.411280	-0.252128	-0.738242	0.420160	-0.764230	0.570386	0.650884	0.956969	0.107664	0.500801
	1.691351	1.366713	-0.306407	-0.267182	0.506385	-0.002038	0.183768	-0.190149	-0.257815	-0.293700	-0.214923	-0.672340	1.114763	-0.326920	1.005018	-0.337815	0.346813	0.217629	1.066696
	-0.089199	2.000642	1.539201	0.190432	-0.169221	0.124687	-0.428088	0.062349	0.351235	1.123011	1.526639	-0.281864	-1.395509	-0.304875	0.591096	0.535797	-0.005264	-0.393348	0.465774
	0.381821	0.247146	0.444253	0.655463	-1.177528	-0.367139	-2.414548	0.177527	-0.003170	0.374151	0.011105	-0.035705	-0.943367	0.003423	0.266281	-0.443577	-1.227020	-0.399972	-0.184797
	0.635892	-0.819542	-0.808192	-0.442990	-0.637058	-0.153589	-0.956378	-0.667375	-0.007918	-1.446823	-1.649018	-0.099792	-0.527354	0.070604	-1.260319	0.218063	-0.265807	-0.342408	-1.080780
	1.008184	1.040788	-0.206627	0.275315	0.538807	1.718224	-1.251066	-0.033609	-0.067588	-0.425624	-1.362742	-0.672882	1.129331	0.109805	-0.197019	-1.771955	-0.444619	-1.327280	-0.120276
	0.880352	1.113564	1.221862	-0.258978	0.020806	0.353462	-0.783480	-0.243271	-0.045259	0.245044	0.316735	0.683747	0.067945	0.439351	0.022769	1.080919	0.155824	1.028922	0.096833
	-0.496419	-0.769210	-0.267644	-0.546581	-0.776243	-0.107582	-0.914316	-0.365825	0.182724	0.201100	0.333717	-0.759046	-0.808357	0.211957	-1.431552	-0.713912	-0.376320	0.289877	-0.695569
	-0.436867	-1.162097	-0.496705	-0.286851	0.211239	-1.595510	-0.175447	-0.149928	0.240401	-0.147389	-0.022002	-0.519821	0.381409	0.247405	-0.068020	0.324519	0.742534	-0.488789	0.655615
	0.269837	-0.097921	-0.833055	-0.351622	1.179406	-0.585270	0.974373	-0.076361	0.080573	0.169791	-0.100252	1.048446	-0.124037	0.797414	0.139825	0.115494	1.579550	0.818635	-0.207344
	0.295360	0.153323	0.160988	-0.005024	-0.400900	-0.557353	-0.395182	-0.110346	0.164568	0.866091	-0.568607	-0.212113	-1.662482	-0.022838	0.043047	0.157465	-0.596849	0.946199	-0.847310
	0.190452	-0.085158	0.756608	-0.125073	1.180012	0.995560	0.581044	0.522985	-0.023179	0.539703	0.809824	-0.118639	-1.738298	0.985227	0.628182	-0.328974	-0.706271	0.694615	0.077978
	0.344513	0.463624	0.993176	0.421216	0.620090	0.153088	1.071265	0.381008	-0.531665	0.205121	-0.012543	1.230210	-0.034288	-0.054687	0.764782	-0.346864	-0.118952	-0.373449	0.551099
	-0.561886	-0.079434	0.921450	1.350729	-0.498493	0.169107	0.287639	0.234846	-0.161346	-0.567324	0.687984	0.660739	0.360846	0.145831	-1.001196	-0.907987	-0.573718	-0.387554	0.547160
	-0.122539	-0.208957	-0.386258	0.261169	0.018806	0.951615	0.713155	-0.080269	0.313826	0.407578	0.525874	0.323912	0.918192	-0.375605	-0.333396	0.795564	-0.197766	-0.653951	-0.285573
	-0.247502	0.411655	-0.268540	-0.372012	-0.418175	0.949304	-0.476857	-0.181435	-0.955207	0.401293	0.375234	0.316515	0.179730	-1.226250	-0.416157	0.241806	-0.548608	-0.466871	-1.367200
	-1.962925	-0.560770	-0.496095	-1.310760	-0.783162	1.122482	-1.020898	-1.037506	-0.082518	-1.019309	-0.616747	0.060287	-0.107604	0.805805	0.035374	0.662336	-1.773639	-1.030582	-0.192128
	-0.626771	-0.621431	-0.641257	0.044776	0.331797	0.010704	0.442100	-0.587673	-0.054504	-0.541587	-0.334838	0.214679	-0.115119	-0.952039	-0.291095	-0.247265	0.772481	0.383152	0.660218
	0.892969	-0.231986	0.323448	1.253793	-0.173168	-0.233258	-0.518622	0.458091	0.496690	1.123614	0.045327	0.652743	0.245288	-0.068741	-0.443054	0.033374	0.304613	0.297567	0.591605
	0.362266	0.143153	-0.615532	-0.475609	-1.269272	-0.192122	-0.690258	0.425134	-0.438898	0.696551	0.865337	1.123829	0.591015	-1.657786	-0.600414	0.596805	-0.660542	0.855059	1.408431
	-1.080583	-0.872265	-1.188144	-1.160506	-1.524063	-0.245311	-0.633927	0.275032	-0.856618	-1.619100	-0.081852	-2.027534	0.079640	-0.492921	-0.985072	-0.223948	-1.043834	-1.158731	-1.533664
	-0.333189	-0.569932	-0.147541	0.274660	-0.898380	-0.506994	0.115645	0.160778	-0.204850	-0.915936	0.146137	-0.324690	-0.047575	0.557962	1.501350	0.913408	-0.169070	-1.329638	-1.035938
	1.646258	0.770544	1.165393	1.877375	1.290568	1.289323	2.374765	0.272949	0.521361	0.381068	1.751454	0.802771	1.263334	1.202922	0.862060	0.033717	1.218991	-0.936003	-0.483368
	0.163519	0.400072	0.330611	0.322922	1.260758	-0.233290	-0.373512	-0.060969	-0.100990	-1.013332	-0.648150	0.107503	1.474516	-0.316503	0.166852	-0.110142	-0.803913	0.609054	0.664952
	-0.717793	-0.283297	-1.317962	-0.839394	-0.645359	-0.560970	-0.764770	0.294206	-0.936167	-0.170156	-0.226338	0.505905	0.337063	-0.274313	-1.006762	-0.246631	0.201847	-0.780311	1.006837
	-0.090111	-0.066262	-0.595563	-0.284750	-0.127841	-0.969987	-0.269211	-0.404400	-0.079006	-1.503296	-0.021095	0.846465	-0.439825	-0.314379	0.266068	-0.570880	-0.228955	-0.250139	0.355854
	0.587826	0.497243	1.222594	0.463496	0.097569	-0.131310	1.636250	0.495544	0.827274	0.458686	0.599708	0.237615	-0.009984	0.622059	1.109947	1.701113	0.821869	0.114051	0.198642
	-0.005909	0.358619	0.591925	0.107457	0.074199	0.337777	0.421272	0.677819	0.723593	1.598285	-0.691297	0.059727	0.026984	-0.361679	-0.586910	0.093169	1.622470	0.863829	-0.520083
	-1.028712	-1.023658	-0.807451	-1.237461	-0.197757	0.045033	-1.421780	-0.276733	-0.199178	-0.400227	-1.520091	-0.451709	0.152422	-0.707081	-0.482690	-0.457824	-1.205816	1.698524	-0.542699
	0.508899	-0.116004	-0.678315	-0.211188	-0.059146	0.133352	0.334333	0.001182	-0.088917	-1.174256	0.274989	-0.522921	0.616110	0.623994	0.397717	-0.448265	-0.291051	0.147265	-0.410961
	0.201244	-0.066272	0.615986	0.973818	-0.753332	0.146446	0.386938	0.147165	1.173777	1.091341	0.426982	-0.239151	0.841754	-0.637356	0.819933	0.502835	0.976395	-0.297425	-0.008966
	0.082361	-0.823855	0.229570	1.063275	-0.158849	-0.474588	0.059612	0.097918	0.027915	0.202045	1.017051	-1.219648	-0.254689	-1.061719	0.472666	-0.299396	-0.188735	0.370760	1.038867
	-1.608489	-0.964797	-0.433832	-1.139096	-0.402950	-0.685701	-0.418243	-0.707842	-0.372993	-0.375423	-0.455902	-0.125451	-0.405388	0.131510	-0.363456	0.218840	-0.594376	0.013775	0.012275
	-1.416294	-1.234230	-1.569214	-1.327211	0.119288	-0.586514	-1.306856	-0.323380	-1.419780	-0.375960	-0.903841	0.700760	-0.833873	-0.572401	-0.259545	-1.151953	-1.108368	-0.735554	-0.064307
	-1.216637	-1.058825	-1.127282	-0.804619	0.198722	-0.424935	0.448180	-0.177445	-0.742591	1.560668	0.891778	-0.877248	-0.522553	0.269571	0.508953	1.017387	0.617129	-0.070615	0.996658
	0.309174	0.950308	1.027747	1.103202	0.570493	0.408118	0.499508	-0.286731	0.444611	0.998657	1.173688	-1.361181	0.433094	0.973901	0.306458	0.534793	-0.153243	0.328786	0.408673
	0.271219	0.863163	-0.319393	-0.607988	0.891110	-0.723892	0.409681	-0.087546	0.144425	-0.190001	-0.175879	-1.698244	-0.432528	-0.555758	-1.265822	-0.565856	-0.125816	0.022295	0.291869
	0.646170	0.272752	-0.614639	0.145140	1.052260	0.127069	-0.654879	-0.689910	-0.924231	0.064166	-0.865634	-0.304544	0.887987	0.362147	1.300734	-0.164496	-1.355072	-0.393071	-0.611907
	1.327613	0.790297	0.683084	1.137203	0.316950	-0.549536	0.249333	0.240231	-0.113067	-0.506294	-0.097415	0.768832	-0.621290	0.161325	-0.131809	0.436295	0.497189	-0.338243	-0.456237
	0.532490	1.023806	0.793334	0.895113	0.562434	0.693089	1.225802	0.176670	1.230656	-0.368957	-0.794337	-0.342622	-0.441946	-0.023790	0.678405	-0.008915	1.173770	-0.173228	0.309044
	1.348398	0.140961	-0.116004	0.504157	0.430388	0.522420	-0.152898	0.397353	0.688686	0.701577	-0.093251	1.152469	1.240416	1.076465	-0.159418	-0.115301	0.892548	0.993855	0.124306
	-0.924923	-0.567842	0.055998	0.414653	-0.303052	-0.781990	0.044093	0.334057	0.202780	0.232470	0.861221	-0.054465	0.191257	-0.356450	0.239138	0.085718	0.203176	-0.233280	-0.491066
	0.560957	0.246725	0.872626	0.721796	-0.535692	-0.383819	0.066856	0.362157	0.226225	0.343903	-0.618337	-0.044833	0.703993	0.365044	2.656077	1.000782	-0.085850	0.240584	-0.449184
	1.074527	0.856706	1.133356	0.536219	0.629933	-0.231084	0.326185	0.527739	0.831106	0.295991	1.102432	0.863318	0.133268	2.030006	2.118546	0.854756	0.310626	0.173857	-0.179531
	0.797005	-0.509357	0.055821	-0.635339	-0.586025	0.184330	-0.078713	0.435898	-0.187150	-0.098958	-0.102561	0.361760	-0.064730	0.107657	0.201433	-0.267271	0.536977	0.142875	0.472443
	1.193109	0.714313	0.869730	0.330243	0.623642	-0.280773	-0.583576	-0.623653	-0.190471	0.232719	0.690171	0.492250	-0.828937	0.597095	0.523879	-0.557584	-0.287051	0.686537	0.334252
	0.705116	-0.221269	1.115955	0.492726	-0.390971	-0.922482	-0.133431	-0.146156	-0.271001	0.400706	0.633541	0.546478	-0.508568	-0.277269	-0.858588	-1.394719	-1.094423	-0.736474	0.223769
	0.027088	0.121043	-0.058165	0.446014	-1.088517	0.107155	-0.322872	-0.314785	-0.529286	-1.200476	-1.573427	-0.199583	-0.737721	-0.749066	-0.666227	0.460478	0.055800	-0.656563	-1.331575
	-0.827013	-0.428140	-0.154634	0.044054	-0.185864	-0.550607	-0.235375	-0.013253	0.456744	-0.506769	-0.772393	0.204447	-0.099468	-0.985149	0.060663	-0.192926	1.607374	-0.718708	-0.649984
	-1.431329	-1.223224	-0.056442	-0.053984	-1.010643	-0.023749	-0.278853	-0.037149	0.018122	-0.301930	0.250946	0.338499	-0.303012	0.615677	-0.111939	-0.323566	-0.086834	-0.973581	-0.695884
	-0.937061	-0.834559	-0.774399	-0.198102	-0.547059	-0.626991	0.378792	0.049873	-0.203703	0.226990	1.110750	0.093851	0.322851	0.478978	0.533801	-0.595529	-0.652893	-0.451420	-0.382168
	0.596057	0.227756	-0.013055	0.717013	0.628824	-0.196670	1.570116	0.492076	0.465356	-0.316172	1.453263	0.831238	0.392358	1.296110	1.506624	-0.088444	1.153319	0.622349	0.412805
	-0.660664	-0.161932	0.285142	0.265645	0.180797	-0.020502	1.603307	0.128547	-0.064873	0.521645	0.807661	0.327581	0.186056	1.031943	0.855136	-0.355122	1.830647	1.445404	1.390500
	-0.401180	-0.336374	-0.155114	0.249844	-0.953740	0.043616	0.494659	0.204816	0.140284	0.777083	1.202894	1.045942	0.851159	-0.513384	1.446206	0.808491	1.007896	1.493842	1.044970
	-0.972012	-0.473030	-0.437274	-0.950017	-1.364328	-0.760533	-0.057229	0.635880	0.560222	0.052873	-0.326379	0.141494	-0.368209	1.160647	1.008708	0.236145	1.092367	0.061917	1.109249
	0.029449	-0.073157	-0.544366	-0.060881	-0.939088	-0.004931	0.878451	0.483144	0.716223	0.691689	1.335902	-0.272060	0.552387	0.330911	0.886348	0.306250	1.690768	1.031873	0.774321
	-0.620170	-0.123682	-0.313227	0.150809	0.054947	-0.147003	1.066747	0.817023	0.671046	0.431529	1.334192	0.610286	0.241777	0.083179	0.782312	0.255629	1.025883	-0.196359	-0.302963
	-0.806875	-0.625047	-0.463570	0.040234	0.793999	0.356098	0.532127	-0.274028	-0.354349	-0.437633	-0.109922	-0.435615	0.565641	0.676356	0.754908	0.613999	1.972522	-0.861305	-0.388259
	-0.010842	0.061187	0.025516	0.550409	-0.528777	-0.307681	0.000956	0.061475	0.399962	0.357100	0.498472	-0.176514	-1.180516	0.114788	0.751524	0.539949	1.318921	-0.015028	-0.522694
	0.274888	1.406100	0.820968	0.460865	0.236248	0.222628	0.364953	0.556698	0.915507	1.203273	0.092344	-0.834692	-0.517419	1.128433	1.352064	0.545655	0.857181	-0.802724	0.604939
	1.520353	1.508455	1.409821	0.321659	0.740056	-0.114132	1.016088	0.542892	0.546075	1.819687	0.443344	0.093787	-0.220532	0.482237	0.863875	0.370671	0.492791	0.395986	0.796977
	0.207945	0.449525	0.986191	0.844811	0.081021	0.193268	-0.504859	0.027675	0.147910	0.844038	0.190842	-0.422760	0.136220	-0.801213	-0.392785	0.189277	0.901170	-0.047410	0.505842
	0.756941	1.242559	-0.162450	0.189503	1.033179	1.208400	-0.604551	-0.628926	0.356241	0.180200	0.254177	0.783438	0.601480	-0.723054	-0.361940	0.493143	0.484392	0.335071	-0.171906
	0.671708	1.180665	0.765858	0.122008	0.990678	-0.285942	-1.328361	-0.466620	-1.071297	-0.091452	-0.626889	-0.645011	0.312044	-1.209685	-1.613013	-0.018717	-1.395789	0.228561	-0.184807
	1.038976	0.786898	0.360964	-0.126261	0.290907	-0.057665	0.709186	0.438456	0.434613	1.253953	-0.229921	-0.260464	1.060171	-0.018046	-1.332403	-0.223011	-0.008748	-0.096789	0.123844
	-0.567600	-0.911827	-1.171133	-0.852877	-0.101074	0.011822	0.648373	0.887903	0.739728	0.392633	-1.554668	0.245594	0.142770	-0.989105	-0.251049	0.150799	0.160587	0.406130	0.783251
	-0.437134	0.020054	-1.152658	-1.252428	-1.193511	0.831650	-0.115667	0.226162	0.001805	-0.061035	-1.440834	0.393334	-0.528428	-0.820680	-1.413667	0.355039	-0.269810	-0.022942	0.622136
	-0.780022	0.137174	-0.576023	-0.248607	0.563757	0.685228	-0.465350	-0.273486	-0.769917	-0.947842	-0.958873	-0.029364	-0.392647	-0.318933	-0.120939	-1.008249	-0.555917	-0.188852	0.886289
	-1.165709	-1.202302	-1.275169	-1.370508	-0.235796	0.817279	-1.675345	-1.266905	-0.580500	-1.223757	-1.033253	0.107804	-0.727847	-1.835704	-1.111489	-0.699248	-0.994751	-0.778508	-1.145970
	-0.923038	-1.313592	-1.716337	-1.424773	0.615149	-0.169087	-1.120583	-0.170459	0.199811	-0.283622	-0.534290	0.571721	-1.592242	-1.031242	-1.942035	-0.470040	-0.951821	-1.942021	-1.742622
	-0.872767	0.086675	-0.808162	0.058757	0.393212	-0.109448	-0.137227	-0.196053	-0.179475	0.297869	0.170070	-0.405643	0.132019	-0.368044	-0.411642	-0.354656	-0.743347	-0.434475	-0.187932
	-0.949614	-0.326348	-0.403905	0.042255	0.049350	0.077858	-2.229752	0.065408	0.028311	-0.891581	0.266491	-1.314987	0.381285	-0.183434	-0.128827	-1.095047	-1.010457	0.012234	-0.522467
	-0.050165	-0.222608	-0.559093	-0.222424	0.315489	0.171283	-2.413374	-0.791067	-0.602593	-1.749681	-0.124136	-0.365613	-0.824316	-0.457584	0.811418	-0.312450	-1.787069	0.013928	-0.534688
	0.503330	0.812958	-0.519321	-0.055217	0.695314	0.203396	-0.992192	-0.488162	-0.074417	-1.812800	-1.079758	0.000899	0.434948	-0.279939	-1.439479	-0.735217	-1.267760	0.099027	0.155286
	-0.285422	-0.398219	-0.649490	0.184405	0.299504	-0.227934	-0.597791	-0.781069	-0.884314	-0.989290	-0.534639	-0.399454	-0.241674	-1.497837	-1.240732	-0.702938	-0.064976	0.106355	0.074240
	-0.237919	-0.887032	-1.459641	-0.028016	-0.531471	0.599171	-0.020741	-0.759586	-0.998781	0.292087	-0.157796	1.092476	0.612112	-0.141228	0.796469	-0.563740	0.126614	0.074436	-1.230035
	0.160338	0.009363	-0.046297	-0.626843	-0.488572	-0.373815	-1.586396	-0.097233	-0.249340	-1.140025	-0.683325	-0.535869	-0.753510	-0.304586	-1.272472	-1.254405	-1.389398	0.029212	-0.230719
	0.775615	0.183400	-0.344978	-0.687773	-0.022679	0.072414	-1.890638	-1.462077	-1.271426	-0.923880	-1.536512	-0.748632	-1.099677	-0.814666	-1.065455	-1.136898	-0.467862	-0.488848	-0.784164
	0.249319	-0.205907	0.056891	0.260846	0.328745	0.209441	-1.816443	-0.955683	-1.367659	-0.630137	-2.450012	0.920132	0.770477	-1.031396	-0.805720	-0.892475	-0.306211	-1.284357	-0.898538
	0.262127	0.468382	-0.314338	-0.730659	-0.597401	0.370720	-0.102119	-0.771849	-0.781537	0.447368	-1.107846	0.385012	-0.495268	-0.093208	-1.283214	-0.119068	-0.674923	-0.212680	-0.402137
	0.337806	0.115143	-0.357283	-0.036353	-1.206040	-0.171965	-0.255753	-0.218659	-0.340445	0.442370	-0.061935	-0.113875	0.161667	-0.074221	-0.706625	0.036793	0.722795	-0.345028	0.109684
	-1.055455	-0.319680	-0.614991	-0.655498	-1.340966	-1.391984	0.882717	0.223630	0.139274	0.665323	-0.542880	0.664372	0.564813	-0.397458	-1.337782	-0.219985	-0.701137	0.008901	0.541028
	-0.790274	-0.516232	-0.823697	-1.737989	-0.490386	-1.800493	-0.003875	-0.670567	-0.508603	-0.321845	0.000577	-0.726342	-1.013352	0.408799	0.433872	0.836868	0.256711	-0.187343	0.227202
	-0.225333	0.381631	-0.864586	-1.325793	0.377035	-0.246575	-0.370568	-0.301675	-1.111056	0.586811	0.993459	-0.969954	-1.162531	0.738565	-0.323649	0.390452	-0.529285	0.365974	0.431999
	1.157673	0.746567	0.126697	0.059341	0.753128	0.904107	1.303484	0.527658	0.476651	0.921826	1.803465	1.308080	0.051021	-0.289750	2.026926	1.231395	1.086528	-0.254766	-0.598363
	0.089395	0.254329	0.868013	0.020760	0.578609	-0.271426	1.714183	-0.221054	-0.079405	1.032709	0.244143	0.078470	0.356074	0.107833	-1.096625	-0.218030	-1.478062	-1.033882	-0.426720
	-0.734169	-0.242675	-1.233615	-0.585074	-0.498014	0.118230	-0.033384	-0.049906	-0.132437	0.266681	0.521222	-0.704051	-0.483385	0.023831	-1.783930	0.916188	-0.585645	-0.809104	-0.878297
	-0.252183	-0.843175	-0.939579	-1.471073	-0.747666	-0.103292	0.206771	0.079006	-0.457271	-0.275234	0.182224	-0.983717	-0.848466	-1.069668	-0.174375	0.142384	1.062517	-0.289762	-0.976011
	-0.603995	-0.674661	-0.532004	0.330073	0.915571	-1.010119	0.107104	0.818702	0.851704	0.109283	0.304898	-0.077060	1.195525	0.133277	-0.147349	0.270471	0.528852	-0.174773	-0.079266
	-0.657595	-0.622043	0.529116	0.413490	0.190254	-0.487744	-0.272216	0.035986	0.869532	-0.378563	0.159661	0.190113	1.290018	1.030646	0.400266	0.399345	0.517080	0.147640	-0.051195
	-0.945984	-0.277294	0.358256	-0.472054	0.049030	-0.039877	1.130295	0.873045	0.379980	0.996234	-0.127478	0.730397	1.168277	0.390459	-0.279313	1.200051	-0.325351	0.654865	0.130774
	-1.317447	-0.033286	-1.131926	-1.298152	-1.428133	0.078110	1.922309	0.670709	-0.306554	0.290396	-0.221515	-0.068344	-0.132347	1.904814	-0.122808	-0.008711	0.377742	0.118094	-0.342083
	-1.234904	0.079439	-0.917464	-0.885898	-0.828113	-0.263640	0.219125	-0.663741	0.183793	-0.058637	0.504587	0.232842	0.579986	-0.024338	-0.572270	0.097523	-0.292342	0.042285	0.429329
	0.250604	-0.755880	0.428204	-0.638402	-0.538582	-0.279914	0.180855	0.365259	0.645455	-0.518247	-0.320536	-0.995608	-0.263702	0.099059	0.159519	0.098929	0.920532	0.523859	-0.140464
	-0.385942	0.236172	1.451444	0.331213	-0.043142	0.473694	0.828256	0.133111	0.678912	-0.318783	1.025942	0.774098	0.111812	-0.336976	0.210062	0.292673	0.543837	0.415419	-0.543641
	0.598046	-0.803181	0.315816	-0.431526	-0.153891	0.810050	0.140215	0.611760	-0.147659	0.860067	0.252060	-0.304696	0.268503	-0.194878	-0.705938	0.649905	-0.116058	-0.222575	0.030417
	-0.182637	-0.876976	-0.463426	0.016329	0.009730	0.264617	-0.440748	-0.203804	-0.271021	0.940937	0.140784	-0.505501	-0.926893	-0.558290	-1.412012	0.853848	0.607730	-0.180706	0.139882
	1.291147	-0.038832	0.707750	0.867780	1.309242	0.703421	-0.747314	0.388673	0.647798	-0.123382	0.366038	-0.120157	-0.474330	-0.091581	-0.021078	0.586492	-0.008787	-0.023360	-0.151963
	1.527150	1.191054	1.407110	2.064539	0.365872	1.054795	-0.840459	0.396107	1.145762	-0.088302	-0.619521	0.584183	-0.087957	0.519539	-0.016026	0.612994	1.701418	0.084967	-0.740777
	1.085479	0.656547	0.733771	0.864696	0.690770	-0.097693	-0.118482	-0.116070	-0.120758	0.618399	-1.489025	0.344532	-0.255171	-0.331812	-0.180051	0.354607	0.849674	-0.094027	-0.784438
	0.720672	0.192628	-0.003716	-0.997594	0.291461	0.029099	0.600157	0.360737	-0.537662	1.451188	0.283157	-0.118329	1.485017	0.560209	-0.367641	1.074118	0.634593	0.044242	-0.169630
	0.140208	0.026189	-0.010865	0.131752	0.625346	-0.805246	1.464452	0.421392	0.852096	0.298252	1.152441	-0.260566	0.485965	0.313674	1.026683	0.955692	0.421808	0.211775	-0.911394
	-0.694982	-1.159275	0.025706	0.404005	0.824276	-0.504621	0.474215	0.662211	0.239670	0.366071	0.514390	0.289465	1.008800	-0.064016	-0.476460	-0.266964	0.305349	0.545352	1.061081
	-0.600899	0.338889	0.633840	0.508595	-0.128979	-0.565529	0.466705	0.408362	0.410025	1.437903	1.244777	0.255177	-1.395677	0.203519	0.741982	0.903558	0.972347	-0.211950	0.590678
	-1.073626	-1.701788	0.126443	-0.285197	-0.715203	-0.804750	1.350027	-0.181698	-0.099302	0.690141	0.423451	-0.496140	-0.627766	0.465656	-0.328491	-0.608049	-0.641902	-0.636269	1.317505
	-0.694357	-0.389814	-0.898434	-0.840711	0.044521	-0.322381	-0.274113	-0.614884	-0.054436	-0.060968	0.092076	-0.748674	-0.179078	-0.638088	-0.756868	-1.009082	-1.170605	0.464679	-0.482318
	-0.314690	-0.455737	-0.258465	0.032582	-0.174211	0.427853	-0.855017	-0.020053	-0.599478	-0.141405	-0.312128	-1.354775	0.294445	0.693700	0.981221	-0.751884	-0.912883	-0.402228	-0.276554
	0.064233	0.003918	0.178485	0.495842	-0.079033	0.860599	0.344730	-0.206062	0.091306	0.125166	0.632407	0.776938	1.232223	0.805272	1.648503	-0.061445	0.408674	0.239771	0.458754
	0.428834	0.345063	0.263028	0.343785	-0.557451	-0.092737	1.170646	0.259761	0.669914	0.036771	-0.071821	0.277251	0.240796	1.772139	2.878340	0.183216	0.358313	0.554765	0.866127
	0.501097	1.073201	0.297755	-0.142108	-0.417490	-0.495593	1.647872	-0.047083	0.106062	0.541845	0.604736	0.629666	-0.565826	1.512563	1.386185	-0.087916	-1.035155	0.773036	0.942382
	0.587089	-0.352950	0.483707	0.389898	0.990783	0.561350	1.644640	-0.121903	0.363380	0.173195	0.641944	0.359916	-0.742852	-0.019230	0.465798	0.321053	-0.155642	0.599971	0.287568
	0.131579	-1.166280	0.802121	0.794028	0.041503	0.301643	0.788791	0.035443	0.537471	1.367493	-0.071838	-1.188375	0.775242	0.348597	1.036485	-0.180924	1.464290	-0.271783	-0.252430
	0.920405	0.849039	0.221581	0.546263	1.090098	-0.039936	1.963611	0.878724	0.351327	-0.374582	0.637382	-0.829224	0.417293	1.269498	1.824912	0.507870	0.056224	1.174838	1.056190
	0.877424	1.223287	1.227542	0.829595	0.567283	0.493277	1.306825	0.545825	0.518125	-0.180731	0.034073	-0.956485	0.296585	0.771235	0.170961	-0.259228	-1.178811	0.552674	0.338024
	0.339328	1.433008	0.875696	0.752576	-0.250085	0.083864	-0.599139	0.230783	-0.415681	-0.777026	0.152553	-0.108451	-0.529765	0.291449	0.378417	-0.686848	-0.303056	0.642931	0.823056
	0.066939	0.072022	0.386342	0.263591	1.046892	-0.087606	-0.707446	-0.165664	-0.367189	-0.730953	-0.803179	-0.426402	-0.399594	-0.335820	-1.296018	-0.615195	-0.635296	0.876153	-1.228884
	0.465615	-0.494429	0.629587	0.769095	-0.237371	-0.303341	-0.570297	-0.571763	-0.924374	-1.130231	-0.172983	0.312228	0.552340	0.687683	0.379383	0.163260	-0.618419	0.402493	-0.344828
	0.877308	1.250854	1.093576	0.967282	0.598887	0.701847	-0.598013	-0.164029	-0.204982	-0.040378	-1.184327	0.563320	-0.288892	-0.607314	-0.455950	-0.117856	-0.285641	-0.330892	0.872480
	1.040750	1.741020	2.236008	1.231615	0.325160	0.184498	-0.902632	0.410779	-0.613493	-0.713598	-0.179635	-0.044517	1.068174	-0.002935	-1.119304	-0.554001	-0.671561	-0.809961	-0.283866
	0.276542	0.361124	1.964740	0.300699	-0.392264	-0.363528	-0.319993	-0.568911	-0.113622	-0.820748	0.145007	0.566597	-0.289320	-0.455437	0.001063	-0.631198	-1.313699	-0.130326	0.618642
	0.356156	0.222669	1.050336	1.028400	0.365411	0.376138	-0.021999	-0.540757	-0.904669	-1.999353	-1.106211	0.320815	0.225558	1.032409	0.550573	-0.552908	-1.425754	-0.110889	-0.937941
	0.581240	0.186262	1.077775	0.710221	-0.038130	0.387403	-0.648613	-0.517723	-0.258697	-0.618579	0.748597	0.229182	-0.422685	0.677863	-0.431437	0.021939	0.521911	0.544086	-0.304602
	1.656710	0.383169	1.576782	0.686247	0.040976	0.067198	0.159903	0.451852	0.280994	0.045582	-0.161695	0.704156	-1.413922	0.711102	0.813312	0.479415	0.610295	1.199800	1.331263
	0.637890	1.070586	1.539188	0.760181	0.173196	0.080864	1.250957	0.694271	0.473061	0.150858	-0.809957	0.059265	-0.193505	1.062209	1.577757	0.022170	-0.230806	-0.142196	0.972920
	0.089637	0.196795	0.574112	0.600592	-0.350103	0.343847	-1.118976	-0.133137	-1.012651	-1.224822	-0.771662	-0.312428	-0.349537	-0.888866	-0.603719	-0.744339	-1.617221	-0.054185	0.947685
	0.348182	0.977508	-0.571249	-0.123594	0.407546	0.493214	-1.135095	-0.391474	-0.748277	-2.021896	-1.777168	0.085291	-0.472690	-0.268691	-1.335726	-0.556988	-0.742265	-0.291227	-0.108188
	2.196824	1.197587	0.040019	-0.045487	0.370226	-0.205928	-0.045919	0.262550	0.045242	-0.519871	-0.418922	0.778033	0.668891	-0.377948	0.481202	0.235097	0.170178	0.390455	0.075474
	0.739660	1.090521	0.804437	1.033737	1.208578	0.566612	0.676253	0.843013	0.960297	0.484333	0.029085	1.315381	-0.796921	0.586278	0.120494	0.546893	-0.015536	-0.384385	0.510602
	0.372233	0.735479	0.214871	0.355742	0.440059	-0.359069	0.381558	0.625147	0.197810	0.672921	0.436103	1.013657	0.487337	-0.990813	-0.828258	0.059991	-0.116508	1.373221	-1.131916
	-0.103591	-0.541336	-0.527948	-0.449949	0.398892	-0.131001	0.905953	-0.219087	0.251873	-0.422011	-0.486479	-0.087175	0.132757	-0.120636	-0.017985	-0.310553	0.153221	0.320129	-0.260231
	-0.311957	0.006745	-0.892101	-0.799859	-0.518564	-0.050654	0.072234	0.416642	-0.028552	0.314456	0.685290	-0.078478	-0.575324	0.398439	0.064725	0.646670	-0.445976	-0.332886	0.243239
	0.262627	0.042179	-0.499881	-0.076202	0.022867	-0.006431	0.565773	0.283858	1.086030	1.185133	-0.709871	0.491069	-0.033643	0.291780	0.717309	0.176169	0.243021	-0.558434	0.814999
	0.593941	-0.032073	0.971924	0.723528	1.396437	0.994517	0.573252	0.335750	0.375134	-0.534313	1.293488	-0.710000	0.087930	0.866233	0.202672	-1.230416	-0.362912	1.373541	0.301803
	0.255221	-0.043270	0.794762	1.069989	-0.688422	-0.453515	-0.488418	0.574509	0.262157	-1.333231	0.134831	-0.676100	-0.557663	0.085200	-0.391033	-1.350220	-1.176879	-1.128504	0.235582
	0.421671	-0.487310	0.031075	0.341210	-0.936149	-0.283801	-1.011442	-0.489263	-0.856717	-1.037528	-0.128848	-0.043342	-0.427484	-0.285095	0.665102	-0.268699	0.097629	0.176408	0.663548
	-0.346819	0.156800	-0.758086	-0.552307	-1.202431	0.173358	-0.576871	-0.838146	-0.596766	-0.950321	-0.712766	-0.048527	-0.236367	-0.719888	-0.512583	-0.573547	-0.520536	-0.506060	-0.660217
	-0.372384	-0.457270	-0.214607	-0.538482	0.827516	0.350269	-0.505950	-0.294003	0.681667	-0.966811	0.329930	-0.120615	0.028322	-1.357164	-0.568429	-0.087419	-0.504035	-0.338120	-0.139913
	-0.434869	-0.659371	0.179365	0.739742	-0.567239	0.680651	0.307216	0.442580	0.225868	0.238979	-0.094753	0.543325	0.668195	-0.852842	-0.895176	-0.885273	0.549243	0.645438	-0.538266
	-1.712037	-0.768850	-1.317935	-0.804026	-0.955874	-0.154901	0.786366	-0.441412	0.467191	0.443324	-0.307872	-0.422663	0.683587	-0.288955	0.180864	-0.113300	-0.863214	-0.100554	-0.116614
	-1.690092	-0.382067	-1.609525	-2.059274	-0.202628	-1.333763	-0.252522	-0.347563	-0.244081	0.172424	0.292759	-0.879036	0.429469	1.465871	0.706547	-0.171934	-1.650469	0.083739	0.750896
	-0.266707	-1.242589	-1.103693	-1.168964	-0.048955	-0.712901	-0.018460	0.607239	0.158978	-0.339751	0.062258	0.684248	0.332429	-0.317028	0.182359	-0.021978	0.070763	0.437046	0.537330
	-0.419428	-0.578253	0.218220	-0.260015	0.204144	0.738164	0.132330	0.650696	0.446678	1.167754	-0.138498	0.401510	-0.344547	-0.428731	-1.409809	0.689627	0.630939	0.508929	-0.052513
	-0.938391	-0.592762	-0.854831	0.107301	-0.078165	0.262592	-0.110642	0.220086	-0.420864	-0.191054	1.237163	0.186835	0.535666	-0.780188	-0.173746	-0.304640	-0.812491	0.085887	-0.418299
	-1.023935	0.036355	-1.367049	-1.531650	0.853648	0.432955	-0.189542	-0.536194	-0.826837	-0.520926	-0.612545	0.421130	-0.679650	-0.543021	-0.463618	-0.141897	-1.581857	-0.372950	0.091334
	0.649354	0.082478	-1.168631	-2.074860	0.426065	0.772125	-0.186628	0.106516	0.877075	-0.279067	-0.923046	-0.517640	-1.412937	-0.916349	-0.522917	0.038386	0.475150	-0.461289	-0.437187
	-0.047612	-0.162703	-0.050827	-0.059332	0.465377	0.939551	-1.320751	0.195871	0.482446	-0.479347	-0.737308	0.539993	-0.834440	-0.923559	-1.109861	-0.013704	-0.405706	-0.341176	-0.437715
	-0.633113	0.692533	-0.419654	0.928710	-0.884634	-0.547444	-1.504256	-0.215071	-0.167149	0.207414	-1.442311	0.728319	-0.230985	-1.416620	-1.892551	-1.074750	-0.973755	-0.125227	0.083957
	-1.103938	-0.768508	-1.728537	-0.935689	-0.458049	-0.178867	-1.585049	-1.166011	-0.920588	-0.884752	-0.021732	-0.339119	-0.352605	-1.095004	-0.590663	-0.083545	-0.916655	0.358603	0.260189
	-1.006272	-0.414293	-0.906708	-1.382053	-0.536476	0.559230	-0.023862	-0.218779	1.002837	0.120767	-0.696694	0.593725	0.223728	-1.032072	-0.406467	-0.091615	0.367434	0.037988	-0.368929
	-0.762531	0.149898	-0.292350	-0.634606	0.325102	-0.708097	0.383007	-0.634766	-0.424681	-0.659319	0.282940	-0.884690	0.872490	-0.720126	0.194255	0.218828	-0.705903	-0.404474	0.369184
	-0.198480	-0.403452	-0.474547	0.583491	-0.282208	0.085240	-1.336509	-0.488322	-0.169884	-0.535472	0.678432	-0.878364	0.077822	-0.126025	-1.044548	-0.068736	-0.255755	-0.341768	-0.835011
	-0.465322	-0.534400	0.225941	0.132589	-0.363667	-1.028338	-0.502927	-0.394215	-0.437869	0.426883	-0.237333	-0.420263	1.190311	-1.060131	-0.531605	-0.413519	-0.685183	-0.048130	0.340307
	-0.517264	-0.478277	0.174490	-0.313988	-0.041056	0.693582	-0.754388	-0.978963	-0.861355	0.002712	-0.456272	-0.269602	-0.381870	0.759560	-0.256923	-0.555891	-0.086337	1.516202	0.621792
	0.142323	-0.505716	0.438859	-0.025206	-0.242953	-0.636674	0.376266	0.807390	-0.606517	-0.189052	0.625034	-0.137596	-0.474808	0.763578	0.632265	-0.005233	-0.288815	0.405155	0.586527
	0.049861	-1.072476	-0.099838	-0.547858	-0.005091	0.020069	-1.001686	-0.561866	0.160118	-0.158122	-0.077628	-0.151472	-0.007242	1.003563	-0.105687	0.004646	0.316893	0.720415	-0.282256
	-0.283651	-0.103846	-0.130880	0.262401	0.388746	0.600920	-0.183450	-0.141105	0.142515	0.051223	0.541691	-0.223185	-0.975406	-1.024594	0.049798	-0.095267	0.052756	0.020096	-0.494890
	0.315744	0.391578	0.207699	0.528744	-0.012150	0.292471	-0.694442	0.113669	-0.705445	-0.056694	-0.452601	-0.061297	0.570074	-0.990557	0.510630	0.376363	0.358788	-0.627313	-0.269412
	0.020276	0.857804	0.196117	0.979844	0.365622	-0.140002	-0.078619	0.129703	-0.246907	-0.151149	-0.537549	-0.305059	0.836053	-0.362015	1.547651	0.684708	0.575148	-1.681349	-0.179575
	0.526982	-0.617593	-1.046232	-0.085709	-0.561272	0.046701	-0.066106	0.192122	-0.156643	0.822735	1.080915	0.066018	0.926805	0.560762	1.356599	0.253784	1.018300	0.030892	0.027203
	-0.810550	-0.614569	0.492980	0.401065	-1.165898	-0.340305	-0.530651	-0.181777	0.232641	-0.051798	0.734053	0.936177	0.218850	-0.173369	-0.031224	1.117508	1.349606	-0.000287	0.129101
	0.060873	0.423485	0.537568	1.144728	-0.542979	-0.387202	0.451498	1.158178	0.747200	1.097334	2.155512	-0.420255	-0.055086	0.023704	0.004934	0.730897	0.386771	-0.153815	0.345913
	0.565748	-0.509757	0.389885	0.489933	-0.756453	0.795231	-0.163655	-0.383571	0.173383	0.830880	0.670486	-0.649510	-0.413180	0.507889	0.187838	0.245371	0.552992	0.054040	0.127014
	0.147605	0.557475	-0.229264	-0.158369	-0.630853	0.841151	0.474705	0.079494	0.590799	1.166013	0.838940	-1.390867	0.710612	0.303340	-0.890015	1.086269	1.419178	-0.335328	-0.987374
	-0.082793	0.268387	-0.274715	0.218615	-0.386002	0.260357	-0.540444	0.597105	0.969085	1.572253	0.003924	0.082201	0.800203	-0.427771	-0.085198	1.427105	1.955158	-0.447771	-0.002053
	0.485228	-0.103983	-0.501005	-0.269239	-0.935897	-0.778527	0.138937	0.275710	-0.188513	0.793543	1.064114	1.001108	0.873074	0.312524	0.064915	0.460491	0.742318	-0.383088	-0.577141
	0.645198	0.723999	-0.171281	-0.215152	-0.760610	-1.260740	0.344468	-0.415209	-0.379951	0.599722	0.109195	0.300177	0.245282	-0.301683	0.266579	0.430066	-0.227039	0.369557	-0.835357
	-0.945044	-0.687085	0.115398	0.947701	-0.367334	-0.530400	1.169599	-0.045745	-0.071756	0.466097	-0.528233	0.269055	0.005677	-0.842901	1.157926	0.399566	1.353668	0.106180	0.495852
	-1.070806	-2.205670	-0.821858	-0.481764	-0.709920	-0.503171	-0.294216	0.004279	-0.026080	0.593467	-0.040802	0.154020	-0.434389	0.383915	0.194194	0.213064	1.037296	-1.358215	-0.693321
	-1.000348	-0.932628	-1.123485	-1.148682	0.320698	-1.116761	-0.718741	0.657593	0.438475	1.308207	1.052663	-0.555175	0.197708	0.078558	0.077374	0.035990	1.084565	-1.252522	-1.559020
	0.347118	0.486572	0.228200	0.615273	-0.412408	-0.601890	-0.937758	-0.359686	0.190525	-0.536659	1.011999	-0.279643	0.507617	0.405203	1.826759	-0.162622	0.313070	-0.558410	-0.263655
	-0.148122	-0.524426	1.351150	1.263471	-0.329890	0.292841	0.763779	-0.581272	-0.168578	-0.435140	0.901937	0.298340	0.320942	1.626656	0.936309	-0.712780	1.302476	0.898558	0.012198
	-0.970730	-0.796751	0.489170	1.118253	0.211870	-0.513876	0.023022	-0.388033	0.403354	-0.611421	1.098412	0.964713	0.482779	0.417500	-0.159480	-0.124043	0.548848	0.001134	1.176507
	0.004661	-0.280458	-0.690011	-0.500657	0.708231	0.496316	0.063357	0.772877	0.974266	1.355530	0.530209	1.570690	0.030004	0.271699	-1.216470	1.097381	1.258739	0.538391	0.729983
	0.395630	0.730372	0.041555	-1.055063	0.952454	0.099024	0.948068	0.396303	1.275130	-0.001411	0.670126	0.701540	-0.115013	-0.826558	0.339736	0.803155	1.272261	-0.602108	0.426172
	0.471125	0.799831	-0.659512	0.563865	1.464806	1.198496	0.012300	0.400993	-0.067778	-0.395111	0.130694	0.502892	0.317274	-0.459143	-0.000315	0.784232	1.458815	-0.191835	-0.226509
	-0.085963	0.333400	0.051673	-0.167526	0.085329	-0.469770	-0.383961	-0.462402	-0.697301	-0.232879	0.775473	0.184037	-1.182190	1.486022	0.479958	0.977889	0.594450	-0.782082	0.379316
	0.659260	0.463693	0.458943	0.605111	-0.488367	0.955844	0.888711	0.540871	-0.454201	-0.356387	1.074449	-0.357324	0.692584	1.090294	-0.115522	-0.014785	1.248122	-0.097520	0.011504
	0.337104	0.310531	-0.182592	-0.150603	-0.341124	0.290242	1.067668	0.000739	0.466762	0.638519	0.409145	0.016268	-1.047193	0.230460	-0.264430	-0.460993	-0.169658	-0.019290	-0.799164
	1.009013	0.007994	0.223196	0.301479	-0.041638	0.350904	0.263587	-0.517114	-0.685819	-0.244688	0.095624	-0.367365	-0.629406	0.078589	2.320727	-0.612775	-0.275961	0.549400	-0.204148
	1.104486	1.479038	1.246680	0.082556	0.116046	-0.596214	1.296268	-0.462117	-0.581572	0.432920	0.331468	-0.409035	-0.543461	-0.622868	0.160394	0.127796	0.821696	-0.115620	-0.599143
	0.043760	0.370829	-0.127154	0.567929	0.558040	-0.035387	0.186140	-1.003686	-0.730512	0.160003	-0.802534	-0.291575	-0.526736	0.149472	0.471343	-0.907564	-0.740210	-0.161863	0.020257
	-0.175035	-0.359655	0.102690	0.439649	-0.184691	0.132071	-1.502865	0.134260	-0.712790	-0.380302	0.252136	-0.214221	0.188318	-0.754079	2.767143	0.072444	-0.843613	-0.109399	0.680290
	0.432641	0.806904	-0.417328	0.604449	-0.197691	-0.116285	0.278810	-0.197106	-0.515289	-1.330980	0.409955	-0.697564	-0.335113	0.132829	0.896742	0.024818	0.546795	0.236493	0.257016
	0.559853	0.642709	0.635620	0.508641	-0.593909	-0.118954	0.706481	-0.761099	-0.005177	-1.014088	-0.560858	-0.226004	0.128553	-1.206877	0.953492	-0.082783	0.881084	-0.234392	0.369991
	0.771782	0.843737	0.396458	0.094156	-0.448140	0.526869	-0.100310	-0.695333	-0.773124	-0.553222	-0.146669	-0.242430	0.759388	-0.098544	-0.593856	-0.370273	-1.112557	0.268135	0.206193
	-0.134483	-0.146604	0.044155	0.639646	-0.175663	0.132321	-0.015252	-0.398707	-0.310945	-0.566501	-0.013912	-0.201793	0.053534	0.186670	0.486385	-1.128324	-1.332945	-0.115097	0.179716
	0.939161	1.313582	1.111117	0.465122	0.550029	0.542643	-0.472022	0.751148	0.800753	-1.132469	-0.917629	0.118572	-0.975193	0.512744	0.043984	-1.262056	-0.927814	0.397381	-0.057645
	-0.078223	0.646799	1.396579	0.440265	-0.205071	0.514408	0.300084	0.285743	0.081306	-1.332796	-0.709262	-0.105134	-0.318423	0.542051	-0.114898	-1.433712	-0.314493	1.486589	0.943519
	-0.083511	0.090725	0.350734	-0.286204	0.189893	-0.010226	0.047107	0.124381	-0.127699	0.169705	-2.502564	-0.787420	0.007209	0.320247	-0.547746	-0.607669	-0.855302	0.573084	-0.037023
	0.058179	0.202168	0.001172	-0.877745	0.222352	-0.026901	-0.144790	0.898240	-0.522695	-0.481193	-0.676429	0.349513	0.875432	0.404565	0.030009	-0.223692	-0.263204	0.093421	0.230385
	0.494405	-0.255923	-0.335467	-0.175828	0.807535	-0.506253	-0.227304	0.187616	0.492915	1.061805	-1.162840	-0.655179	0.442994	-0.991999	-1.479069	0.986339	0.396918	-0.717760	0.838189
	0.181485	1.318026	-0.534153	-0.795857	0.537642	-0.085897	-0.253166	0.189935	-0.168018	0.866632	-2.008787	-0.433019	-0.956280	0.515747	-0.188154	0.718809	0.203080	0.949404	-0.134925
	-0.195205	0.266794	-0.476275	-1.014996	-0.198581	-0.283059	0.243495	0.325817	0.370455	0.894517	-0.945276	0.210160	-0.881912	0.103370	-0.519111	1.047315	-0.376289	-0.408095	-0.430378
	-0.138789	-0.373223	0.280519	-0.220899	0.611102	0.216957	-0.315784	0.210150	-0.140370	1.290044	1.045031	-0.390392	0.124854	-0.386285	-0.425673	0.370051	0.709559	0.514185	-0.173060
	-0.784905	-0.373109	-0.055065	-0.862922	-0.120019	-0.618377	-0.434934	1.067266	0.560824	0.436445	1.049550	-0.339668	-0.028284	-0.488153	-0.099292	0.263380	-0.634015	0.540335	-0.050661
	0.432815	-0.629193	0.256377	0.718613	0.526521	0.856023	0.830966	0.078236	0.299460	0.129555	-0.323073	1.067978	0.690053	1.881855	-0.441198	-0.367135	-2.081510	0.175775	-0.040669
	0.096068	-1.080154	0.203302	-0.309602	-0.064818	0.439735	1.533441	1.007858	1.149788	0.698138	-0.083973	-0.630830	0.982535	1.758374	0.880338	0.234182	-0.151163	0.108351	0.733220
	-0.473964	-0.679706	-0.069037	0.332294	0.740401	0.885179	1.942034	0.746210	1.926592	1.416341	1.435836	1.021381	1.449917	0.946134	0.726359	1.050629	0.784308	-0.065012	0.297921
	-0.390829	0.441882	0.157401	-0.143906	1.101699	1.125813	1.160015	0.508073	0.635449	0.568689	-0.040606	1.469835	1.012558	-1.462742	-2.359348	1.174830	1.119720	0.720629	0.404657
	0.145767	-0.246001	-0.458437	-0.391423	0.390432	0.098211	-1.390292	-0.527862	-0.920282	-0.192714	-1.520739	1.178378	-0.281625	-1.035629	-2.081018	-1.081922	-2.283395	-0.070749	-0.651845
	-0.314228	-0.548080	-0.746539	-0.331159	0.540814	-1.066368	-2.033469	-0.739681	-0.926750	-1.013386	-1.193222	0.047017	-1.054824	-0.682797	-1.570307	-1.586086	-1.405611	-0.887381	-0.387039
	-0.327919	-0.787441	-1.990943	-1.615499	-0.520944	-2.827966	-1.062032	-1.188962	-0.543097	-1.277861	-1.128651	-1.218703	-0.718702	-1.306197	-0.651197	-0.494909	0.081833	-2.033407	-0.908822
	-0.750104	-0.659180	-0.376265	-0.662460	-0.054149	-1.808698	-1.632010	-1.308939	-0.507306	-0.537961	0.918242	-1.214764	-0.264727	-0.769343	-0.514489	-0.490719	-0.197423	-0.857325	-0.807366
	-0.113544	-0.678364	-0.357874	-1.476000	-0.621973	-0.444352	-1.271482	0.124440	-0.699251	-0.418318	-1.191545	-1.175107	-1.932523	0.965911	-0.531673	-0.787953	-1.421740	-0.603796	-0.510259
	-0.447093	0.318841	0.758926	0.619395	0.825547	-0.326435	0.427030	0.681316	-0.063481	0.437189	-1.176906	0.193161	0.394568	0.918395	0.808184	0.050322	-0.970931	-0.572491	-0.129154
	-0.403943	0.188843	0.033471	-0.297009	-0.445528	-0.611811	1.132409	-0.336590	0.507993	0.433227	0.377505	0.645139	0.267002	1.143093	0.348775	-0.418549	-0.225544	0.315640	-1.078023
	-0.023193	-0.432573	-1.189350	-0.909469	0.128430	-0.775979	0.861279	-0.290554	-0.647647	0.213874	0.090567	0.056004	1.465199	0.179427	-0.498662	0.279555	1.038675	0.092743	-0.286405
	-0.201489	0.361064	-0.288193	-1.455727	0.527923	-0.475878	1.595549	-0.528014	-0.330069	0.556004	0.444924	-0.437728	0.010313	0.890878	-0.253494	0.350869	0.956811	-0.346439	-0.570847
	-0.590385	-0.098284	0.475001	0.654128	0.631607	0.121273	1.656773	0.102229	0.292101	-0.062454	0.104459	-0.444848	-0.824756	0.094481	-0.433040	0.059833	-0.805711	-0.236920	-0.246063
	0.143938	0.528403	0.792319	0.797063	0.175665	0.162797	0.591680	-0.175669	-0.032021	1.249932	-0.624732	-0.455180	-0.144815	0.509119	-0.752034	0.564771	-0.364883	0.789977	0.496658
	0.095335	0.128313	-0.263741	-0.117845	0.018085	0.347341	-0.463248	0.820119	0.388907	-0.167005	-0.734901	0.052822	-1.114066	0.342791	-0.368311	0.465169	1.398034	1.128625	0.811358
	0.280287	0.775791	-0.422017	-0.458516	-0.468197	0.820588	0.891387	0.357198	0.169316	0.693711	-0.926616	0.655772	-0.045262	-0.371197	-0.579487	-0.228613	-0.081446	0.344367	0.200885
	-0.210144	-0.651310	-0.153462	-0.133989	-0.282942	0.633507	0.134828	-0.440802	-0.340800	0.157599	-0.508926	0.881493	-0.094446	-1.023285	-1.708839	0.005944	-0.589258	-0.023323	-0.165896
	0.410998	-0.552129	-0.479926	-0.133809	0.019592	0.703019	0.330671	-0.649295	-0.554106	-1.144461	-0.237449	1.465439	0.052659	-0.395430	-0.711367	-0.427551	-0.522256	0.039690	0.326416
	-0.443458	0.107650	0.005343	-0.082352	-0.733362	0.457337	-0.300937	0.005320	0.179687	-0.949627	-0.033101	0.450899	-0.977854	0.098241	0.799088	-1.411256	0.088074	-0.280194	-0.334668
	-0.182295	-0.261378	-0.142040	0.249367	-0.428112	0.217381	-0.793402	0.535760	0.379203	-0.746850	-0.490804	0.061205	0.274639	-0.821562	0.332625	-0.335138	-0.000755	-0.278492	-0.829670
	0.700048	0.329933	1.771087	1.267430	-0.751150	0.555311	-0.164165	0.754749	0.509937	0.386754	1.700017	-0.570010	0.005242	-0.657942	1.571128	0.540641	1.057748	-0.237826	0.382638
	0.915861	1.021135	0.178935	1.210873	0.565522	0.268135	0.063665	0.196208	0.285368	0.293589	2.388239	-0.043315	0.906446	1.165003	2.092931	1.054445	0.544538	0.489645	0.299659
	0.143635	-0.676218	0.588162	0.447447	-0.481624	-0.182316	-0.648544	-0.271889	0.054900	-0.403635	1.986832	-1.077002	0.759915	-0.101247	1.623907	0.586414	0.615027	0.571693	1.149295
	-0.115448	0.236739	-0.001368	0.895722	-0.189703	0.147839	-1.735066	-0.417024	-0.538354	-0.694030	-0.332571	0.095034	0.166364	-0.888621	-0.124163	-0.047277	-0.509699	0.069012	0.451358
