	1.155388	-0.241239	-0.444982	0.088795	0.016031	-0.231844	0.297980	0.211451	0.172414	1.003214	0.873604	-0.730793	-0.625661	-0.626341	-1.827123	-0.137461	0.450007	0.050311	-0.867215
	0.977659	0.362422	-0.216223	-0.915696	0.031105	0.133187	-0.481524	0.012116	0.327735	-0.150221	-0.670807	-0.016702	0.940768	1.377228	0.594853	0.037559	0.111194	-1.084015	0.772391
	-0.106045	-0.264396	-0.696252	-0.626478	-0.562243	0.236290	-0.490646	-0.519054	-0.077909	-0.403079	-0.506542	0.303663	1.456907	0.029466	1.208620	0.039506	0.710472	-0.993439	-0.281889
	0.346299	-0.011787	-0.061441	0.424116	-0.352913	0.149370	-0.380941	0.745816	0.375963	-0.037113	1.220153	0.033722	-0.745962	0.724095	-0.286436	1.301383	0.416936	-0.012234	-0.615401
	2.116624	1.836451	0.447204	0.705496	-0.080607	0.156829	0.607088	0.582626	-0.163547	1.262037	0.236661	-0.479129	0.367484	-0.323932	0.141527	0.692284	1.179027	-0.758642	-0.312747
	-0.007471	-0.221080	-1.099923	-1.080051	0.757473	-0.294074	2.223375	-0.159856	0.093177	-0.256257	-0.459021	0.429172	-0.038882	-1.761274	-0.050297	-0.139420	-0.560893	0.619243	-0.118021
	-0.760234	-0.578893	0.370704	0.078422	0.475661	0.558061	-0.027411	0.474381	0.145894	-0.751571	-0.015504	0.891572	-1.362071	0.033649	0.006319	-0.501581	-0.744111	-0.004778	0.546053
	0.902913	0.598460	0.072366	0.369884	-0.208098	0.502815	-0.322302	0.114253	-0.276382	0.106176	1.464529	-0.092255	-0.001530	-0.556874	0.735999	1.124861	-0.103733	-0.130527	-0.536435
	-0.666127	0.031781	-0.335102	-0.057108	0.858724	-0.378433	0.242613	0.002128	-0.110894	0.283493	0.685730	0.260614	0.049502	-0.073002	0.528584	0.086573	-0.016441	0.732683	0.119833
	0.406135	1.478547	0.235379	0.830851	-0.230636	-0.022735	2.453914	-0.350246	-0.465385	-0.353901	-0.341713	-0.181641	-0.782409	-0.069475	-0.142714	-0.271858	-0.701700	0.507296	0.299064
	1.266578	0.601223	0.148125	0.034500	-1.030986	-0.149951	-0.058198	0.172503	-0.155364	-0.657487	0.045740	-0.620899	-0.215648	0.547959	0.038853	-0.284658	-0.834498	0.087844	0.064031
	-1.108973	0.620949	0.551008	0.487266	-0.758527	0.013995	0.857533	-0.193545	-0.629068	-0.566691	0.462375	0.096552	-0.245813	-1.466326	-1.909215	-1.067269	0.039418	0.422918	-0.981604
	-0.803627	-0.548265	0.207139	0.546041	0.217885	-0.907063	-1.543351	-0.517542	0.072007	0.652793	0.268535	-1.021393	-0.066827	0.039493	0.310218	-0.036778	-0.909802	1.375950	-0.654880
	0.964354	-0.177644	0.381226	-0.238137	0.365517	-1.310860	-1.619901	-0.768883	-0.538028	-0.469428	-0.569114	0.372353	-0.093771	1.003327	0.594484	0.131633	-0.662477	0.090937	0.927043
	-0.566873	0.604602	0.388849	-0.450572	-0.579587	0.129079	0.758815	-0.141028	-0.134151	1.435419	1.893860	-0.893910	-0.213046	-0.940591	-1.177836	0.336886	0.375833	-0.004467	1.242333
	-0.545702	-1.079441	-0.889690	0.366651	0.310776	-0.691421	1.444610	0.130867	0.064054	1.011732	1.169438	-0.272073	-0.574020	-0.958317	-1.537306	-0.872103	-1.287581	0.338138	1.752195
	-1.985411	-1.719940	-0.408818	-1.190322	-0.274288	-0.424260	-1.466800	-0.444954	0.084347	-0.721707	-0.149058	-0.222700	-0.540249	-0.478759	-0.289985	-0.594956	-1.569440	0.979397	2.171445
	-0.942988	-1.193908	0.292339	-0.842231	-0.144854	-0.663196	-0.071354	0.536258	-0.094156	-0.374505	-0.503960	-0.660463	-0.010269	1.204625	-0.490783	-0.280823	-0.169673	2.079776	0.719989
	-0.752200	-0.042400	-0.852475	-0.638360	0.393514	-0.060703	0.550350	0.142868	0.363523	0.379190	-0.266287	-0.227290	-0.083385	0.429018	-0.023365	1.255050	1.686412	0.414038	0.679559
	-0.889151	-0.833905	-1.239281	-0.560200	-0.171261	0.407072	3.166008	0.115681	0.009896	0.979316	0.772553	-0.960592	0.226525	-1.607420	-1.836296	-0.209577	-0.636357	0.303881	-1.118417
	-1.058932	-1.440664	-0.095626	-0.682941	-0.877305	-1.202022	0.662791	-0.713680	-0.396583	0.219018	-1.814467	-0.264739	-0.150720	-1.032433	-0.698022	-1.813967	-2.981622	0.792246	0.749067
	-2.248692	-2.157907	-0.047338	-0.628363	-0.743718	1.216350	-2.153250	-0.001878	-0.244099	-0.977784	-0.200686	0.581638	0.033777	1.665591	1.249413	-1.337665	-0.781862	0.026292	-0.150365
	-0.390515	0.431854	0.701445	0.177278	-0.146485	-0.531294	-0.544935	0.089765	-0.326613	0.113798	-0.190706	1.479429	0.124698	1.774106	0.616274	1.894731	1.342672	-0.498790	0.674241
	-0.358684	-0.125028	-2.013636	-1.264091	-1.001331	-0.396493	4.184618	-0.870134	-0.217994	-0.689351	0.208394	-0.702722	0.047356	-1.663925	-1.364353	0.748158	0.633750	-0.539410	-0.030652
	-1.873973	-1.024688	0.144754	0.057985	-1.020322	-1.058216	-0.380816	-0.781583	-0.755865	-1.177043	-0.410235	0.044281	-1.217901	-1.015478	0.352049	-1.491244	-1.547488	-0.453837	-1.765794
	-2.467808	-0.742411	1.045937	-0.228539	-1.073740	-0.316631	-2.732607	-0.547782	0.393202	-0.810565	-2.866982	-0.033245	-0.516735	0.690032	-0.201750	-0.630973	-1.007507	-0.765097	1.492999
	0.549237	-0.230127	-1.849848	-1.408251	-0.325696	-0.869967	-2.303746	-0.636462	-1.464235	-0.575993	-0.782159	-0.449146	-0.023209	0.267393	0.668701	1.369846	1.981762	-0.356306	0.481770
	-0.211010	0.219541	-0.957469	0.779001	0.089048	-0.328894	1.902755	-0.398167	0.004661	-0.419666	0.100304	0.244916	0.966854	-0.946850	-0.591506	0.384463	1.246825	0.686400	-0.281642
	0.384863	0.520774	1.161253	2.049011	0.947546	0.286306	1.344447	0.092415	0.134470	-0.524784	-1.434902	-0.422413	1.428992	2.368376	1.802749	-0.479362	0.814820	-0.042834	-0.805504
	0.617633	-0.333279	0.984796	0.605136	0.223065	0.673524	-3.352521	-0.087419	0.331303	-1.909700	-1.016838	-0.501256	-0.061510	0.767011	1.225172	-0.909938	0.058895	0.626828	-0.645193
	0.253400	0.622266	0.817071	0.575162	0.458824	0.839418	-0.982088	0.042351	-0.342697	-0.583415	-1.334012	0.692845	0.210695	1.111855	1.716094	-0.212903	1.129082	-0.037465	0.754088
	-0.440822	-0.132327	-0.105581	0.936462	-0.229453	0.217003	0.244289	0.120233	0.592128	-0.576793	-0.578424	0.076954	0.553353	0.145815	1.949460	0.946400	1.787202	-1.092343	-1.774677
	0.484685	0.737914	1.995195	0.428904	1.174031	1.134435	0.281375	0.224927	0.090953	-0.361442	0.827026	0.011536	0.088693	-0.568181	-0.114437	-0.152216	0.641821	-1.604803	-1.198191
	0.444549	-0.238641	1.195504	1.886827	0.272676	0.232861	-0.023045	-0.883450	0.594139	0.482908	0.090248	0.027127	-0.466107	-0.278205	-0.529151	-0.039291	1.016748	-0.550647	-0.700710
	1.223337	0.081112	0.208902	1.038844	0.012623	1.699480	-0.699789	0.854560	-0.199079	-1.012367	-0.440869	0.706738	-0.730349	-0.427699	0.905938	0.140303	0.927072	-1.229596	-0.771393
	-0.055023	1.035622	-0.596094	-0.554468	0.129797	0.438037	-1.773583	-0.563677	-0.061568	-0.130189	-1.004355	-0.387200	-0.172457	0.315453	-0.595018	0.090498	1.121627	-1.024942	-1.493699
	-0.308934	-0.069535	1.351998	0.531595	0.334376	0.396786	-0.790166	0.145217	0.744715	-0.034981	-0.130718	0.920369	0.859253	1.213830	2.021012	0.476120	1.782848	-0.506467	-0.903715
	-0.330931	1.295182	1.691110	1.257903	0.295402	1.260897	0.671846	0.486566	0.287931	-0.225046	-0.568655	0.649824	0.900010	0.091006	0.590899	-0.524529	-0.607078	0.156359	-0.262794
	1.382162	-1.030831	0.123552	-0.136905	1.549932	1.145427	-0.858533	-0.498855	0.436216	-0.177939	1.184744	0.881257	1.329644	0.661601	0.439879	-0.769402	-0.869759	-0.367738	-0.402000
	0.246814	1.107807	-0.009690	-0.158772	1.043426	1.662348	-1.166291	0.904176	1.309024	0.630032	-0.246144	-0.172928	0.382400	0.314373	0.309719	0.853094	1.622286	-0.907497	-0.783960
	1.036722	1.674325	1.282508	0.110267	1.143791	0.303940	1.424212	0.578763	0.456668	0.564792	-0.983601	1.069184	1.153593	-0.215236	-1.824782	-0.991064	-0.412030	-1.545600	-1.439009
	1.422499	-0.689998	1.197974	-0.070193	0.074032	1.346904	0.954487	1.021681	0.842778	0.541671	0.592270	1.388822	1.440162	-0.680006	-0.673077	0.001119	0.295786	0.797366	1.036106
	-2.394686	-0.050393	-0.353746	0.743198	-0.014838	-0.313286	-2.845894	-1.731513	-0.795194	-1.392056	-0.708794	0.920706	-0.001118	-0.488881	-0.243205	-0.684215	-2.370208	0.661773	1.208847
	1.755642	0.607932	0.595271	1.416300	-0.020371	0.307769	-1.815806	-0.389055	-0.732623	0.245328	-1.216916	0.640645	0.455401	1.423630	1.609424	-0.196597	0.290262	0.237347	0.607201
	1.449909	0.541526	2.216537	0.073988	1.259818	0.972575	-1.441544	0.376408	-0.269794	1.081457	-0.577995	0.736235	0.963183	-0.423639	1.051580	1.564529	0.147399	-0.020694	0.421845
	0.152363	-0.008117	-0.596958	1.053079	-0.219405	-1.213811	0.271621	0.246665	-0.148047	0.716159	-0.866269	0.974399	1.607966	-1.292468	-0.991629	-1.238760	-0.413749	0.329254	-0.390419
	-0.603564	-0.844320	-1.236218	-0.184100	1.205784	-0.469314	-2.058831	-0.833944	-0.279750	-1.867365	-0.144509	0.557736	0.453005	1.262075	2.048498	-0.933086	-0.427394	0.075308	-0.148124
	-0.479702	-0.319278	-1.260952	-0.375177	0.786840	0.295922	-2.058418	-0.195576	-0.334648	0.024121	-1.560327	1.104034	0.639893	1.252147	1.117202	1.987338	1.649678	-1.281725	0.159308
	2.464367	1.905701	0.960758	1.045892	2.302482	0.893981	0.504996	1.489968	0.545721	1.367068	1.258190	0.716901	1.938421	0.806333	0.705726	2.121342	2.559721	-0.274716	-0.510123
	2.522060	0.934477	1.168373	1.087887	-0.371619	-0.202830	1.492139	2.140966	1.344916	1.148203	2.013315	0.596683	0.676308	-0.565396	0.133217	-1.318174	-0.186548	-0.302889	-0.143423
	0.946308	-0.289446	-1.628486	-0.905737	-0.384506	0.674189	0.110773	-0.066484	0.433600	-0.713084	0.066175	0.000341	-0.527448	-0.860606	-1.067534	-1.306307	-1.330138	-0.275347	0.009113
	0.487419	0.439193	0.049325	-0.544527	-0.279035	-0.492178	-1.122164	0.332754	0.409732	1.533417	1.255827	-0.103894	-0.698753	0.777008	0.842225	0.598818	-0.455654	0.351807	-0.324060
	0.614674	-0.161291	0.615327	0.847414	-0.695785	-0.620725	0.586946	0.632256	-0.059723	2.080096	1.931676	-1.698571	-1.801319	-1.634492	-1.387935	0.757347	-0.192426	0.310315	2.221824
	-0.605693	-1.206586	-0.314412	-0.888221	-1.429008	-0.416729	-1.298447	0.372892	0.754372	1.322779	0.577758	-0.478306	-2.148328	-0.214662	-1.105841	-2.156041	-1.049701	0.325510	0.451926
	-0.187600	0.009860	0.116373	-0.367398	-1.803413	-0.980229	-2.544840	-0.087733	0.164693	0.293653	-0.770596	0.293596	-1.169824	2.051536	0.622369	0.158389	0.836142	0.230441	-0.321669
	-0.102965	0.102253	1.195580	0.572013	-1.122256	-0.697763	0.252075	-0.626765	-0.495002	0.191197	-0.025972	-0.362852	-0.170174	-0.202010	0.343172	-0.202361	-1.052924	-0.805790	0.607582
	0.365002	0.046838	0.003707	-0.372101	0.269655	-0.450261	0.642973	-0.442040	-0.023049	0.475609	1.355628	-0.724692	-1.019740	-0.507413	-0.164501	-0.618086	-1.954245	-0.341474	0.885932
	2.323806	0.026016	1.159958	0.584365	-0.258882	-1.118023	0.234217	1.052265	0.749248	1.498513	1.633515	-0.036383	0.127885	0.963860	-0.357953	0.809332	0.716374	0.425220	0.453688
	0.672992	0.741379	1.780619	1.335160	0.303887	-0.795936	0.728490	0.273452	-0.085080	0.310850	0.292146	-0.436643	-0.804920	-1.973582	-1.949492	0.087139	-0.343097	1.334784	-1.011751
	0.927190	0.298159	1.125737	0.496309	0.067286	-0.639732	-0.013906	0.375599	-0.099836	-0.515154	0.074412	-0.814981	-0.263616	-0.917066	-0.698049	-0.263888	-0.851964	1.203718	0.911155
	0.422251	0.882110	0.109279	0.643117	-0.845720	0.305296	-1.517590	0.199472	0.119157	1.163887	0.520901	-0.382372	-0.160903	-0.427399	-0.185996	-0.533940	-0.819934	0.971509	0.693875
	0.011283	0.349656	0.153711	0.014167	0.128849	0.165336	-0.451405	0.321291	-0.128734	0.830270	0.088163	-0.012477	-1.495794	0.317784	-1.548087	0.786308	-0.278785	0.727858	-0.655610
	0.570071	-0.108083	1.398965	1.018571	0.362892	-0.418698	-1.528905	1.073096	0.187503	0.984947	-0.323909	0.565631	0.025853	0.954112	0.148420	-0.132323	-0.561940	0.457644	-0.414010
	1.313082	1.718528	1.115011	0.675001	0.459028	0.278731	2.259570	0.379560	0.109079	1.285767	0.693653	0.757334	-0.364941	0.504537	1.364458	0.566265	-0.453886	-1.002899	-0.026304
	1.252257	1.353443	0.999392	0.512782	1.741214	0.532775	2.023741	0.749332	0.896613	0.936090	0.083935	0.205254	0.249651	-0.509830	-0.642692	0.055739	0.269503	-0.767903	0.015178
	0.672115	-0.243832	-0.485437	-0.126034	0.649363	1.342909	0.003839	0.447129	0.148453	-0.493304	1.406572	-0.306442	0.860097	0.191194	0.099996	-0.200554	-0.750222	1.604247	0.232262
	-0.377232	1.224097	-1.314501	-1.360963	0.954855	0.243529	-0.357569	0.235221	-0.200803	1.162929	0.559610	-0.716979	0.750323	1.299250	-0.106690	1.394465	-0.273861	-0.455709	-0.363946
	-0.715232	0.679992	0.001357	-1.302334	0.453127	0.236365	1.700118	1.479327	0.797933	1.080095	1.455801	-0.994011	-0.693083	-0.931042	-0.550987	1.826317	1.753139	0.710508	0.615725
	-0.768078	0.834736	-0.033289	0.933931	-0.550239	-0.568659	3.039267	1.476410	0.030911	1.161594	1.056578	-0.026731	0.058928	0.172352	-1.305760	0.105129	-0.945041	0.199527	-1.094957
	-0.443251	0.314111	-2.048198	-1.564825	0.878412	0.214315	-0.582243	-0.801883	-0.582200	0.349812	0.487016	-0.268865	-0.636395	-1.658276	-0.232438	-0.093104	-0.682257	0.351054	0.709874
	-1.624701	-1.036526	-0.938191	-1.558334	0.553802	-0.046139	0.035726	0.128628	0.121558	0.079884	0.703865	0.736154	0.257305	0.788129	0.993910	0.470011	-1.431021	0.446030	0.756116
	-1.871978	-0.829533	-1.464556	-1.754340	0.320758	-0.165056	1.157989	0.032700	-0.646861	-0.492738	-0.091591	0.418221	-0.350635	0.984192	0.245675	-0.014266	-0.096464	-0.262557	-0.013420
	-2.311584	-1.275772	-1.731912	-0.499825	0.190575	-0.506646	-0.572768	-0.493130	0.155128	1.061457	-0.256036	-1.058284	-1.215662	-0.009233	-0.672079	-0.607112	0.605442	0.288538	-0.355422
	-0.072512	-0.144414	-1.271512	-0.448730	0.465748	-0.067766	2.170834	-0.224970	0.439228	0.106080	-0.173963	-0.316088	-1.130622	1.214337	0.156711	0.256864	0.457288	0.722369	0.024146
	-0.687581	-1.195103	-1.106698	-2.089258	-0.247078	0.468920	1.960333	0.513587	0.289463	-1.099896	-0.258061	-1.174955	-0.515463	-0.210081	-0.047427	-0.389844	-0.244539	-1.113078	-0.123645
	-1.680068	-0.027661	-1.529936	-1.456129	-0.043875	0.168931	0.144626	0.255825	0.541088	-0.454609	-0.014873	-0.249324	1.390000	2.085468	0.085516	0.927043	1.224992	-0.348171	-0.563522
	-0.500911	-0.776178	-0.112778	0.429261	0.643719	0.674003	2.033183	0.392608	0.825293	0.649312	0.500807	0.386851	0.261733	1.695236	1.632212	1.851370	1.652296	0.153007	0.257199
	-0.138008	0.110361	0.368992	0.694911	-0.729293	0.198236	1.869326	0.440441	0.834056	-0.251944	0.812717	-0.575192	-0.014283	-1.679934	-0.392040	-0.772076	0.449549	-0.115404	-0.302971
	0.726749	-0.438672	-0.331621	-0.308103	0.246654	0.112258	0.472427	0.615793	0.825181	-0.659326	-0.025102	-0.800710	-0.169774	-0.624632	-0.054373	0.164697	-0.355925	-0.170970	-1.819609
	-0.032881	-0.597417	-2.953314	-1.255764	-0.814600	-0.839517	0.887277	0.316882	-0.116612	-1.200309	-0.506976	-0.133402	-0.454224	0.822371	0.395182	0.619732	0.246021	0.565572	0.278987
	-0.267070	1.167095	-0.578039	-1.283463	-0.630296	-0.078859	1.608530	0.495393	0.752266	0.413350	-0.051769	-0.446135	-0.637951	0.833186	1.052474	0.469109	1.489550	0.831618	0.582593
	0.237665	0.745349	0.162682	-0.668943	-0.089002	0.076369	0.816562	0.228173	-0.368218	-1.294814	-0.129834	0.469799	0.139190	-1.307848	-1.328538	-1.049339	-0.416533	-1.112546	-0.697117
	0.429392	0.759539	-1.408730	-0.290047	0.377925	-0.882036	0.026415	-1.417198	-0.704226	-0.836745	-1.919764	0.098505	-0.366745	0.178224	0.243327	-0.108002	0.483290	-1.420942	-0.608334
	0.534602	0.323689	-2.521014	-1.668024	-0.174816	0.697790	-0.325891	-0.572994	-0.977664	-0.572291	-2.260116	-0.354200	-1.017290	-1.321847	1.380561	0.206901	0.718899	-0.821142	-0.438919
	-0.277734	0.492852	-1.588630	-0.698875	0.155087	0.831037	1.181540	-0.142304	0.763769	-2.128029	0.722577	-0.408949	1.082421	0.058355	0.157571	0.046792	1.154342	-1.144213	-0.164682
	-1.169976	-0.738498	0.119803	-0.712688	0.739722	0.486077	-0.293284	0.607478	-0.135341	-0.618523	0.912919	-0.139842	1.077881	0.416966	-0.206899	-1.094750	-0.331030	-1.129085	-1.123145
	-0.297804	-0.762400	-0.627060	-0.832848	-0.056368	0.182661	-1.328982	-0.525841	0.964673	-0.118294	-1.778081	0.645190	-0.602969	0.209199	-0.551386	1.138742	1.097719	-0.351920	0.192137
	0.381452	0.032816	-1.366280	-0.133077	-0.470891	-0.032992	2.990029	-0.379393	0.161505	-1.304057	-0.498888	-0.317786	0.223708	-1.140036	-1.345784	0.166427	0.274093	-0.561649	-0.253201
	-1.843160	-1.149561	-0.304761	-0.586029	-0.641155	-0.694787	-0.429760	-0.119872	-0.495232	-0.932903	0.558948	0.063465	-1.127896	-1.677677	-1.025858	-0.696566	-1.416799	1.403964	0.686344
	-0.506728	-1.248120	-0.039036	-0.770103	-1.765895	-1.665367	-0.280805	-0.928617	-0.555883	0.487707	-0.473155	1.153621	-0.541729	1.023355	-0.042771	0.454632	-0.002451	0.273170	1.256459
	-1.373964	-0.805105	-1.540820	-1.387589	-0.600255	0.205608	-0.553172	-1.219830	0.020977	-0.741480	-0.815275	0.166692	-0.521310	0.422634	1.521316	1.014175	0.261472	-0.303436	-1.419846
	-0.902018	-0.635039	-0.367213	-0.034837	0.194932	-0.049285	1.862429	-0.848292	-0.492527	-0.923078	-0.083962	0.336775	-0.071202	0.624424	1.674398	-0.726615	1.166133	-0.301196	0.457642
	0.928719	-0.651544	-0.204890	0.899100	-0.800341	-0.595797	1.397591	-0.454697	-0.922818	-0.221196	0.636069	-0.513095	0.821369	-0.182440	-0.690786	0.616391	-0.647393	0.378543	0.169568
	-0.823685	0.201326	0.436854	0.585222	-0.330528	-0.530238	0.769568	-0.345440	0.203158	-1.128913	0.002274	0.014544	0.913592	0.498995	0.087592	-0.071309	-0.277429	0.089388	0.910046
	-0.366631	-0.539419	-0.024818	-0.892752	-0.470326	-0.349381	-0.665147	-0.245715	-0.180109	-0.172781	-0.277773	1.032023	0.443699	0.561739	0.579169	0.796497	1.335603	-0.097279	-0.767280
	-0.210339	-1.105424	-0.417626	-1.082135	-0.175088	-1.110155	0.101676	-1.249026	-0.816779	-1.441322	0.707008	-1.397720	-0.228773	-0.432661	-1.231810	-1.113304	0.081076	0.695114	1.419876
	-1.830170	0.431965	-0.590290	-0.059890	-0.064125	0.180400	-0.406035	-1.400825	-1.314090	-0.826737	-0.583565	-0.985937	0.286105	-0.427287	0.104422	1.712440	-0.317474	0.969353	0.173302
	0.647290	0.303273	0.955334	0.416540	-1.121584	-0.227959	0.590138	0.157251	-0.156814	0.404132	2.171626	-0.964181	-0.186135	-0.838321	-0.674786	0.377036	0.858137	-0.308459	0.288286
	0.682250	-0.283020	-0.083613	0.374520	0.008852	0.316184	-1.364499	0.090886	0.090289	-0.199734	-1.620390	-0.339891	-0.594606	-0.563867	1.202185	0.028313	0.922169	0.007972	0.990946
	-1.018484	-1.083447	-1.127253	-0.920339	-0.393742	0.484069	-1.657134	-0.928240	0.374791	-1.208290	-0.763558	0.327176	0.098067	0.472674	-0.475481	0.104607	0.256028	-1.133061	0.364134
	1.096553	0.891245	-0.019431	0.698022	0.171157	0.088278	0.976491	-0.139411	-0.269368	0.833177	0.655562	0.180817	0.355968	-0.613801	-1.080373	0.773237	1.408933	0.616542	0.403309
	0.617363	-0.653207	0.124128	-0.270177	-0.338518	0.328841	-0.099816	-0.092593	-0.456754	0.067265	-0.120683	-0.189316	-0.136413	-1.392551	-0.220979	-0.687688	-0.470191	-0.209309	-0.430294
	-0.035673	0.318175	-1.144352	-1.606390	-0.740229	-0.125587	-0.795394	-0.763615	-0.448623	-0.584812	-1.218326	0.075297	0.553210	-1.641919	0.374420	-0.505648	-1.421195	-0.153358	0.647880
	-0.246949	-0.015625	-1.603001	-1.602868	0.323135	-0.296807	-1.312305	-0.899953	-0.993014	0.438985	-0.848556	0.265940	0.088366	1.206860	-0.273381	-0.716017	-1.111418	-0.833093	-1.421352
	1.163389	0.056800	-0.681374	-0.613325	0.346615	0.504747	-0.551525	0.407804	-0.482925	-0.312650	0.205228	0.339508	0.830431	0.388260	-0.676199	0.537982	0.456959	-0.356994	-0.429410
	0.541252	-0.149535	0.813085	0.391214	0.601139	0.368258	0.928396	0.232803	-0.390941	0.013528	0.336060	0.802972	0.931938	-0.074330	-0.459867	-0.330551	0.390085	0.074558	-1.080726
	1.269545	0.514499	0.519101	0.143101	-0.525818	0.368766	-0.689516	-0.821860	-0.744986	0.120889	0.227783	1.841989	1.937560	-0.203211	-0.849512	0.419945	-0.744854	-0.470657	-0.237488
	0.707441	-0.337201	-0.476802	-0.777546	-0.522682	0.671441	-0.223875	-0.118537	-0.074619	0.608881	0.338602	0.282590	0.202616	-0.557780	-1.238655	-0.437032	-1.581362	0.710457	0.313386
	-0.327240	0.533808	-1.109731	-0.982082	-0.656098	-0.996534	-1.838040	-1.562216	-1.335320	-0.641417	-0.354738	-0.810380	-0.995816	-1.947907	-1.283294	-1.678396	-1.333565	-0.559672	0.000153
	2.171980	0.220402	0.070768	0.821424	-0.261154	-0.545984	-2.537157	-0.065124	0.481371	-0.025504	0.116208	-0.680511	-1.086249	-0.551647	-0.799068	-0.363514	-0.558291	-0.418548	0.284227
	0.402872	0.343758	2.413127	1.970491	0.384504	0.134237	1.252434	1.601837	0.293063	1.181097	1.771380	-0.410269	0.112024	-0.858835	-0.544637	0.630356	0.202407	1.728364	-0.986431
	0.188916	-0.422582	0.693614	0.223605	0.270895	-0.270193	-0.076185	-0.205242	-0.434076	-0.101057	0.827796	0.172958	0.542673	-1.821953	-0.710317	-1.587929	-2.015545	-0.848688	0.966405
	-0.322517	-0.406650	-0.521796	0.086091	-0.860319	-0.319005	0.543250	-0.992354	-1.021008	-0.111296	-0.317847	0.301444	0.493613	-2.255190	-0.437325	-0.126446	-0.936889	1.431118	-1.161694
	-0.377794	-0.574816	-0.167144	0.456142	-1.309539	-1.128639	-1.643138	-1.315136	-0.563314	-0.187458	-0.219136	-0.844419	-1.343537	-1.812037	-0.686829	-1.337008	-0.761071	-0.503703	0.225853
	-1.020945	-0.801971	2.326019	1.126674	-0.245723	0.227399	2.118229	0.574171	-0.314641	0.821839	1.336668	-0.251108	0.271068	-1.296628	-2.391769	-0.648176	-0.491078	1.490104	-0.244450
	-2.324064	-2.059234	-0.631803	-0.822998	-1.182422	-2.121826	-3.284362	-3.037698	-2.416681	-0.539954	-1.757338	0.114666	-1.347977	0.540169	-0.149211	-2.187923	-2.651866	-0.055176	0.599742
	0.506289	-0.260155	0.241419	0.173470	0.472507	-0.851147	-4.658555	-2.229022	-2.270909	-1.105775	-1.684838	-0.960634	0.368367	1.473107	1.772002	-0.623225	-1.584557	0.933069	-0.597504
	1.257553	0.781620	0.515792	1.141549	0.449148	-0.297164	-0.740078	-0.984773	-0.866340	-0.948130	-0.408206	0.416764	0.192533	0.495183	-0.361658	0.508505	-0.292508	0.127095	0.633453
	-1.286847	-1.150373	1.246509	0.861047	-0.987945	0.410081	-0.852143	-0.612033	-0.732279	-0.592317	-0.198040	0.136562	0.775619	-0.472319	-0.062590	-1.736533	-0.894356	-0.789695	0.456740
	-2.558848	-0.711244	1.068414	0.216981	0.069551	-0.105387	-2.933617	-0.944549	-0.144748	0.867663	-0.518940	-0.071662	-0.533484	1.787578	0.374802	-0.280787	-1.426877	-0.268284	0.894022
	0.276500	0.455918	1.801940	0.624259	0.136960	0.065503	-0.834674	-0.811481	-1.839659	0.714026	-0.975026	-0.202203	0.031493	0.154739	-0.144117	-0.264624	-0.687396	0.182100	0.563062
	-0.339347	0.682012	0.075779	1.223593	-1.235252	0.005773	-3.475863	-2.196535	-1.947088	-0.083788	-1.465863	-0.420359	0.008077	-1.130323	-1.386427	-1.573048	-1.399177	0.211934	-0.131410
	-1.132408	-0.397541	1.070164	1.408622	-0.429133	-0.123939	-1.837897	0.228810	-0.253268	0.310894	-0.280197	-1.081005	0.014492	-0.138551	0.821808	-0.877093	-1.063151	-0.066098	-0.636258
	-1.241137	-0.151069	1.251839	0.999345	0.527247	-0.038461	0.973459	0.148532	0.869633	1.472211	0.021315	-0.302998	-0.436640	0.003277	0.397635	-0.666682	-0.696494	-0.187780	0.997569
	-1.969814	-0.869646	0.294401	-0.182199	-0.134308	-0.635432	-1.648028	-0.944195	-1.704093	-0.418776	-1.940496	-1.442569	-1.031817	-0.478454	-0.323517	-1.489624	-1.826781	-1.315935	0.284681
	-0.243664	-0.762614	-0.218840	0.448167	0.720894	-0.669452	-1.684029	-1.712518	-1.985757	-0.510270	-1.729202	-0.883223	-0.292856	0.261592	-0.172924	-1.371034	-1.031995	0.669009	0.887352
	-0.161184	0.991233	-1.967736	0.567454	0.396775	-0.971286	-1.881401	-1.135055	-0.243857	-1.112888	0.500101	-0.739837	0.052940	1.700246	0.721563	0.390064	1.262915	0.591889	-0.793533
	-0.371172	0.443129	0.165797	1.413416	0.887883	0.685349	0.127801	0.528141	0.844831	0.219659	1.310957	-0.422690	-0.160060	-0.576898	0.134891	0.067084	0.873535	0.193957	0.172388
	-1.260050	-0.208944	2.070461	0.898767	-0.238659	0.226236	2.099441	1.577935	0.755373	0.887822	0.152208	-0.983186	0.694737	-1.392804	-2.062025	-0.661593	-0.935961	1.362469	0.096006
	0.353914	0.609039	1.171574	-0.188817	0.859780	-0.775211	0.593969	-0.242532	-0.302847	-0.387074	-0.334559	0.906143	-0.600681	-0.101426	-1.214156	0.754950	1.478839	-0.161613	-0.318604
	-0.138239	0.489964	-0.027681	0.911048	-1.106204	-0.129622	0.010751	0.569171	-0.307302	0.638679	-0.431949	-1.226138	-1.234587	-0.572519	-0.046734	0.132637	0.066372	-0.069039	-0.559224
	1.445758	0.459128	0.797528	1.384336	-0.553245	0.197431	0.526566	1.988099	1.617685	1.324573	0.683362	-0.924616	-1.296440	-0.561650	0.163082	0.172938	-0.388696	-0.192105	-0.399012
	1.060416	0.049081	1.698347	0.798470	0.296301	0.040404	-0.821897	0.698178	0.766781	0.403468	0.228684	-0.232026	-0.586576	2.530793	0.608774	0.783952	0.504239	-0.177521	0.002282
	-0.177020	0.902320	2.022962	0.616553	0.379741	-0.402231	2.122916	1.790554	0.712927	0.544729	0.057892	0.495804	0.439398	0.387479	0.660909	0.634757	0.974246	1.200396	2.174558
	-1.200003	-0.781848	0.327116	-0.398258	0.627322	0.922525	-0.357735	0.595466	0.966752	0.713051	0.252526	0.810401	0.349376	0.020615	1.030692	1.189279	1.692707	0.315784	0.402694
	0.424408	0.366701	-0.627210	0.529409	0.731339	0.491953	0.159925	0.177681	0.297350	0.479339	-0.598748	0.583794	1.032412	2.057420	2.311603	1.480191	1.105355	0.244428	0.229693
	1.266166	0.416636	-0.251811	0.373435	1.518533	0.036473	0.645640	1.439031	0.965322	-0.768172	0.816687	-0.231305	0.155199	1.312996	1.698459	0.390371	-0.415132	1.856904	0.005043
	1.237758	0.951226	1.418707	1.375073	0.806411	2.134456	2.149261	2.505531	2.168937	1.105421	1.931143	0.237852	1.045320	1.739284	1.183321	0.753583	1.639468	-0.591022	0.176206
	-0.350058	0.497871	1.069279	0.765178	0.616585	0.937423	2.473976	2.420001	2.338830	0.751878	1.997541	0.158307	0.653994	-0.399005	-0.295949	0.150396	0.946662	-0.855138	-0.569966
	0.691813	0.269727	-3.356702	-0.565160	-0.631896	0.382611	0.792755	0.331805	0.769421	-0.965209	0.116828	0.855168	-0.205672	0.499966	1.561424	-0.244320	0.625243	0.056758	-0.934122
	2.189312	0.949182	1.163303	2.170851	0.357156	0.022788	0.872997	1.502528	1.037036	1.242726	0.902699	-0.510894	-0.010691	2.746825	2.031293	2.793025	1.955982	0.493094	-1.904018
	-0.239736	1.192761	2.820971	1.783991	-1.198993	0.573772	4.395460	1.547432	1.949072	0.347853	2.287263	-1.050023	0.511121	-1.728095	-0.855152	-0.382915	0.901794	0.645187	0.128170
	-0.347344	-0.804616	0.691760	-0.765576	-1.210788	0.215314	-0.091340	-0.154482	-0.188212	-0.649011	-1.306583	-1.252248	-0.401518	-0.757538	-0.707275	-1.239505	-0.855996	0.566972	0.948991
	-0.753679	-0.816434	-0.146775	-0.118076	-0.173110	-0.785902	-1.090010	-0.540726	-0.841709	-1.390744	-1.229955	0.138290	-1.259480	0.612126	1.384436	0.392372	1.205064	0.291586	0.910762
	-0.381011	-0.365325	-1.663166	1.002006	-0.120224	-0.300038	-1.284687	-0.085880	0.638161	-0.268650	-0.377348	0.056039	-0.454237	1.655217	1.762659	0.972284	1.927661	0.438407	0.780838
	1.286444	-0.344286	2.044476	1.287995	-0.753634	1.012211	3.341128	2.137932	2.127755	0.958469	1.798801	0.296085	-0.209407	-0.571573	-0.529093	1.353217	0.595345	-0.529999	1.125549
	1.358180	0.947142	1.619087	0.968477	-0.258647	-0.494036	2.009336	1.370469	2.030458	-0.180164	1.009991	0.098036	-0.769828	0.201602	-0.105952	-0.507470	-0.577419	0.082888	0.046932
	-1.794677	-1.311434	-1.660165	-1.178648	-0.518351	-1.286131	-3.235791	-0.997320	-0.704675	-1.259282	-1.879106	-0.364399	-1.911625	-1.130424	0.411050	-0.690885	0.808525	-0.552808	-0.644855
	0.531567	-0.355966	-0.737519	0.670046	-0.490936	0.358518	1.052294	1.105879	0.274513	-1.198559	0.380781	0.914913	0.979777	2.664124	0.748855	1.977292	2.430860	0.192689	1.066716
	2.206984	0.605088	1.299196	0.814078	1.262091	0.457520	3.317671	2.246567	1.393768	1.011289	1.360233	0.903658	0.889101	1.220003	1.712292	2.402439	2.658920	-0.291772	-0.781095
	1.443096	0.588260	1.429516	1.249159	1.169611	1.476161	2.777385	0.847872	1.176016	1.124857	2.755482	0.185863	0.192935	-1.277567	-0.207314	0.891765	0.182598	0.246564	0.351772
	0.647513	-0.385229	-0.210629	-0.227677	0.366062	1.276611	-0.166865	0.843981	0.551066	-1.248067	-0.852777	0.256073	-0.130997	-0.769877	0.280190	0.172129	-0.363292	-0.027296	0.038833
	2.099267	0.812506	1.430749	0.476407	0.562362	0.768422	1.714764	1.220255	0.479116	-0.417241	0.886049	0.177774	0.646334	-0.488365	0.133322	0.529944	2.965118	0.557748	0.257473
	1.994963	0.339042	1.489294	0.961080	-0.253991	-0.466554	1.109522	1.610402	1.725654	1.113427	0.843872	0.859647	0.312034	-0.906357	-1.234000	0.141589	-0.141676	-0.614146	-0.537379
	2.036795	0.599679	-0.533352	0.195253	0.937005	-0.411775	2.243873	1.042331	1.259195	-0.208588	2.264950	1.795634	1.258681	-1.024609	0.291700	0.636350	0.570119	-0.413244	0.285248
	0.816044	0.470251	1.757188	-0.802824	-0.376064	0.140085	1.503598	-0.040342	0.262420	-0.934350	0.628889	0.812774	1.230219	-1.579656	-0.278447	0.316583	0.223188	-0.967187	-1.060471
	1.940172	1.048333	0.514721	0.426617	-0.970083	0.776055	0.601156	0.523569	0.681552	0.023372	-0.366181	1.877547	0.513300	0.123744	0.732190	-0.727472	-0.677798	-1.257988	-1.156938
	0.797833	0.222021	-0.821681	-0.854029	-0.282484	0.267836	-0.780811	0.416213	0.254684	0.585927	-0.724712	1.200404	1.984692	0.981549	-0.485639	0.104974	0.873240	-2.343820	-0.663346
	1.283423	0.369961	0.747740	0.218098	0.189765	0.061849	2.072304	0.296806	0.910172	-0.828705	-0.397310	1.049552	0.885642	0.809714	1.486210	1.759400	1.720519	-1.805849	0.062524
	2.334310	0.651404	0.979890	0.625127	0.196371	1.503817	3.456763	0.188542	0.787180	1.045459	0.839405	1.638413	1.658834	0.048288	0.834284	0.701417	0.555784	0.981952	-0.000644
	0.449868	0.076613	-0.294615	-0.516216	0.291721	0.352432	0.281374	0.431239	1.134060	-0.604301	0.790494	1.812131	2.179674	0.799167	-0.964406	0.145905	-0.060927	0.588081	0.622259
	0.973497	0.152493	-0.615468	0.176832	0.636819	1.175308	-0.874011	0.530988	0.675296	0.665681	-0.174605	0.519427	0.766645	0.234973	0.183568	-0.402714	-0.962967	1.757806	-0.106486
	2.130103	1.607356	-0.135136	-0.612380	0.983333	0.439697	0.321091	0.675571	0.462630	0.228913	-0.114040	0.080960	0.541796	0.397071	-0.153620	0.846472	1.223564	-0.088687	0.254487
	-0.345335	-0.100368	0.132681	0.128779	0.186272	0.329196	2.979843	1.381474	-0.652116	1.485790	1.307090	0.207489	-0.419372	0.417543	-0.734973	0.959250	0.231325	0.604661	1.315785
	-0.898585	0.071231	-0.060330	0.113915	-0.185304	-0.244967	0.528632	-0.361415	0.457762	0.289949	-0.845386	0.292481	-0.679666	-1.063677	0.374171	-1.352266	-2.325742	0.734300	0.091837
	0.566303	0.405079	0.139341	-0.590571	0.340326	-2.091796	-0.918083	0.802846	-0.236777	1.030912	0.582650	-0.115278	-0.400745	-0.320533	-0.282004	-0.261851	-0.675110	0.160578	1.412182
	0.828447	-0.761922	-0.421442	-1.353251	-2.177442	-0.722930	0.440665	-0.046874	-0.531797	-0.623077	-0.454630	0.148823	-1.234818	-0.537530	-0.177061	-0.335276	-0.314688	0.238484	0.217097
	-3.076073	0.051716	-0.854497	-1.007172	-0.349378	-0.714711	0.736689	-1.550517	-1.556226	-0.439896	-1.217534	0.424599	-0.034818	1.469225	-0.522320	-0.210018	-0.661258	0.923380	0.949714
	-0.666906	-1.394558	-0.709198	-1.077573	-1.028580	-0.641678	-0.141724	-1.778944	-1.351825	-0.331452	-0.050366	0.748034	-0.667860	-0.423699	-0.610777	-0.401861	-0.667592	1.006330	0.969798
	0.615144	-0.660697	-0.171153	-0.207781	0.665372	-0.301488	-2.892758	-0.688247	0.400415	-0.684099	0.168962	0.868324	-0.430621	0.816754	-0.375541	-0.093748	-1.284749	0.715934	-0.913606
	-0.705482	0.478706	-0.395364	-0.489745	-0.674544	-0.533620	0.218495	0.034875	-0.893751	-0.302801	-1.208552	0.441220	-0.244803	-1.354990	-0.589324	-0.651903	0.139003	-0.371563	-0.361189
	-1.442568	-0.808814	-0.465955	-1.283703	-0.570435	-0.514899	-1.653408	-1.510569	-0.901450	-0.848145	-1.158485	-0.198806	-0.013147	-0.907764	-1.232172	-0.487990	-0.838171	-0.846215	1.627233
	-1.355557	-0.725314	-1.596881	-1.862359	0.061459	-0.424325	-1.450846	-1.918415	-1.715823	-0.261493	-2.002329	0.266133	-0.670836	1.500651	1.158720	-0.036892	-0.521884	0.733020	0.797002
	-0.960901	-1.147056	-0.392355	-0.473973	-0.476034	-0.351338	-0.750897	-1.748692	-1.112310	-0.509542	-0.914554	0.341455	-0.051089	-0.457636	-1.160469	-0.600848	-0.605758	0.200373	-0.319753
	-1.271318	-0.940625	0.061359	-0.511873	1.131758	-0.426603	-2.494531	-1.216082	-0.721281	-0.928606	-0.770855	0.842803	0.333819	0.398879	-0.358742	-0.615599	-1.025645	0.522480	0.492448
	-0.764654	0.863168	0.084901	-0.615517	1.884641	-0.403709	-1.131147	-0.444403	-0.869790	0.704156	0.158818	-0.735097	-0.204945	1.313029	1.116046	-0.330004	-0.740829	-0.232208	-0.770584
	-1.579856	-1.018019	-0.934484	-0.412047	-0.303509	-0.479806	0.043569	-1.618573	-1.428488	-0.173514	-1.299916	-0.255043	-0.686657	0.013317	0.278596	-0.773682	-1.131027	-0.228053	-0.119973
	-0.843553	-0.127934	-0.854673	-0.583382	-0.308163	-0.000176	-1.424059	-1.846547	-1.551608	-0.711504	-0.820078	-0.473112	0.653560	-0.410170	0.199405	-1.157189	-0.850365	-1.313420	-0.943449
	-1.216081	0.093920	-0.257686	-0.427640	-0.443387	0.494122	-2.617657	-1.240290	-0.956937	0.497043	-0.400145	-0.167316	0.232593	-1.074021	0.702397	-0.826818	-1.245000	-0.838355	-0.367919
	-0.340642	-0.415115	-0.995226	-0.059515	0.246379	-0.351920	-1.565399	0.203213	0.193901	0.462081	-0.255127	-0.012248	-0.375209	1.399799	1.579392	0.334622	0.427126	-1.156719	-0.278845
	-0.856483	0.352980	-0.775900	0.130889	0.408573	0.327717	0.231304	-0.241573	-0.764076	-0.444888	0.216710	-1.345303	-0.160096	-1.710824	-1.176291	-0.372857	-0.666976	-0.456844	1.410622
	-0.427059	0.406342	-0.746612	-1.169087	-0.376921	0.237043	-1.298886	-0.786902	-0.170182	-0.141312	-1.008427	-1.100764	-1.519299	-0.568980	-0.385394	-1.251815	-1.079692	-0.204429	-0.380470
	-0.765550	-0.658357	-0.944897	-0.786380	0.380293	-0.108112	-1.027610	-0.469358	-0.510224	0.332060	-0.230674	-0.764705	-1.131823	0.538657	-1.179904	-0.340581	-0.317428	0.391971	0.373831
	-1.234478	0.618249	-0.922108	-1.132189	0.359429	0.706263	1.623000	-0.913869	-0.471429	0.175383	0.773316	-0.755219	0.012972	-0.435501	-1.038440	0.168674	-0.001571	0.155397	-0.252562
	0.398584	1.161591	-0.716147	-1.424538	0.925695	0.369720	1.392151	0.830724	0.121140	0.702949	0.452630	0.150825	-0.098829	-1.849315	-1.499941	-0.684086	-1.588125	0.597225	-1.773362
	-0.102025	0.604969	-0.891303	-0.848481	0.079976	0.004789	-1.547574	0.882744	-0.410811	0.126018	-0.137160	-1.903028	0.221590	0.756272	0.643482	-0.464195	-0.793773	-0.602482	0.103611
	-0.986575	0.189652	-0.933746	-1.201362	-0.004174	0.408102	-0.601345	-1.552863	-1.010844	0.524687	-0.655790	-1.776416	-1.057561	-1.210700	-0.191700	-0.656246	-0.985092	-0.012945	-0.840006
	-1.534237	-0.790866	-0.528512	0.352271	0.294539	-1.453791	-2.522868	-1.058081	-1.235085	-0.079518	0.538373	-1.482683	-1.589156	0.629838	-1.093246	-0.649494	-0.988328	0.419276	0.268127
	-1.077633	-0.261694	0.617680	0.362998	0.071684	-1.011539	-1.255183	-1.183805	-1.404473	-1.341410	-0.261297	-0.363507	-1.253492	-0.577224	0.043502	-2.076391	-2.484779	1.253678	-0.777252
	-0.738982	-0.303053	0.379232	0.739488	0.459696	0.277610	-1.623564	-0.099901	0.443623	1.114971	-0.907290	-0.324933	0.435981	0.021464	0.628855	-0.096799	0.284429	-0.474665	-0.879938
	-0.023826	-0.877666	-0.530818	-1.190060	0.511091	0.696806	-0.513943	-0.028294	-1.134926	-0.671495	0.244650	0.780353	-0.301245	2.092254	1.387277	1.013667	1.193807	0.091279	0.260485
	0.379875	0.923010	0.094506	-0.419393	0.445865	0.784869	4.016819	0.845004	0.650284	-0.903362	-1.393096	1.254506	1.464637	-0.133455	1.647686	-0.045059	1.064690	0.681487	-0.132568
	-1.569091	0.068098	-0.161509	0.263476	-0.411803	-0.706922	0.592623	-0.097747	0.589174	-0.256959	1.072137	1.380536	0.682125	0.532046	-1.486773	0.175265	-0.446614	1.087799	0.538959
	0.274566	-0.431832	-0.502273	-0.808052	0.109038	-1.070097	0.546666	0.341881	-0.453772	-0.719744	-0.662806	0.294931	-0.695819	1.230786	1.258300	1.159032	0.564307	0.026101	-0.165978
	0.726486	0.243991	0.104445	-1.030309	-0.707201	0.387262	0.416760	-0.642332	-0.891968	-0.274303	-0.313982	0.842816	-0.537740	0.795142	0.501407	-0.275740	0.067557	0.075567	1.008327
	0.306810	0.547199	-0.091445	-0.763681	-0.453028	-1.238751	1.288320	-0.100118	-1.059151	-0.072019	-1.066569	1.030002	-1.071160	0.560254	-0.264352	0.148345	0.155556	-0.579899	-0.447286
	-0.069462	0.288021	-0.513809	1.111586	-0.310913	0.458262	1.471191	-0.474504	0.318201	-1.380945	-0.354369	1.157919	0.133692	-1.086654	-0.974794	-0.228112	0.810822	0.050033	-0.172673
	-0.714612	0.449626	0.076642	0.641067	0.112803	0.552645	-0.957068	0.099764	0.470947	-0.083319	-0.862893	-0.281872	1.449477	-0.513958	0.707624	-1.284585	0.210323	-0.979478	-0.377517
	0.797607	0.192638	0.107681	-0.612547	-0.019766	-0.087267	-3.135974	-0.602077	0.539826	0.000138	-0.295137	0.004290	1.364166	2.902153	2.226027	0.702245	0.555167	-1.712239	-1.089029
	1.672373	0.338239	0.113064	-0.036969	1.470826	0.717380	-1.107182	1.193162	1.440865	0.117406	-1.345933	-0.921197	0.761796	1.557422	2.070928	0.844243	1.869330	-1.096376	-0.529883
	1.125687	1.581728	-0.307821	1.505678	1.007062	1.566789	1.695099	0.261381	1.738840	0.430657	0.599313	-0.547876	1.584434	0.821222	1.168855	0.843745	1.793375	-0.729538	-2.148388
	-0.035449	-0.027438	-0.027487	1.028315	1.032057	1.076014	1.071351	-0.631218	0.070022	-0.939627	0.275667	0.043707	-0.226904	-0.285723	-0.309780	-1.024372	-0.350562	-0.418280	-0.743085
	0.099140	0.085427	1.362452	0.334956	0.014647	0.444695	-1.921723	0.116028	1.106984	0.340978	-0.112247	0.215738	-0.827060	0.118559	0.202622	0.661460	0.945736	-0.310120	-1.210342
	0.897032	1.267093	0.159499	0.952649	0.371694	0.424026	-1.393325	0.409289	0.250286	1.744138	0.700487	-0.910808	-0.201087	1.311694	1.380359	0.002051	0.352191	-0.649928	-0.802631
	2.527994	1.780624	-0.388411	0.872834	1.543761	0.484159	0.435536	0.498380	1.109422	1.191928	0.941691	-0.515511	0.377860	1.026292	1.161415	0.535184	1.383919	-1.803768	-1.267552
	0.360287	1.146421	0.851463	1.140429	0.822076	1.704045	1.885685	0.391196	1.373329	-0.016135	1.725170	-1.069217	0.599064	-0.073060	-1.330047	0.565179	1.046701	-1.800239	-1.559302
	-0.994153	0.440889	0.661761	1.247080	1.111473	0.639611	-1.143717	0.714916	0.619241	0.169252	0.394327	-0.206605	-0.389074	0.454283	1.163707	0.205131	1.805932	-1.038658	-1.635272
	0.611830	0.094408	1.629195	1.392629	1.892339	0.334105	-0.825697	1.263116	1.036701	1.589564	0.338000	-0.480718	1.804394	-1.356250	-0.748740	0.320223	1.003885	-0.175740	-1.672922
	0.332916	0.437255	0.440954	1.173330	0.978609	0.397241	1.878771	1.210444	1.115339	1.642304	1.442174	0.102146	0.851207	0.308174	-1.859126	-0.207545	-0.394465	-0.639227	-2.116752
	-0.517535	0.405810	-0.460921	-0.399002	0.704838	0.407940	-0.231581	1.394679	0.909143	-0.168441	-0.177654	-0.430969	-0.571727	0.993326	-0.432016	0.764473	0.978594	-1.387531	0.088471
	-1.175060	-0.337741	-1.152181	-0.154137	-0.354739	0.435604	-1.120745	0.796390	0.847827	0.250200	-1.007451	-0.861581	-1.224886	0.920855	0.561565	0.611640	2.363093	-0.074635	0.913641
	0.173148	-0.468431	0.027154	0.725293	0.632114	1.163057	0.347056	0.905242	0.501910	1.260688	0.778554	-1.005814	0.449656	0.837388	0.359945	0.944197	1.537576	-0.130306	0.206627
	0.040037	-0.093130	0.714148	0.289817	0.169125	1.569393	-0.842042	0.766145	0.415904	0.581460	1.340535	-0.442156	-1.232730	-0.040219	0.647590	0.125948	0.549048	1.207484	-1.077369
	1.728395	0.877277	-1.633168	-0.044007	0.217640	1.597558	-0.150144	1.508426	1.858434	1.366703	0.782538	0.271337	0.684892	0.085545	-0.796272	0.413614	0.528339	-0.030280	0.073907
	0.925163	0.271201	0.165254	0.030851	-0.663835	-0.368070	1.189222	0.619052	0.088845	1.356449	0.910662	-0.021175	-0.023222	-2.199124	-1.109654	1.173765	0.953854	0.944104	-0.064075
	-2.103367	-0.894093	-0.599007	0.486363	-0.323099	-0.884404	-0.881397	-0.314522	1.259325	-0.309956	-1.155755	-0.767771	-0.854942	-2.206658	-2.523126	0.754204	0.240137	0.430929	0.021132
	-0.168754	-1.854864	-0.597677	0.041008	-1.329733	-1.216431	-1.188067	-0.388987	-0.052972	1.103530	-0.530765	-0.207347	-1.107512	-2.387241	-1.728376	-0.808282	-0.631992	0.290167	-0.401193
	0.157715	-0.633077	-1.586832	-0.938200	-1.443709	-0.466083	-1.401445	0.013786	-0.745044	-0.484242	-0.815774	0.581318	-0.749758	-1.149505	-0.261035	-0.935224	-0.966373	-0.955079	-0.020483
	-0.439210	-1.718114	0.604447	-0.057661	-1.122594	-1.241611	-1.891323	-0.507350	-0.084270	1.281848	-0.719152	-0.257324	0.380682	0.037636	-1.089994	1.587973	0.352626	0.723006	0.946957
	-2.651874	-1.806912	-1.083817	-2.760752	-0.868078	-1.626351	-1.204840	0.315260	-0.420480	-0.421588	-0.825396	0.399189	0.234676	-0.974905	-1.514042	0.901720	-0.458641	0.554577	0.317507
	-1.434064	-0.461138	-1.360236	-1.380212	-0.829601	-0.521207	-0.565884	0.450862	0.613491	-0.565616	0.022997	0.478567	-0.056164	-1.725760	-0.091866	-1.465249	-0.845526	0.294547	0.916523
	0.537428	-1.134711	0.826762	-0.081998	-0.349489	-0.617169	-1.401988	0.373821	0.306887	1.209767	1.481874	1.157658	0.226140	-0.762139	0.231502	0.771843	-0.100875	0.838348	1.076856
	-1.290589	-0.267402	-0.006703	-1.336609	-1.798368	-0.679679	0.599568	-0.063804	-0.100563	0.568393	0.586093	0.370618	-0.152941	0.671746	-1.035994	0.692772	-0.542672	0.833201	0.992633
	-1.653304	-2.047960	-0.648517	-1.312871	-0.126664	-1.347733	-2.073492	-2.001795	-1.896879	-1.455643	-1.512360	0.951273	-0.931501	-1.237119	-0.901683	-0.798939	-2.251608	1.307468	1.305819
	-1.516558	-0.829214	-1.475578	-1.249946	-0.711250	-0.615004	-3.761388	-1.746970	-1.695250	-1.281316	-1.908521	-1.069749	-0.637600	0.533865	-0.628348	-1.376758	-1.091554	0.457952	1.761650
	-0.090795	-0.802640	-0.345820	-1.014852	-0.557705	-0.811295	-1.929501	-0.007983	0.002291	0.665161	0.142295	0.547771	-0.314822	-0.117767	0.183074	0.823083	0.509178	-1.025280	1.393464
	-0.037245	-0.613303	0.373139	-0.674250	-0.630818	-0.163917	-0.353049	-0.285978	-1.024259	0.328265	-0.192769	0.250568	-0.432179	-0.297501	0.341375	-0.361735	-0.934839	-0.440208	0.730278
	-1.446651	-1.213362	-0.939425	0.059921	1.179967	-0.101941	-1.692121	-1.331245	-0.977205	-0.600235	-1.532908	-0.454748	0.243156	1.298166	0.086116	-0.264617	-1.444027	-1.088849	0.179108
	-1.317931	-1.106958	-0.313371	-1.763437	0.044133	0.373857	-1.437990	-1.314978	-0.799975	-0.446221	-0.603647	0.412485	1.385322	-0.405015	0.775501	0.993321	0.396120	-0.090797	1.221592
	0.938459	0.603014	-1.836787	-1.292220	0.003584	0.959142	-0.803553	0.287465	0.062714	-0.265286	0.543838	-0.323382	1.260407	0.463346	0.295357	1.008608	0.801591	-0.144033	0.737197
	1.457293	0.930595	0.039288	-1.111306	1.329972	0.609641	1.898044	1.310094	1.190800	0.464708	1.470914	-0.203350	0.316097	-2.284956	-1.249806	-0.293777	-0.343346	0.702010	1.899070
	0.982950	0.329119	1.382845	1.387059	0.325105	0.304155	0.655288	0.231881	-0.295886	-0.044365	1.127244	0.154435	-0.315413	-0.924847	-1.538712	-1.225640	-1.947626	-0.394657	-0.779044
	-0.388381	-0.362887	-0.940303	-1.574394	-0.304807	-0.429365	0.308930	-0.308175	-0.746612	-0.809394	0.483460	0.377973	0.174785	0.243798	-0.903076	0.156532	-1.518539	0.539400	-0.137113
	-0.334856	0.454087	-0.683953	-1.591737	-0.671129	0.415881	1.091577	0.043470	0.046332	0.541662	1.118519	-0.858156	-0.401872	-0.880586	-1.900131	-0.035746	0.096749	0.706383	-0.903069
	0.160325	0.394035	0.900665	0.938197	-0.825230	-1.490197	1.117199	1.041786	-0.081909	-0.064931	1.245129	-1.464434	-0.902422	-1.064280	-2.341166	-1.277838	-2.444542	0.881922	0.447357
	-1.020827	-0.678666	1.073832	1.286504	-1.128851	-1.404436	0.099277	0.743815	0.136585	-0.579377	-0.802773	-0.075013	-0.395936	0.375730	0.055257	-0.929398	-0.998726	0.224632	0.500964
	0.139654	-0.873891	0.399782	0.268963	-0.715979	-0.679386	1.579528	-0.494878	-1.341829	-0.412597	-0.332077	0.395131	-0.815733	-0.350514	0.059977	-1.206340	-2.858480	1.376736	1.263017
	-0.579872	-0.775608	-0.060588	-0.100742	-0.506126	-0.145634	-1.020625	-0.282262	-0.974462	-1.546029	-0.153993	0.118199	-0.047155	0.418178	0.888941	-0.662952	-1.666306	0.580716	-0.133152
	-0.595792	0.100736	0.074692	0.934202	-0.642516	-0.574430	-1.401694	-1.089223	-0.610809	-0.978954	0.184615	-0.575744	-1.044743	2.028720	0.934645	0.068534	0.037508	0.354390	1.694480
	-0.757675	-0.787584	0.254690	0.781281	-0.181795	0.481778	0.980712	0.059829	0.095778	0.139738	-0.596071	-0.357571	0.360174	0.011952	-1.475053	-0.560411	0.168835	-0.246870	0.345918
	2.063872	0.308555	2.787067	1.847519	0.056762	-0.221681	2.642350	0.508893	-0.287837	-0.236356	1.623691	0.595242	0.745855	-1.248271	1.619430	-0.266480	-0.939326	0.200049	-0.089011
	-0.180611	-0.197158	1.573758	1.362963	0.748534	0.478178	1.063779	-0.835678	-0.985506	0.523429	0.037724	0.673855	0.549911	1.103254	0.142218	-1.636045	-1.624864	0.954179	1.574950
	-0.839902	-0.037550	-0.580912	-1.462080	-0.707194	-0.631586	-0.413680	-1.067622	-1.008297	-0.891991	-0.362333	-0.034990	-0.178579	0.028107	0.106286	0.916567	0.984746	0.047063	-0.736334
	0.708395	0.977729	0.357184	0.917953	-0.003404	0.146192	2.715506	1.197007	0.396749	-0.322736	2.103366	-0.375636	0.114518	-0.797200	0.407671	1.037053	1.004975	0.966644	-0.044905
	1.582527	1.606158	1.950182	2.261686	0.015550	-0.269149	3.507349	-0.382833	0.230174	0.108979	1.434402	-1.376972	0.077691	-1.269779	0.154184	-0.879445	-1.222201	0.653752	1.342652
	1.756719	0.593028	0.719723	1.974472	0.134309	-0.061408	1.049771	-0.089717	-0.206146	-0.368229	0.744945	0.467479	-0.494494	1.410281	1.571042	0.159392	0.408119	0.593137	-0.095386
	-0.138471	0.801226	0.288015	0.021844	0.615030	0.441352	2.333525	-0.382939	-0.082522	-0.807971	-0.010687	-0.783496	0.243418	-0.406440	0.954517	0.512621	1.532567	1.092867	0.637929
	1.697885	0.451988	0.035212	0.110269	0.718579	0.132466	0.187934	-0.641274	-1.066257	-0.921926	0.157873	-0.428973	0.063811	1.108430	3.156127	1.398539	1.090439	0.019932	0.174906
	2.543667	1.054817	-0.956090	0.192901	0.254230	0.948760	0.803500	-1.011493	-0.869972	-0.530463	-0.291308	0.230703	-0.699851	0.628621	1.531738	-0.054277	0.320663	1.067770	-0.148164
	0.504243	0.367897	1.863830	1.736329	-0.098129	-0.175067	0.508250	-0.599435	-1.009232	0.198732	-0.061694	0.026315	0.539811	-0.256895	0.385640	-0.462013	0.145437	-0.518986	0.319792
	0.702262	0.371825	0.288161	0.886386	0.306433	0.887589	-0.763355	0.064415	-0.418945	-0.822255	-2.167340	0.908021	0.560480	0.717464	1.678212	0.800192	1.670412	-0.217266	-0.959547
	-0.352144	-0.353730	-1.437893	-1.541086	0.241588	-0.664579	-0.949701	-0.790256	0.071795	-0.923504	-1.113972	1.632107	-0.226501	-0.170501	1.780995	0.865504	1.350584	-1.076449	-0.361944
	-0.692645	-1.011305	-1.746331	-1.514612	0.463576	0.151702	-0.554088	0.101923	0.113650	-0.972957	0.169658	1.126541	1.515070	2.268389	1.367101	0.230263	0.971828	-0.805254	-1.081397
	1.423800	1.240409	0.911476	0.841576	0.594282	1.411460	1.946613	0.529052	1.497737	-0.387779	0.606850	0.273203	1.195451	1.102346	-0.493070	1.694335	2.546722	-0.243439	-2.222022
	3.848094	2.028026	2.808296	3.397462	0.458895	0.311957	1.306156	1.917083	1.590855	1.010258	-0.400191	-0.032680	0.967249	-1.348458	-1.864725	-0.180765	0.175192	-0.281193	0.058219
	0.387440	0.631347	0.316243	1.298646	-0.160630	-0.831058	2.198890	0.223306	0.463330	-0.410689	-0.463948	0.304382	0.663458	-1.070549	1.011698	-1.518309	-0.577309	0.175900	0.261795
	-0.303473	-0.956139	-0.944304	-1.243885	0.177457	0.273985	0.741431	1.413087	0.525174	0.249768	0.832810	0.562668	0.029621	0.774558	-1.568200	0.766431	0.328442	-0.695050	-1.191226
	0.441986	1.376312	2.510236	0.737502	-1.049439	-1.013779	2.308835	0.704188	1.717639	1.117385	0.253250	-0.621706	0.097418	-0.632058	-1.307553	0.136671	-0.723275	-0.671258	-1.032091
	0.935927	0.156708	0.225590	2.685480	-1.021645	-0.376520	0.737310	0.545803	0.921861	1.555712	1.085984	0.043728	-0.118279	0.650440	-0.538523	-0.639571	1.517241	-1.505253	-1.738721
	-2.395769	-0.516025	0.882429	0.324938	-1.461566	-0.235945	-1.464946	-0.144686	0.195422	-0.829070	-0.259806	0.067473	-0.120502	0.384418	0.320640	-0.725797	-0.997802	0.711150	0.110045
	0.536600	-0.416423	-1.077311	-1.813657	-0.933292	0.437528	-0.062718	-0.381562	-1.066848	-0.467025	-0.795342	-0.293856	-1.136982	0.764471	1.243769	0.128967	0.205596	0.774969	0.572744
	-0.114924	-0.220214	-1.483568	-0.701630	0.516090	0.030781	2.165117	-0.201267	1.180563	-0.778839	0.844816	0.349942	0.791602	0.562954	-0.698168	1.258922	1.067985	-1.598021	-0.541113
	-0.600197	0.479186	1.492582	1.009044	-0.770177	0.217695	4.078989	0.667047	0.556966	1.002834	0.904205	-0.872622	-0.266501	-0.579618	-0.686996	-0.078311	0.691502	-1.014482	-0.298052
	1.235710	0.388177	0.909578	0.506189	-0.470399	-0.812787	1.209015	-0.436926	-0.679877	0.376959	-0.619299	0.076589	-1.150618	-0.984305	0.079643	-0.489948	0.456166	0.983322	0.757168
	-0.656942	-0.299420	-0.765223	-0.534657	-0.814591	-0.956231	-0.105001	-0.342477	-0.469325	-0.926529	-0.902111	0.089187	-1.297021	-0.916914	0.133947	-0.485022	0.215643	1.360259	1.395768
	-0.707452	-0.098246	-0.596401	-0.323809	-1.025659	-0.433782	-0.719249	-0.866284	-0.198594	-0.192681	-0.820160	-0.214552	0.138085	0.039093	0.016661	-0.401219	-0.562456	0.181419	0.401949
	0.064899	0.529870	0.374900	-0.626238	-0.909528	0.200154	0.678925	-1.004622	-0.618604	0.432778	-0.661727	0.442275	-0.606176	-0.186741	-0.417629	-0.728224	-0.111446	0.133962	1.043396
	-0.446945	-0.428569	0.109907	-0.455184	0.690914	1.636046	-1.737174	-0.144538	-0.542378	-0.414407	-0.314140	-0.837230	-0.534403	0.240937	0.302091	-0.347530	-0.384540	1.051289	-0.063204
	0.441630	0.778474	-0.228520	-0.317212	1.088532	-0.088604	-2.047232	0.294770	0.213446	0.102057	-0.858270	-0.123933	-0.417171	0.516707	0.278129	0.476542	0.148818	0.107252	0.146566
	0.383263	-0.068223	-0.458448	-0.041821	0.459783	0.174149	1.284047	0.846340	0.083459	0.618315	0.753627	0.026839	0.028697	0.690542	-0.679600	-0.028744	-0.554837	-0.027539	0.994939
	-1.203246	-0.554987	-0.444910	-0.232259	0.101265	-0.000488	-0.338700	-0.118674	0.049843	0.149210	-0.368925	0.599761	0.997616	-0.237431	0.355858	-0.761143	-1.461356	-0.455572	-0.765251
	-1.813966	-0.574190	0.207927	-0.588023	0.265438	-0.083415	-5.281692	-0.533981	-0.232635	-0.244884	-0.653964	0.036125	-0.820741	-0.310417	1.317670	0.222598	-0.428377	0.552651	-0.238506
	0.250544	-0.466301	-0.401335	-0.212995	1.022615	-0.311820	-1.014967	0.293078	0.649452	0.583729	-0.546802	0.148188	1.430782	1.011280	0.097981	0.311724	0.332363	-0.465340	-0.012794
	-0.253273	0.980581	0.247945	0.525158	1.667370	0.963581	-0.005369	1.277376	0.742987	1.351203	1.835984	0.937160	0.668494	-0.911283	-0.294493	2.083083	1.322196	-0.489608	-0.426368
	-0.626588	-0.676536	0.008615	0.162338	0.337904	0.053527	-0.187344	0.572692	0.380304	0.169227	0.867972	-1.032519	-0.670134	-1.562511	-1.412350	-0.629229	-0.013453	-1.283918	-1.613835
	-0.731580	-1.117839	-2.799109	-2.987470	0.400896	0.228426	-3.639081	-1.222561	-0.964826	0.025945	-1.044078	-0.202582	0.059639	1.445094	-0.549384	-0.563725	-1.333414	-0.064683	0.506954
