	-0.610398	-0.174818	-1.247791	-1.741971	-0.168452	-0.294453	0.409698	-0.635424	-0.587506	0.522829	-0.082790	0.048715	-0.193629	0.752430	-0.461129	0.051243	-0.677064	0.619984	0.406208
	-0.664084	-0.399927	-0.370235	-1.080959	-0.865661	-0.965652	-0.495125	0.113774	-0.133099	-0.302133	-0.628951	0.249709	-0.030125	-0.368568	-1.833078	-0.115289	-0.701021	0.499925	0.764617
	-0.980973	-1.052378	-0.056992	-1.361291	0.428221	-0.928558	-0.702949	0.367589	-0.858576	-0.178858	-0.006280	1.036419	-0.092418	-0.103675	-1.018624	-0.179810	0.152713	-1.721272	-0.795024
	0.862557	0.371991	-0.490807	-0.252892	0.308357	0.718995	-0.042630	1.776722	0.961721	0.767779	0.874928	1.840938	1.803851	0.753136	0.551507	0.752149	0.340015	0.943473	-0.984267
	-0.573521	0.317304	-0.431582	0.360859	0.238110	0.622078	-0.958573	1.414982	0.817859	0.062176	-0.080669	0.289114	1.414686	1.235483	0.531091	-0.733346	0.384391	-1.589357	-0.172530
	1.003868	0.955779	0.417151	1.209698	0.051198	0.285613	1.075289	0.302941	-0.076326	0.036280	0.682842	0.724329	0.982297	1.097869	0.521522	1.395835	0.897421	-0.138526	-0.973954
	-0.806206	0.715483	1.054117	1.035241	0.135342	-0.418016	0.050650	1.155384	0.474191	-0.124824	0.100652	-0.643821	0.096806	0.744281	1.155294	0.595829	0.236479	-1.293966	-0.776986
	-0.617513	-1.043623	0.442021	-1.308938	-0.769575	-0.277910	0.138823	-0.107021	0.734411	0.563736	0.412864	-0.176066	-1.278536	-0.522582	2.120605	-0.691513	-0.276174	-0.049244	0.973873
	-0.628765	-0.841028	-0.246779	-0.998213	-0.610715	-0.086429	1.495029	-1.363842	-2.002371	0.323959	0.781238	0.398769	-0.451769	-2.276828	-0.372894	-0.267839	-0.861501	-0.331920	0.709082
	0.888637	0.813427	-1.135258	0.052515	-0.445504	-0.337778	-1.132958	0.156218	0.312628	-1.766662	-0.339079	-0.544846	-0.966669	0.361786	-0.402942	0.138534	-0.075453	-0.069579	0.801699
	0.430570	0.676417	-0.418796	-0.174748	-0.381196	-0.587937	-0.832536	-0.997575	0.054463	-0.929361	-0.847551	-0.470285	-0.159047	-1.739469	-1.368752	-0.433190	0.063210	0.532094	0.605398
	-1.182137	-1.219623	0.461683	-0.585588	0.021709	0.444673	0.154815	-1.154798	-0.951348	0.804987	1.089260	-0.419072	0.071443	-1.362115	-1.286594	-0.734179	-0.316829	1.492697	2.128729
	-0.319468	-2.100103	-0.282038	-1.200267	-0.573785	-0.229584	-0.194352	-1.423153	-1.033332	0.941128	1.180299	-0.227920	-0.222355	-1.685832	-1.026451	-0.198547	-1.069632	0.059135	-0.462039
	-0.598859	-0.782408	-1.521313	0.069821	-0.849328	0.043171	-1.636987	-0.889291	0.236163	-1.601556	-0.678678	-0.646319	0.408576	-0.778687	-0.754481	-0.307742	-0.515691	0.429507	0.866200
	-0.620489	0.495025	-0.459404	0.809324	-0.043900	0.216424	-0.660902	-1.089834	0.103521	-0.579822	-2.136055	-0.703568	-0.120035	0.373200	-1.889109	0.568398	0.014771	1.197075	0.583901
	1.349978	0.475464	0.031902	0.102663	0.453666	0.513872	0.235185	-1.014950	-0.302308	-0.091563	-0.167695	-0.144301	-1.046384	-0.936852	-0.803145	-0.425491	-0.623378	-0.622368	-0.888106
	-0.070238	0.147698	-0.381887	-0.466705	0.921745	0.643552	-0.565159	-0.355280	-1.040938	0.649447	0.154771	0.036682	-0.676216	-1.036577	0.909719	0.468223	0.702019	-1.032452	-0.451981
	-0.044588	-0.611247	-0.338565	0.330444	-0.257820	-0.124019	0.641858	-0.126170	0.519221	0.112833	-0.210272	0.052628	-0.135635	-0.100547	-0.858704	-0.304195	0.278654	0.328559	-1.203376
	0.622488	0.065861	-0.129523	1.515939	0.028012	0.077042	-1.206829	-0.263036	-0.825454	-0.668450	0.032632	-0.120891	0.128294	1.056472	0.023358	-0.544647	-0.927589	0.451988	0.007212
	-0.043134	0.759265	1.628264	2.591723	-0.038300	0.230552	0.327687	-1.586738	-0.193184	-1.192042	-0.009407	-0.767380	-1.028507	-0.545749	1.160830	-1.900529	-1.033154	0.314478	0.588084
	1.109863	0.037941	1.818590	1.429962	0.543320	0.437951	0.783891	-0.622934	-0.302176	1.306916	0.617230	0.516474	-0.114857	-0.627287	0.856734	-0.149798	0.936045	-0.063934	-1.463338
	0.396749	-1.134414	-0.278075	-1.720290	1.759211	0.290210	-0.453432	0.311731	0.478584	-0.199651	-0.023814	0.609243	-0.121444	-0.835802	0.281056	0.893088	0.914577	-0.217203	0.272238
	-0.007806	0.013734	-0.147255	0.155613	0.782000	-0.220604	-0.161048	1.914100	0.440271	-0.285658	0.356256	0.354123	0.065054	-0.360350	0.866376	0.453285	0.438997	0.416229	-0.021492
	0.470573	1.379554	1.414216	2.798768	-0.264488	0.153561	1.067668	-0.109981	0.579038	-0.802797	-0.197248	-1.054992	0.446306	0.012788	0.299602	-0.588543	0.359118	1.642506	1.337291
	0.744539	0.294173	-1.017261	-0.378923	-0.384421	-0.132625	1.286169	-2.501842	-1.874050	-1.279987	-0.056517	-0.391998	-0.807549	-1.907783	-0.338802	-0.578653	-0.465523	1.798493	0.092855
	-0.313164	-0.809931	-1.034453	-2.771833	0.105201	0.202649	1.054949	0.353315	-0.669669	0.428432	-0.889324	-0.314593	-0.752548	-0.497185	1.889797	0.317652	-0.450167	-0.155548	0.848200
	0.078528	0.034775	-0.839870	-1.107490	0.106417	0.455174	1.090724	1.751787	2.446803	0.334935	0.615328	-0.209204	-0.104313	0.744891	-0.017985	-0.504860	1.531362	-0.308213	0.552406
	0.971455	0.643462	0.769844	2.791418	0.359786	0.735510	-0.101414	0.005605	-0.527096	-0.980266	-0.592569	-0.515485	-0.905928	-0.380247	0.115456	-0.784039	-0.303523	1.183232	0.445228
	-0.188536	-0.671154	0.456660	1.256923	-0.390670	-1.028243	-0.316092	-0.547276	-0.625779	-2.669587	0.168025	-1.375180	-0.022836	-1.307081	-0.114836	-0.008834	-0.173593	-1.677820	0.330713
	-0.037669	0.421733	0.368255	-0.374958	-0.246572	0.437944	-0.328756	-0.055348	1.224484	-0.290092	-0.647162	-0.362884	-0.098196	-0.693457	-1.407754	0.280983	0.555728	-0.858480	-0.387885
	0.012388	-0.175001	-1.451727	-2.266414	-0.561660	-0.603616	-0.398217	0.047621	-0.287961	0.171021	-0.831004	-0.050729	-0.320086	0.898215	0.391387	0.157668	-0.279621	0.018472	-1.052383
	-0.105180	0.511546	-0.809150	1.305715	0.634491	0.206591	0.283083	0.864155	0.545263	-0.693384	0.022287	-0.145701	0.806255	1.189843	1.634655	0.467228	0.876218	-0.650194	-0.134548
	0.314189	-0.081184	0.729964	1.529203	-0.228326	-0.518145	-0.809494	-0.346703	-0.446734	-0.042558	0.022579	-0.535947	-1.237365	-0.284068	0.175712	-0.323317	-0.453775	0.123168	-1.787325
	0.329302	-0.709523	-0.081794	-1.007736	-0.729814	-0.651796	-1.460887	-0.110104	-0.550301	-0.599683	-0.370487	-0.618633	0.470439	-0.002985	-1.195983	-1.337157	-1.250091	0.267829	0.465740
	0.417379	0.109868	-0.845557	-2.090696	1.666036	1.193725	-0.136480	0.435901	0.493405	1.194033	0.447177	0.197958	-0.118679	1.561693	0.314221	1.744875	1.006780	-1.085745	0.604155
	-0.436434	-0.095499	-0.318049	-0.602132	-0.399479	-0.207690	0.549042	0.766277	0.036689	0.458426	-0.546895	-0.082107	-0.907000	0.353541	1.300712	0.466629	0.994471	-1.073906	-0.543250
	-0.104005	-0.625431	0.305030	1.258050	-0.437594	-0.468791	0.371890	1.404683	0.437422	1.265326	0.247226	-0.927263	0.587247	1.891092	-0.118986	0.256853	0.591757	0.271034	0.235310
	0.390986	1.100695	2.387739	2.048473	-0.001833	-0.609448	1.058419	1.411832	1.101077	0.760325	-0.286521	0.542844	-0.393203	0.735184	-0.619135	-0.789028	-0.580638	-0.734326	-0.881439
	-0.381625	0.512235	0.679893	0.876794	-1.073016	-0.285704	0.903266	0.498872	0.840250	0.340898	-0.043267	-1.364124	0.144157	0.992494	0.599293	0.023525	-0.364928	0.319698	0.479534
	-0.722936	-0.382024	-0.832087	-1.549358	-0.145977	-0.678396	-0.968899	-1.090104	-1.255494	-0.028126	-0.303234	1.193413	0.829214	1.259578	0.253701	0.648628	0.149561	-0.787782	-1.483948
	0.297717	0.992903	0.136485	-0.298411	-0.054314	-0.883568	-0.269790	1.981251	0.763732	0.490840	-0.052461	0.193380	-0.087120	1.417002	0.027067	0.616977	1.053187	-0.421679	-0.104683
	0.002980	1.084144	2.747757	2.665315	0.229141	0.795523	1.864468	3.105258	2.276045	1.991440	0.687680	0.517446	0.130496	3.472517	1.264400	0.154942	0.052791	-0.433085	-1.950132
	-0.182384	0.030805	0.806225	0.520476	-0.770760	1.026611	1.236809	-0.466937	-0.245189	1.683292	1.343481	0.745092	1.354773	0.739550	-0.634614	-0.141482	-0.651300	0.725171	1.285738
	-1.360632	-0.222217	-0.975401	-1.837596	0.841294	0.406428	-0.123964	-2.306745	-1.668142	-0.749379	-1.439680	1.764761	1.993237	0.822359	0.666952	0.680665	-0.887396	0.780520	0.693962
	0.502935	1.417524	0.503988	0.632369	1.818872	0.144575	-1.202519	0.932865	1.510482	0.720199	0.157427	0.329773	1.367570	4.100852	3.989070	0.839032	1.072845	-1.313337	-1.040194
	0.888278	0.913815	0.337706	1.853657	0.367749	0.969228	1.403332	2.194609	1.681088	2.192095	0.144470	2.034759	2.425634	1.820438	2.384018	1.304146	1.741150	0.386467	-0.430280
	2.082335	2.652197	1.963707	2.459722	0.968130	1.323678	3.852364	1.950341	1.040001	2.697380	1.956764	1.912306	1.527047	0.940275	1.120805	1.416667	0.892536	1.761230	-0.142841
	0.380010	0.394991	0.981294	0.828246	-0.151348	-0.217391	1.246417	-0.501356	0.222491	0.372490	0.322821	-0.565716	-0.517095	1.603087	0.596167	0.026906	0.351189	-0.125219	1.304762
	-1.690527	-1.254115	1.047056	0.838281	0.310623	-0.604401	1.375256	0.349927	1.596384	0.635177	0.099352	-0.522030	-0.764822	-0.209463	-1.049862	0.759976	0.781243	0.083701	0.021103
	-0.768515	-0.842192	-0.655208	-1.890570	-0.446873	0.164736	-0.821438	0.257217	-0.541571	0.379331	-0.820440	-0.482705	-0.889816	-2.403579	-2.502764	-0.106792	0.757301	-1.711716	-0.697169
	0.019908	0.445289	-1.393941	-1.137744	-0.795889	-0.060887	-1.084696	-0.496551	-1.428322	-0.808339	-1.017534	-1.320113	-0.522977	-0.638956	-0.470148	-0.310992	-1.513736	0.124678	-0.748050
	0.348947	0.296829	0.663480	-1.070479	-0.903384	-0.646149	-1.132140	0.418211	1.292441	0.572196	0.350134	-1.397877	-0.182865	1.022955	-0.879740	-0.709132	0.070717	0.563643	-1.261332
	1.525415	-0.163523	2.128611	1.085913	-0.286611	0.389974	0.278929	-0.730263	0.486932	0.566219	1.241585	-0.336189	0.250697	0.578667	-0.700319	0.109394	-0.397886	-0.106535	0.219814
	-1.242312	-1.174641	-0.135564	-1.596446	0.576508	-0.297995	-0.208241	-0.208595	-0.928462	0.060483	-0.740604	-1.189451	-2.035425	-0.351617	0.847191	-0.508830	-0.810137	0.437553	1.381950
	-0.434984	0.326764	-1.165461	-0.374685	0.450775	0.636788	-1.215443	0.307765	-0.210797	0.039176	-0.819955	-0.065248	-0.303996	0.395062	0.289246	-0.361553	0.082758	0.579879	-0.820447
	2.232470	1.733633	1.265243	1.988675	1.227491	0.528154	0.391355	0.298543	0.494363	1.852817	0.251387	0.872411	0.912951	2.060555	0.694829	0.808077	1.346039	0.532232	-1.527527
	-0.030475	0.654833	1.359378	0.424484	0.069208	-1.344266	0.513322	-0.159244	0.494693	0.977245	-0.078161	1.647742	0.909495	-0.484011	-0.498870	0.335843	-0.436514	-0.808605	0.375458
	-1.211489	0.056469	0.655323	0.155728	0.773937	0.437024	0.242219	0.492137	0.838824	0.157540	0.716299	0.191729	0.397747	-0.431490	0.665775	0.284876	-0.671688	2.265120	2.023986
	-0.038348	-0.154811	0.380862	0.689750	0.532424	0.953265	0.413915	1.124186	0.840818	1.647540	-0.075251	0.370267	0.349014	1.484541	1.941700	1.275391	1.122463	0.686587	-0.945546
	0.559445	0.206217	1.891106	2.692099	0.326522	0.298671	0.421614	0.806031	1.297010	0.384223	0.437816	-0.551442	0.691299	0.561971	0.041274	0.692852	1.128281	-1.078481	1.464051
	0.062942	0.445513	0.939074	1.453608	-0.158438	0.289160	0.156104	0.115030	0.393633	1.476129	1.266463	0.380431	0.247164	-0.542481	-0.822755	-1.299839	-0.241766	-0.294795	-0.468740
	-0.236836	0.359024	1.013966	0.904090	0.364981	-0.518038	-0.036497	-0.523892	0.245406	0.509369	0.597985	-0.464506	0.895473	0.613983	0.495882	0.842665	-0.571379	-0.118283	1.137714
	0.212789	-0.307659	0.097775	-0.422944	-0.033253	0.246815	0.852082	0.720190	-0.031645	1.454233	0.231941	-0.026578	-0.652424	0.785951	0.851270	0.004717	0.574404	1.109869	-0.293130
	0.696670	0.660889	0.734535	0.732874	-0.418509	-0.088849	1.905175	0.813444	0.546958	0.201065	1.515038	-1.824578	-0.686222	-0.567409	-0.751867	0.183985	0.727333	0.770308	0.004622
	-0.274737	-0.694775	-0.779295	-0.212091	-1.184549	0.226572	-0.100635	-1.038202	-0.425287	-0.453405	-0.313088	-1.225317	-1.576849	-2.666090	-1.977716	-0.498733	-0.741790	-0.769396	0.486507
	-1.050464	-0.990449	-0.795613	-1.973313	0.178459	0.761466	-2.675844	-2.344835	-2.169158	-1.811652	-1.978493	0.659672	0.086338	-1.938023	-3.723701	-1.039546	-1.612964	0.010938	-0.176883
	1.598207	0.923641	-1.010048	-1.359675	1.233081	0.585639	-0.501049	-0.418649	-0.162637	-1.613914	-0.950105	1.261902	1.423785	0.119863	0.090909	0.205940	0.247582	-0.385142	-0.979409
	2.056806	0.647943	0.221141	0.253948	0.842959	-0.580504	-0.319668	1.232659	0.677500	-0.951552	0.083843	-0.276095	-0.562414	-0.063687	1.309896	1.033260	0.700579	0.918765	0.349289
	-0.795692	-0.360453	-1.231801	-1.180195	-0.351084	1.027212	-0.611680	-0.898014	0.161925	0.298248	0.314555	1.228706	1.154051	-0.742883	-0.842106	-0.434963	-0.445620	0.356554	-0.330658
	0.344756	1.093230	-1.560298	-2.051470	0.609446	-0.635940	-2.002079	-2.734728	-1.448263	-1.237961	-0.982997	0.663261	1.156477	-0.905981	-0.628638	0.212746	-1.547790	-0.329430	0.423411
	0.532325	1.114434	-1.430176	-0.907052	1.021467	0.263457	-0.971592	0.256722	-0.475909	-0.486822	-1.280000	1.333726	0.839873	0.571989	0.430053	0.976350	-0.170454	0.769052	-0.397878
	2.062669	1.612634	3.518604	4.655831	0.116338	-0.127406	1.036485	2.132949	2.315408	0.828001	0.391064	0.365354	1.359554	0.813914	2.452831	0.530451	1.654791	0.148667	-0.431273
	-0.305520	-1.047872	-0.091597	-0.844483	0.452860	-0.181932	0.397612	-1.158958	-0.083162	0.322322	0.653266	1.634664	0.220440	-2.279130	-0.676019	-1.161228	-0.076938	0.254346	0.885637
	-1.426580	-1.405417	-2.603785	-3.850371	0.346274	-0.506964	-1.589881	-2.675536	-2.888794	-2.156547	-1.634191	-0.141962	0.073784	-2.710038	-1.372436	-0.197120	-1.700525	-0.542105	-0.085285
	-0.184278	-0.840135	-1.441177	-2.020127	-0.213005	0.694824	-2.973368	0.015199	-0.784311	-3.289403	-1.363734	-0.766998	-0.802061	-0.724119	-0.421874	-0.024445	-0.158870	-0.358070	-1.917227
	1.197960	0.478061	-0.047191	1.484580	-0.111181	0.925994	0.667619	0.565790	0.596810	-0.079106	0.546179	1.212756	0.186395	-0.627535	0.548787	0.789267	0.604948	-1.518052	-1.106479
	0.398377	-0.479848	1.015117	0.270356	-0.847763	-0.027555	-0.261327	0.023631	1.481836	-0.505041	1.382452	-1.625007	-0.869559	-0.471094	-0.273851	-1.263073	-1.198128	0.259565	-0.376252
	-0.803375	-1.393798	-0.920315	-0.802506	-1.474082	-0.271279	-0.135033	-2.091213	-1.781940	-0.649934	-0.498834	-0.499242	-0.016402	-2.155214	0.039325	-0.601779	-1.411085	0.294628	1.697527
	-1.763911	-1.395067	-2.615584	-2.015126	-0.889200	-0.425409	-1.801798	-1.812727	-1.993147	-2.398437	-1.526372	0.324821	-0.938092	-2.386994	-1.506647	-0.555887	-0.374390	0.102373	-0.013430
	0.470530	1.003184	-0.483321	0.635194	0.432160	-0.320036	-0.024394	1.234041	1.433176	-0.630101	0.334940	0.858764	1.252031	1.352629	0.103765	0.171599	0.225053	-0.036450	-0.105894
	0.811790	1.067214	0.608870	0.817073	0.637934	0.584410	0.322509	1.411616	1.298858	0.810880	1.441022	-0.284915	0.914282	0.724538	1.015089	0.805002	0.537708	0.423589	1.659237
	-0.864477	-0.827642	-1.177020	-0.584961	-0.376518	-0.200012	-0.692437	-0.538142	0.318676	-0.447481	0.757578	0.153245	-0.313656	-1.074648	0.259173	-0.910497	-0.583010	0.028387	0.229487
	-0.480865	-1.289150	-2.612122	-2.509487	-0.731658	-0.121641	-0.746019	-1.204669	-2.771135	-1.515981	-1.313154	0.096323	-0.621013	-1.473849	-0.197395	0.095333	-0.220567	0.032536	-0.004620
	-1.030628	-1.241522	-1.661166	-1.256110	-0.575308	-0.608527	-2.133172	-1.433147	-1.305027	-2.816092	-1.290709	-0.247592	-0.692919	-0.642352	0.976312	0.321349	-0.582638	-1.402804	-0.252252
	-0.409895	-1.116574	0.726713	-0.008949	-1.080946	-0.451848	0.445168	-0.809879	-0.129776	-0.846062	0.058092	-0.409674	-0.936178	0.603903	2.212323	-0.561932	-0.520442	0.087908	0.003252
	-0.061848	-0.821647	0.819759	0.962519	-0.829652	0.112650	0.570493	0.351969	0.805850	-0.829141	-0.190906	0.164946	-0.973905	-0.273539	0.979256	-0.508995	0.281851	1.071882	-0.297422
	-0.553856	-0.783580	-0.970174	-1.107727	-0.654552	0.531989	-0.407219	-1.315847	-0.377359	-1.800726	1.750385	-0.517584	-1.196754	-2.195300	-2.175670	-1.213248	-0.207252	1.598477	0.186333
	-1.365885	-1.345689	-1.757498	-2.574981	-1.174594	-1.566522	-1.432653	-2.403252	-3.460589	-2.055317	-1.075387	-0.059416	-1.811132	-0.557337	0.026426	-0.203600	-1.130816	-1.770943	0.599589
	0.433994	-0.281067	-1.896500	-1.277756	0.545323	-0.775488	-0.361280	-0.818856	-0.900395	-0.915420	-0.453958	0.457783	-0.439771	-0.895478	0.496602	-0.531776	-0.595245	-0.067346	-0.249583
	0.562137	-0.228256	0.956264	0.223360	-0.304210	-0.124951	0.479621	2.038174	2.113854	0.280693	1.380044	-0.296637	-1.076623	-1.299973	-2.402771	0.269360	1.038478	0.835689	0.087393
	-1.291203	-1.274102	0.966834	-2.146928	-0.095363	-0.448993	-0.237050	-1.061480	-0.947872	0.150910	0.443831	-0.888484	-0.932574	-0.967572	-0.670360	-0.053133	-0.224589	-0.601029	-0.988657
	-0.898088	-0.400360	-1.733631	-2.182143	-0.936360	-0.561793	-1.595453	-2.016971	-3.332558	-1.582101	-0.586209	1.109044	-0.752699	-0.756578	-0.515933	-0.300263	-0.824162	-1.257975	1.000261
	-0.481730	0.050784	-1.023849	0.418696	0.365788	-1.263515	-1.221389	0.259450	-0.180589	-1.014881	-1.481197	-0.798155	-0.177708	-0.631399	0.490361	-0.300449	0.887719	-2.133659	-1.539340
	-0.268987	0.082599	0.535167	1.303706	-0.827491	-1.505800	1.123099	0.736973	1.281820	1.091571	-0.336611	-0.807089	-0.384020	-0.254672	-1.268157	-0.665524	0.408809	-1.159006	-0.322656
	0.478465	-0.528245	0.771357	0.806018	-0.603877	-1.360321	-0.224433	-0.002447	-0.920813	-1.222273	1.652421	-0.976306	-1.278388	0.221861	-2.762099	-0.240143	-1.417579	-0.110791	0.520650
	-0.528157	0.003847	0.520348	0.945977	-0.766129	-0.603080	-2.224602	-0.342940	-1.747007	-2.155790	-0.694177	-1.551670	-1.364904	-0.954414	-0.722434	-0.908113	0.308143	-0.912612	-0.070863
	-0.226837	0.983971	-1.653726	-0.532684	-0.596508	-0.312480	-2.068635	-0.031554	-0.818103	-0.807764	-2.309507	-0.328250	-0.491875	0.511608	-1.644140	-1.802633	-0.247404	-1.480082	-1.310927
	-1.418995	-0.263343	-0.192818	0.061125	-0.051529	0.110217	0.221484	0.782644	0.244459	1.229546	0.106116	0.022763	-0.033875	-0.030620	-0.160389	0.689046	0.668471	-0.426895	0.398381
	-0.219462	0.009138	-0.165314	0.285495	0.412467	0.524548	0.178475	1.033179	0.757512	1.797206	0.748971	-0.041348	-0.538331	1.055544	-0.542573	0.703253	0.436575	-0.481330	-0.744795
	-0.346442	0.117859	1.239445	1.233341	0.352801	0.395545	0.837791	1.258835	0.768551	1.190162	0.914859	-0.370396	-0.252281	1.648679	1.702787	-0.476907	1.283606	1.098828	0.081983
	-0.151633	-0.322969	0.448638	0.732077	0.076604	-0.029071	1.625426	0.464937	0.209947	0.579392	0.658610	0.815662	0.367217	2.237696	2.542359	0.259666	0.823419	1.003705	-0.111507
	-0.024189	-0.057207	0.389168	0.099069	0.540577	0.263346	1.301119	0.163448	-0.229836	1.145573	0.235686	0.399854	0.602472	2.795680	2.793256	0.435921	0.057451	-0.504210	-0.844393
	0.134665	0.394291	-0.582700	0.421506	0.927921	-0.023554	3.190093	1.703622	0.683414	2.509200	0.472106	0.586101	0.890520	1.419510	2.831843	1.044171	0.949041	0.118574	0.524024
	1.591230	1.419367	1.302044	1.153358	1.244145	0.988704	1.789103	2.439100	3.051950	1.829174	0.499229	-0.280695	0.653609	2.523106	1.034512	0.628309	0.730743	1.899571	-0.463097
	1.686132	0.294341	2.149958	2.667295	-0.637632	-0.182005	0.408242	1.193952	1.327779	0.573329	1.144583	-0.169683	0.139678	0.752163	1.220591	1.026256	1.312523	1.071621	0.463914
	-0.693663	-0.171966	-0.715122	-0.554299	0.470371	-0.050019	0.161665	-2.043245	-0.744784	-0.607254	0.424125	-0.075410	0.331077	-0.584653	-0.741383	-0.061542	-0.003392	-0.481253	0.560035
	0.573905	-1.332830	-0.522113	-1.040278	-0.616384	0.391150	-0.700340	-1.044937	-0.986064	0.979754	-0.861658	0.284574	-0.209992	-1.574506	-1.330160	-0.920838	0.261473	0.195793	0.634894
	0.209064	-0.677697	0.384786	0.478002	0.535624	0.111628	-0.074107	1.352267	0.021157	-1.904541	0.861986	0.753514	0.870934	0.368581	-1.229940	0.872508	-0.537138	-1.997946	-0.914774
	0.293596	0.441403	0.173698	0.580141	0.233412	0.216312	-1.157919	0.609928	0.246941	-0.705779	-0.534545	0.266201	0.096826	1.442822	-0.478019	0.604031	-0.304883	-0.834488	-1.254057
	1.251329	1.381818	1.535002	1.675102	-0.409786	-0.186210	1.641552	0.645984	-0.104762	1.298201	0.619334	-1.025303	-0.270075	1.958363	0.644336	0.063201	1.303719	-0.680221	-0.145658
	-0.121298	-0.240579	-0.175124	-0.418355	0.708133	0.264084	1.809209	-0.155296	0.659711	0.195113	0.154217	-1.272998	-0.963909	-0.776421	-0.775105	-0.158105	0.062639	-0.158415	0.206620
	-0.591200	-0.791714	-0.295081	-0.549215	-0.535699	-1.349883	0.461593	-2.366165	-0.369902	-1.206915	-0.998570	0.562046	-0.396751	-2.507999	-0.486402	-0.248838	-2.371046	-0.442183	0.728030
	-0.103670	0.890929	0.771731	0.348779	-0.697365	-0.050988	0.889297	-1.518449	-1.928328	0.055846	-0.044450	1.655117	0.563018	2.180104	0.119401	0.093930	-0.634563	0.099376	0.774511
	-0.595737	1.157614	1.958769	3.128480	0.164587	0.514696	0.735094	0.911525	0.559339	0.372717	-0.340933	0.089757	-0.565327	0.502230	0.019746	-0.314661	0.188551	0.997349	0.242841
	0.473673	0.339130	0.911280	1.713049	-0.802154	0.818048	1.158565	0.404715	0.349635	1.035169	0.630862	-0.620384	1.261058	-0.462473	-1.460421	-0.424597	0.508637	1.713297	0.196097
	-0.896875	-0.010875	0.157656	-1.202070	0.203427	1.147878	0.883839	1.321848	1.571229	1.828810	0.844948	0.019883	1.123108	-0.838833	-2.017403	1.213551	0.608370	0.926153	0.638340
	-0.103857	-0.923068	0.262269	-2.181152	-0.723017	-0.087393	0.106673	-0.305654	-0.390611	1.219833	0.173596	-0.905384	-0.991146	-1.798366	-1.753957	-0.161458	-0.618381	0.776718	1.095654
	0.233778	1.104435	1.005004	2.483298	-0.721789	0.637775	-1.228449	0.202105	-0.425488	0.806340	0.410877	0.375865	1.100643	0.103047	-1.529992	-0.255053	0.427996	1.238476	1.019686
	-1.614275	0.344382	0.392524	-0.530601	0.400830	-0.162144	-1.408682	-0.128410	0.574222	0.043141	-0.034250	-0.746450	-0.844923	-0.032049	-2.528081	-0.355111	0.055656	-1.201105	-0.694263
	-0.793276	-0.910587	-1.232604	-2.626329	0.583900	-0.200997	-1.083468	0.008713	-0.123789	0.560857	-0.869019	0.312171	-0.553095	-1.729161	-1.119455	-0.851067	-1.124095	-0.295229	0.143436
	0.104879	0.857719	-0.197991	-0.311947	0.545622	0.309807	1.722164	0.372814	0.979870	0.919737	-0.388395	-0.339733	0.809036	1.555243	-0.140455	0.063959	-0.122550	0.058981	0.406060
	0.545995	1.467796	0.766729	1.887758	0.504640	0.349611	1.147757	0.417477	-0.211338	0.125145	0.493903	0.096711	1.306147	-0.637924	1.161978	-0.325759	-0.281285	-0.352697	0.880945
	1.031812	0.081446	1.300643	1.939204	1.911605	0.042434	1.173419	1.066600	0.733461	0.962741	0.546118	1.155380	2.278375	1.263412	-0.689616	-0.050238	-0.265008	1.657339	0.779955
	0.087001	-0.508596	-0.359024	-0.374086	0.573320	-0.129402	0.022806	0.533152	-0.145149	0.011134	1.431785	1.373759	1.726844	0.234073	-0.500209	-0.174882	-1.158378	-1.021540	-0.226178
	0.714348	0.320625	0.442090	-1.220398	-1.339048	-0.119201	2.142895	1.175683	0.774626	1.002714	1.581287	1.315771	0.362732	-0.022722	-0.892398	-0.398172	-0.300523	1.122273	1.337574
	0.998566	0.350375	1.710122	1.027009	0.222965	0.373510	2.124188	1.004238	0.241076	1.641155	1.068900	0.383127	0.267661	0.538128	0.029006	0.299837	0.427930	0.413753	0.578681
	-0.954220	-0.592368	-0.887537	-0.287196	-1.093476	0.274815	0.761671	-0.904124	-1.010103	1.188913	-0.058255	-0.639109	-1.480161	-1.653856	-2.353197	-0.975985	-0.319673	-0.887020	-0.117495
	-1.232314	-0.055990	-1.329958	-0.161411	0.066710	0.620181	-0.946694	-0.469221	-1.356198	-0.616791	-0.672808	0.543394	-0.013057	-0.182937	-1.460179	0.304563	-1.344766	-1.135326	1.002971
	-0.808241	0.802100	0.358010	0.741815	0.776010	0.133582	1.221102	0.856169	1.394381	0.681325	0.417388	1.427694	1.080163	2.252812	1.737530	-0.156283	0.519549	-1.103426	-0.360166
	0.310505	0.240392	-0.080011	-0.442999	-0.267471	0.587054	1.305060	1.641826	1.082013	0.125237	0.004880	0.629987	0.745334	-0.094933	0.733135	-0.526970	0.589996	-0.181268	-0.597362
	-0.618674	0.229038	0.624428	0.555744	0.554273	0.110356	-0.250457	0.194365	0.693538	1.447063	0.603671	-0.145758	0.094279	0.333566	-0.151933	0.342082	-0.279572	0.288868	0.999420
	-0.300525	-0.570099	-0.987650	-0.210671	0.412864	-0.290211	-0.585028	-1.048752	-1.218147	-0.294210	0.363774	0.337328	-0.086130	1.240142	-0.322529	-0.271126	-0.414924	0.133626	1.006144
	-0.140596	0.305290	-0.256908	0.304468	-0.518413	-0.469547	-1.692361	-0.204614	0.023232	-0.214168	0.669834	1.332741	0.326414	0.168781	1.012913	-0.079291	-0.548049	0.265595	1.263352
	1.308741	0.705252	-0.559353	-0.713183	0.432235	0.553328	1.735260	1.995899	1.249249	1.347248	0.378690	0.445892	0.286929	-1.388549	-0.515035	0.197231	1.735284	0.082712	1.009348
	-0.993053	0.188330	-1.255999	-1.437741	0.115569	0.615866	0.191059	-1.489871	0.872414	-0.756535	-0.227041	-0.201281	0.055502	-1.048294	-0.800099	-0.911060	-0.872685	-0.337914	0.310911
	0.310708	-0.136196	-1.878092	-1.037957	-0.364912	0.075379	-1.049672	-1.978522	-1.612521	-1.898533	-1.045133	-0.032534	-0.965690	0.157622	0.278810	-1.457461	-2.044133	0.160232	0.643965
	-0.764404	-0.506503	-0.227804	0.057158	-0.185818	-0.437757	-1.133486	-0.438619	-0.718334	-0.667302	-0.411583	-0.455961	0.593631	-0.371141	0.439920	-0.659356	-0.856480	-0.345016	-0.358271
	-0.216018	-0.785054	-0.919420	-1.694748	-0.015224	-0.604791	-1.978154	0.206097	-0.510081	-0.579513	-1.114778	-0.857329	-0.365189	-1.827123	-0.817522	-0.001695	0.090589	0.308917	-0.502612
	-0.228055	-0.508372	-1.441300	-2.405852	-0.895275	-0.921870	-1.737780	-0.926056	0.160809	-0.670557	-2.102897	0.064058	-0.303065	-1.903192	1.683925	-1.424009	-1.063807	1.363100	-0.263506
	-0.918541	-1.019706	-2.313363	-2.370404	-0.012779	0.085050	-0.945220	-2.319815	-2.855160	-0.857408	-0.318669	0.241756	-0.729851	-0.631510	-0.687609	-0.616435	-0.909850	0.030773	1.075204
	-0.492786	-0.718050	-1.482615	0.120040	-0.839340	-0.544054	-1.289052	-1.390723	-1.133919	-1.737262	-1.055286	-0.919391	0.430020	-1.087281	-1.480659	-1.233774	-0.172978	1.986206	-0.173477
	0.216318	-0.209373	-0.257412	0.410993	0.117336	-0.455781	-0.086874	0.565157	0.397616	-0.187952	0.724688	0.025919	-0.572167	-0.018905	2.137284	0.102534	0.264120	0.087509	0.664765
	-0.506657	-0.371419	-0.921944	0.119380	0.730294	-0.216222	-0.008256	0.390561	0.344612	0.426417	-0.336787	0.380699	0.212769	0.885497	1.117033	1.858683	0.739769	-0.101313	-0.299351
	0.991419	-0.110662	-1.298922	-1.771292	-0.803100	-0.278932	0.244812	0.506195	-0.394022	0.852339	1.205949	-0.685482	0.034625	-0.421136	2.474729	-0.090133	0.581967	0.975346	1.502052
	0.434499	-1.655227	-0.604456	-0.840556	-0.892899	-0.828372	0.532569	-0.453720	-0.572451	0.141388	-0.544703	-1.432189	-1.795826	-2.762799	-1.611609	-0.631340	0.299387	1.401158	0.655017
	-2.174666	-2.743102	-0.913325	-0.926806	-0.404988	-0.285200	-1.108203	-1.612944	-1.003803	-0.593119	-0.860747	-0.882329	-0.698383	-2.172455	-1.351526	-0.735931	-0.500672	-0.196966	0.259149
	-2.063134	-1.671370	-1.073986	-0.858739	0.358944	-0.042664	-2.553170	-0.341390	-1.230985	-0.681097	-0.641862	-2.263148	-1.059680	0.264179	-0.008635	-0.105687	-0.835262	-0.524565	-0.652043
	1.206700	0.943413	-1.097226	-1.064837	-0.064808	0.255962	0.002387	0.511411	0.234733	0.163310	0.423733	-0.693866	-0.441234	-0.238328	0.296411	-0.014310	-0.453565	0.171384	0.506586
	0.352361	-0.067618	0.081344	-0.560227	-0.309589	-0.243432	0.479512	-1.737509	-0.866741	-2.027353	0.190439	-0.194959	0.306215	-1.304784	-0.737578	-0.432060	-0.480609	-0.362464	-0.996897
	0.565898	-0.268236	0.484770	0.388741	0.182945	0.150589	0.691540	0.993487	0.687268	0.820928	0.184820	0.327889	1.277044	0.037472	1.825105	0.815259	1.205736	1.145070	0.754554
	-0.447387	0.334228	0.860103	2.009466	1.199079	-0.091263	0.319424	2.016214	0.630702	0.460399	0.560355	0.380198	-0.463208	1.269618	2.349033	1.353354	1.547428	-0.723725	0.524930
	0.214319	1.011147	0.361693	1.700815	-0.765846	-0.102176	-0.438360	0.252485	0.309883	-0.002170	0.845431	-0.330978	1.139960	0.525869	0.109085	-0.254935	0.461208	1.259903	-0.150429
	1.265460	0.329910	-0.402675	-0.784562	0.008314	0.378489	0.213960	-1.266581	-0.793487	-1.217668	0.286086	0.085988	0.036863	-0.221663	3.024615	-0.018587	-0.250625	-0.197637	0.020652
	0.127183	-0.781875	-0.083526	-1.438814	-0.618536	0.497389	1.769405	1.255063	0.971462	-0.025950	0.104036	0.810806	-0.712423	-0.399333	2.139254	1.142157	1.037718	0.729638	-0.119277
	-0.589190	-1.582822	1.010630	1.771011	-0.165465	0.164352	0.685981	1.847431	1.420985	2.006515	0.204421	0.603866	0.497765	0.881840	2.097274	0.839529	1.295238	-1.070923	-0.550141
	-0.540847	-0.559070	-0.461473	-0.660033	0.544124	-0.071504	0.444437	-0.537045	-0.206725	0.288051	0.349567	-0.184837	0.608201	0.163994	-0.761598	0.659891	0.341109	-0.429739	0.040065
	0.569834	0.393903	-1.174546	-1.983398	1.046283	-0.261484	-0.607364	-0.366454	-0.272303	-0.996378	0.469227	0.337160	-0.194765	0.368853	0.026305	0.213481	-0.416575	-0.494871	-1.462121
	-0.426661	-0.048753	0.491606	-0.747618	-0.025294	0.339356	1.397566	0.755542	0.787534	0.750503	0.373861	-0.031186	-0.725132	0.480434	1.739609	1.277992	0.978186	-0.183526	-1.222040
	-1.471451	-1.135186	0.549914	-0.369406	-0.075591	0.315335	-0.183758	0.106990	0.111625	0.086987	-0.417860	0.349928	0.298296	0.769400	0.276616	0.942766	0.773473	-0.992194	-1.103822
	-0.427897	-0.373852	1.795279	1.421227	0.319574	-0.127267	-0.664882	0.993298	1.101483	1.222654	0.088548	0.012885	1.045516	1.089825	0.822214	0.505151	0.311299	1.143740	0.683470
	0.284268	1.763149	0.251452	0.886907	0.024206	0.060434	0.083473	-0.338750	0.113447	0.234495	0.108871	-0.369897	-0.050351	0.119364	-0.435172	0.906981	0.268245	0.024816	-0.271032
	-0.203963	0.144135	-0.650030	0.750690	-0.139449	-0.895609	0.199071	0.938280	1.041646	-0.174771	0.086384	0.378807	0.664379	1.166229	1.216478	0.661400	0.910477	0.374108	-1.230940
	0.548533	-0.046776	0.064872	1.335277	-0.114100	-0.881814	-0.349360	0.669521	0.602119	-0.718800	-0.346807	-0.600876	-1.101932	1.170603	0.263002	0.146775	-0.057846	-0.258617	-0.253529
	-0.327223	0.744539	-0.682847	1.231039	-0.173323	-0.877667	-1.121484	-0.907135	-0.217294	-0.826072	-0.820268	-0.482826	-0.043601	-0.271848	-0.398616	0.216985	-0.372678	-1.473039	-0.921686
	0.010822	-0.838038	0.606499	1.332696	0.040616	-0.608174	-0.533473	-0.094189	-0.230039	1.319302	-0.642986	0.547203	0.065371	-0.086986	0.394578	0.173221	0.992566	-0.870567	-0.524328
	1.004794	1.394112	-0.105207	1.340026	-0.011619	0.736893	0.236612	0.512761	1.397240	-0.470200	-1.296266	1.691815	1.682669	-0.019603	-0.972627	1.178710	0.823356	-1.125984	-0.663843
	0.694759	1.338392	0.377453	0.009767	-0.562804	0.639816	-1.277050	-0.582606	0.183129	-0.907146	-0.411642	0.162640	1.207254	0.476950	-0.067791	0.564856	0.179826	-0.328116	0.174744
	0.985520	0.431961	0.145391	0.851864	0.511741	0.165411	0.344180	0.597370	-0.295901	0.036393	0.920230	0.109470	0.086748	3.156331	1.312774	0.652927	0.974011	-0.818053	-2.042690
	0.832586	0.696141	1.646914	1.865832	0.127899	0.469914	1.104857	0.369155	0.908831	1.015511	-0.238188	1.361325	0.480894	0.577501	-0.405333	1.066184	0.354649	-0.557490	-0.534966
	0.318969	0.656784	1.018087	0.447318	0.234702	0.633416	0.315015	1.207872	0.665665	1.682533	1.159899	-0.024142	-0.560430	0.470391	0.550667	0.649435	0.737951	1.537033	0.860948
	0.191573	0.094140	-0.234063	-1.279328	0.693075	0.583588	1.711114	-0.288201	0.294353	0.672504	0.805220	1.055908	0.352169	0.460347	1.020974	0.410184	1.117380	-1.685203	0.625776
	-0.193545	0.205715	-0.963182	-1.420700	-0.089693	1.081697	-1.525058	-0.909317	-0.366201	-0.725019	-0.172612	0.679283	0.726689	0.324178	-0.463248	0.741312	-0.924453	0.843129	-1.251151
	-0.317928	0.802448	-1.733037	-1.702844	-0.132937	0.978787	-2.242475	-1.180076	0.207539	-1.503756	-0.450852	-0.367498	0.315557	0.795037	0.719667	0.506703	-0.408312	-2.392182	-1.791653
	2.525748	0.191475	-0.097931	0.681041	0.814161	-0.927882	0.135012	0.756065	0.860965	-0.513729	-0.155689	-0.839515	0.520334	0.781269	0.689783	-0.754824	0.814245	-0.257105	-1.057215
	0.331002	0.984351	2.183008	2.067820	1.279512	-0.342052	1.933667	3.659813	3.460552	4.034758	2.504549	1.439072	2.564135	0.334264	1.042778	3.634999	2.950896	1.984102	0.979001
	1.575327	0.875539	0.641243	0.308127	0.674216	0.205643	-0.066438	-0.702442	-0.370085	-0.211248	0.297825	-0.321496	-0.623246	0.610310	0.504358	-0.306167	0.478022	-0.969589	-0.709225
	-0.081429	-0.024570	-0.033221	0.794373	-0.119981	0.136625	-0.062263	-1.102355	-1.134857	-0.499482	-0.468700	0.164552	0.171518	-0.907328	-0.296609	-0.278193	-0.922199	-0.617958	-0.915085
	-0.494355	-0.166090	0.990248	-0.680229	-1.159976	-0.560956	0.283434	-0.055072	-0.609287	0.420340	0.388954	-0.279580	0.316922	-1.287224	-1.521817	0.448230	0.253717	1.595131	0.445951
	-1.177410	-1.354134	0.931449	0.214620	0.663868	-0.018174	0.330061	0.314894	0.693768	0.290788	-0.576148	-0.712169	-0.817879	-1.414483	-0.969555	0.039409	0.175679	1.145986	0.259448
	-2.243422	-0.414058	1.916802	-0.874621	0.045900	-0.074550	-1.202801	-0.929736	-1.625810	-1.010433	-0.899208	-1.925561	-2.737496	-0.373860	-2.011468	-1.419028	-1.421295	-0.089735	0.206599
	0.616714	-0.746595	-1.368173	-2.814311	-0.723541	0.814866	-2.163140	-3.118901	-2.388136	-2.064779	-1.062820	-1.357356	-0.793439	-2.345026	-2.054631	-1.909294	-2.962932	0.966821	-1.234695
	0.103590	-1.194417	-1.091014	-2.182989	-0.369117	0.006179	-1.760799	-1.417173	-1.153865	-2.313728	-2.248196	-1.003619	-2.186913	-2.890754	-0.774646	-0.745421	-1.421522	0.387888	-1.624465
	-1.173674	0.321603	-1.013520	-1.959599	-0.406746	-0.457807	-2.377506	-0.290592	0.135444	-2.811651	-1.153804	-1.140668	-0.700859	-2.403288	-1.042069	-0.178589	-1.337449	0.290426	0.523255
	1.141431	0.721852	-0.254020	-0.824025	0.714817	-0.277470	-2.178304	-1.980983	-1.630657	-0.790002	-0.633072	0.436818	-0.346918	-0.094592	-1.573792	-0.675795	-1.018295	1.273868	0.131065
	0.203970	-0.056788	-0.402899	-0.627447	0.708110	-0.396191	-0.197974	-1.590365	-1.404530	-0.056364	-0.773696	0.624602	-0.230486	-0.100580	-1.123110	-1.125063	-1.746676	0.150015	0.762993
	-0.850256	-0.015264	-0.979353	-0.582989	-0.234805	-0.172131	-1.242865	-1.303171	-0.662869	-0.011491	-1.352345	-0.271088	-0.437246	-0.436369	-1.663599	-0.495246	-0.983159	0.365778	0.282133
	-0.388502	-0.415871	-0.861322	-0.179653	0.114461	0.259397	-0.072970	-0.318390	-1.099445	-2.246832	-0.476330	0.458040	-0.331700	-0.272988	-0.242160	-0.766114	-0.829327	0.574455	1.270878
	-0.214752	-0.301646	0.700836	-0.228251	0.257973	-0.071817	-1.035883	1.269217	0.741007	-0.810964	-0.551959	-1.000174	-0.379894	-0.258413	-1.778773	-1.234712	-1.315385	0.345566	-0.202135
	0.980916	0.210753	0.993084	0.687188	-0.232731	0.083339	-0.157017	-0.882489	0.018434	0.812856	-0.648457	-1.836523	-2.799290	0.939516	-0.605915	-0.775365	-0.223599	-1.526555	0.674656
	0.039229	-0.424782	-0.055212	-0.214630	-1.048556	-0.008241	-0.211810	-1.509010	-0.789252	-1.023181	-0.759912	-0.117972	-0.150394	-1.137808	-1.906695	-0.795206	-0.248460	-0.331453	-0.363360
	0.183338	-0.707936	-1.312836	-0.891250	-0.396964	-0.247229	-2.057060	-1.975466	-2.140917	-3.038163	-2.067362	0.022374	0.346822	-1.430563	-1.548032	-1.363634	-1.018062	0.014366	-0.562777
	0.828067	1.435209	0.616963	-0.027996	0.059303	0.302363	-0.181586	1.066407	1.189587	-0.565165	-1.043215	0.333597	1.136371	2.321366	1.503921	-0.668319	-0.317501	-0.508293	-0.015252
	1.883582	1.719595	2.441574	1.803290	-0.729880	1.311356	0.208589	0.670729	1.840652	1.544298	-0.686042	0.128116	1.159821	0.961621	0.297371	0.441566	0.750725	-0.030969	-1.718862
	0.471911	0.190735	1.213403	0.652566	0.089297	-0.014449	0.772669	-0.478908	-0.300558	-0.923449	-0.407274	-0.225936	0.498963	-0.354883	-0.436812	-0.453139	0.320334	1.595798	1.237923
	-0.428577	0.089615	-1.694717	-0.255800	-0.637713	-0.462485	-0.524470	-1.621805	-1.286016	-0.954317	-1.240827	-0.216676	0.037082	1.339478	-1.126730	-0.607022	-0.470771	-1.701674	-0.426293
	0.455123	1.408983	-0.083373	1.453585	0.796007	-0.219801	1.878071	1.193349	1.143621	0.588733	-0.327043	0.460625	1.196495	1.652756	1.760607	1.641070	0.039910	-1.371030	-0.777371
	2.018571	0.546666	1.768924	0.899408	0.379835	1.027761	0.475073	1.755414	1.843817	1.934158	1.045745	0.285485	0.637700	0.172316	1.134539	0.899116	1.224117	0.594462	-1.681962
	1.925135	1.445601	1.115701	1.278708	0.646384	-0.371003	1.809054	0.273843	1.350895	1.409360	1.663825	1.245858	-0.393463	0.327286	0.461704	-0.456597	1.396313	-0.177526	1.485547
	1.377547	0.613426	1.433700	0.985979	0.052136	0.558157	0.523260	0.586800	-0.996553	1.230333	0.675562	-0.308950	-1.551221	1.613633	1.670159	0.293262	0.231866	-0.325518	-0.577337
	0.593150	1.085474	1.448927	0.630308	1.150652	0.439812	2.429170	0.662179	1.055316	1.681799	0.606978	0.011252	-0.959842	1.126170	1.368506	0.563046	0.332867	-0.887729	-0.429307
	0.029558	-0.779468	0.117403	0.848547	-0.406299	0.581773	0.881302	0.259054	0.371596	-0.231089	0.598975	-1.307067	0.082810	-0.147862	1.030618	-0.340240	0.524129	1.526850	-1.470009
	-0.287779	-0.471207	-0.121363	-0.048828	0.993740	0.273993	0.271290	0.225804	0.452920	-0.472841	0.735673	0.089519	0.170057	0.535779	0.063825	-0.469217	0.054057	-1.095915	1.518404
	-1.510790	-0.000166	0.695796	-1.368228	-0.137195	0.815800	-0.313996	0.313587	0.127167	0.113090	0.308777	-0.278825	-0.420929	1.091652	0.048002	-0.482490	-0.540725	-1.457290	0.125060
	0.084722	0.361984	0.547364	1.159546	-0.187552	0.985511	0.387664	0.539595	-0.297344	0.254456	-0.924498	0.805072	0.203039	3.544495	2.000827	0.637909	-0.653346	-1.415783	-2.225237
	1.674335	1.081858	0.497042	2.400307	0.835980	0.612595	0.428271	1.196557	0.298307	-0.190451	1.233957	-1.141860	-0.312765	1.674002	0.731402	-1.326623	0.240623	0.800234	-1.120258
	1.319894	0.933556	0.887609	0.628053	0.719064	-0.323751	3.126661	0.672603	0.473587	0.199148	0.731867	1.095085	-0.061994	0.446314	0.358512	0.412570	0.995191	-0.849085	1.168490
	-0.624545	0.535341	1.068220	0.734340	0.826883	-0.596144	1.763098	-1.050958	0.719531	2.224314	0.006476	2.776231	2.326458	1.925087	0.771465	1.362609	0.451990	1.475503	0.530280
	0.633605	0.856416	1.634293	2.256664	-0.071141	0.459322	2.170453	2.090489	1.345341	1.690900	1.446413	1.354650	0.297316	2.969440	3.518878	0.511062	1.334115	1.823100	0.277593
	-0.436926	0.389165	1.078682	1.593589	-1.132543	-1.491265	1.247333	0.296668	0.525769	-0.744275	0.004018	-1.539063	-0.998483	0.270081	0.646891	-0.159954	1.115301	1.133818	2.604985
	-1.359711	-1.701146	-0.062683	0.427511	-0.359570	-0.330934	0.285276	-0.831055	-0.775444	-0.121967	-0.032504	0.055892	-0.465529	-1.799333	-0.435690	0.671940	0.228430	-0.369941	0.137686
	-1.262866	-0.197079	1.159577	1.003919	0.375358	0.091455	-0.533466	0.260782	-0.797852	-0.485857	0.134135	0.822803	-0.168931	-0.874362	0.827562	-0.765754	0.279498	-1.068061	-1.113874
	0.778475	0.128933	1.622449	1.768146	0.164719	-0.474561	0.304942	2.094306	1.651596	-1.210122	0.580418	-1.297527	-1.039936	1.822125	1.576389	-0.890267	0.254621	0.106235	-0.541393
	-0.534197	-0.613803	-0.595166	-0.068360	-0.614191	-1.698021	0.769363	0.999135	-0.304362	0.049163	0.649404	-2.148206	-1.961949	-0.307961	0.273276	-0.988919	1.027000	-0.958756	0.473738
	-0.049910	-0.178417	1.033318	1.057807	-0.852235	0.129631	-0.854515	-0.322261	-0.342914	0.870456	0.506662	-0.706990	-1.008848	-2.162266	-1.405266	0.525532	0.088775	0.294840	0.724841
	-0.148473	-0.924039	-1.315110	-1.653305	-0.384610	-0.587209	-2.124200	-1.017298	0.193594	-1.260327	-0.427885	0.426764	0.291256	-2.213650	-2.630119	-0.752855	-1.727855	-0.944195	-0.080828
	-0.363103	0.057387	-0.095063	1.230819	-0.138368	-0.394716	-3.016130	1.017205	1.092398	-0.511362	-0.615097	0.098735	-0.093987	0.169826	0.495390	-0.683520	0.501080	0.111975	-1.259822
	1.965343	1.666482	1.309670	2.160237	1.195503	-0.177506	1.491977	1.874980	1.760848	0.601400	0.386123	-0.878767	0.942868	0.843241	0.279278	-0.206627	0.736378	-0.895465	-0.295027
	0.901379	-0.376857	0.247751	0.239717	-0.493618	0.544568	0.358492	-0.202145	-0.767885	-0.377407	-0.110531	-1.358201	-0.754108	0.596581	0.359472	0.441602	-0.285131	-0.434607	-1.257702
	-0.503084	0.245916	1.000152	1.125050	0.015998	-0.171429	0.086141	-0.112028	-0.368131	0.738476	0.576852	-1.646498	-1.120350	-2.082320	0.014761	-0.113752	0.440552	1.247690	1.298974
	-1.297770	0.402329	1.118856	-0.237413	-1.194419	0.326259	0.229293	0.901859	1.067770	0.424943	0.855884	-0.463650	0.042964	-0.615083	0.170787	-0.885592	-0.581012	-0.288234	-1.158844
	0.322574	1.268156	1.065330	0.596707	0.585865	-0.147020	0.534417	1.078704	0.387600	-0.107279	0.044175	0.547725	0.465088	1.227264	0.880713	0.945560	-0.388460	-0.143877	0.577607
	0.762188	0.350189	0.765422	0.891272	-0.569635	0.992152	0.140341	-0.464014	-0.029340	0.300027	-0.385185	-0.095229	0.734942	2.144549	2.728985	-0.376170	0.119402	-1.076325	-1.294757
	0.090666	0.459103	1.014993	2.698314	0.845693	-0.100266	1.340383	1.330134	0.539281	2.781490	1.365442	0.918730	1.386746	2.568843	1.420779	1.989963	0.654329	-0.121223	1.139777
	0.914758	1.862619	3.096740	4.468888	0.211977	0.580689	2.341826	3.079422	1.867042	4.602918	2.230303	1.007817	0.705440	2.868070	1.949021	0.952942	1.943645	1.655846	1.114164
	1.577708	1.955058	1.200139	0.786818	0.510360	0.936122	2.935262	1.256464	1.409633	2.805053	1.617190	0.617261	0.462822	0.253389	1.009996	0.406560	0.071079	1.541021	1.350210
	-1.120457	-0.626427	-0.007113	-1.641530	0.688356	0.036440	1.715815	-0.682478	-0.740134	-0.091020	1.572137	-0.123988	0.570927	1.845363	1.489370	0.029695	-0.246864	0.891546	1.064970
	-1.808919	-0.503452	-0.876951	1.659657	1.041248	0.245317	-0.090149	-0.027375	-0.809939	0.339012	0.271863	0.561460	0.864364	0.694225	-0.194469	0.501060	1.353693	-0.836563	1.560081
	0.228141	-0.033732	0.575707	1.211818	1.160707	0.405098	1.294948	0.896629	1.075553	2.038465	0.491863	1.336144	1.652433	0.460381	-0.489808	2.223875	1.622251	-1.390126	-0.407804
	0.380153	0.255978	1.210671	0.411271	-0.001400	0.068502	0.835075	1.227135	2.170042	2.083569	0.820074	0.735112	1.509766	2.102252	-1.711271	1.277306	0.716834	-0.495484	-0.518398
	0.403033	-0.490041	-1.928642	-3.676369	0.076759	0.605590	-0.692636	-0.818325	-0.045398	-0.046380	-0.839879	0.076654	-0.042172	-1.987021	-1.900452	-0.837297	-2.396424	0.950932	0.023894
	-0.736428	-0.681548	-2.876104	-3.541192	-0.618874	-0.558506	-1.860340	-2.235148	-1.307394	-2.382772	-1.482748	0.466600	1.026596	-2.663203	-1.100637	-1.142125	-0.556216	0.736989	0.248317
	0.247606	0.346613	-0.900426	-1.531073	-0.101278	-0.137070	-1.379193	-0.212416	-1.191405	1.194292	-2.351514	0.256241	0.435507	0.515018	-0.857060	1.777716	0.107413	0.139547	-1.648277
	0.846213	0.814072	-0.954866	-1.787822	0.582939	0.653903	0.324506	1.229359	0.485726	0.488738	0.494257	1.550282	1.119413	-1.758473	-1.024543	0.210313	0.625229	0.813608	0.233680
	-0.376777	-1.031633	-0.778238	-0.783907	-0.073402	0.614038	0.607078	0.157602	1.046573	-1.233168	2.290640	0.087733	0.015977	-2.390255	0.278189	-1.074981	-0.979481	1.632620	1.135700
	-0.984799	-0.942863	-0.852401	0.260204	-0.027196	0.149541	0.246102	-1.209419	-0.520905	-1.395309	0.446138	1.694790	1.694336	-1.349751	-0.765059	0.331288	-0.913635	-0.492919	1.415522
	-1.558077	-0.908622	-0.857373	0.149259	0.441088	-0.377134	-0.810109	-0.245257	-1.652925	0.764432	0.763697	-0.054547	0.811976	0.036095	0.780149	1.107229	1.907102	0.584303	0.872580
	-0.940281	-0.715556	-0.837285	0.234290	0.061796	-0.775689	0.707302	1.682424	1.630555	1.090779	1.051084	-0.850296	-1.026036	-0.249815	-1.779593	0.341325	1.248353	0.335938	1.836908
	-1.152470	-0.443920	-0.164376	-1.667418	-1.168405	-0.136395	0.104827	-0.318516	-0.379055	-0.931473	-0.020323	-1.848805	-2.399596	-1.971652	-0.903067	-0.606839	-0.450760	-0.046763	0.230632
	-2.532932	-1.706150	-1.139932	-1.012357	-0.693059	0.133237	-1.209834	-2.599446	-2.627997	-2.013664	-0.136787	0.761870	-0.823873	-2.649830	-2.033474	-0.320817	-1.698737	-0.499859	1.785313
	-1.205000	-1.516957	-1.461230	-1.751424	-0.288452	-0.314990	-2.483297	-3.245415	-2.913959	-1.170147	-1.139721	0.583404	-0.447926	-1.840130	-1.719487	-1.319243	-1.629825	-0.367250	-0.455185
	0.305296	-0.151328	-1.119285	-0.889515	0.070769	0.588481	0.201660	-0.658004	-1.111915	0.117072	-0.387650	0.659166	-0.324273	-0.499238	-0.770711	0.365555	0.796163	-0.234583	0.789877
	0.941526	0.335259	-1.292590	-0.304715	0.124670	0.170171	0.609598	0.884303	0.300171	-0.233508	0.491036	-0.310043	0.092252	-0.039117	-0.292624	0.260425	0.248040	1.842146	0.240362
	0.287503	-0.508671	-0.947233	-0.589561	0.759061	-0.303585	-0.928706	-1.963258	-0.309563	-0.724525	0.060455	0.170654	-1.015353	-2.683226	-1.107970	-1.114425	-0.381426	0.923306	0.947432
	-0.771736	-1.574587	-1.234267	-2.224558	-0.379301	-0.097397	-0.465712	-1.668173	-1.654344	-0.840435	-0.571300	-0.392220	-0.390794	-3.921202	-2.504381	-0.295349	-1.355196	0.931768	1.183310
	-1.112959	-1.540289	-1.990371	-0.917905	-0.003412	-0.062738	-1.288277	-0.362063	-0.639923	-1.027630	-0.958600	-0.282403	-0.598563	-0.938800	0.033224	0.185502	0.280119	0.109529	0.195059
	0.014455	-0.828627	-1.899457	-0.369872	-0.807718	-1.294393	-1.194228	-0.284644	0.848247	-1.453354	-0.727241	-0.401924	-1.005590	-1.142914	-0.464788	0.084497	0.219332	0.315123	1.106291
	-1.838458	-0.756469	-0.277195	-0.852578	-1.410750	-0.449334	-0.770771	-0.601683	-0.822344	-0.466838	-0.672718	-0.024462	0.711147	-1.218737	-2.098634	-0.378458	-0.861694	-0.657350	-1.388262
	0.112760	-0.707943	-0.204745	-1.158349	-0.693633	-0.295891	-0.046461	-0.153268	-0.117995	0.264899	-0.679160	1.464438	1.794831	-0.704404	-0.388387	0.308710	-1.071587	-0.267035	0.489621
	-0.220980	-1.005417	-1.345511	-1.082649	-1.435597	-0.551007	0.500044	-0.096813	0.220868	-0.493766	0.205425	0.434695	1.561914	-0.046999	-0.294896	1.087688	-0.596217	-0.012918	0.721906
	0.828974	0.558706	-0.639765	-0.187941	-0.447195	-0.483393	-0.738617	0.951902	-0.320025	-0.481392	0.807795	-0.212144	-0.538132	-0.660005	-0.169820	0.203768	0.890177	-0.601698	-0.868225
	-0.301403	-0.665596	-0.455916	-0.454535	-1.336602	-0.731909	-0.778247	0.731416	-0.622330	-0.842937	-0.498718	-0.209540	-1.642972	-1.190992	-0.052658	-0.589077	0.047641	0.938689	0.795506
	-1.666583	-1.797773	-0.843817	-2.938756	-1.526680	-0.728627	-1.297743	-2.560709	-1.515773	-0.556003	-1.540476	-0.415048	-1.402438	-1.433308	-1.882305	-2.525693	-1.314105	-1.666887	0.151351
	-1.776661	-1.707357	-1.906289	-2.634073	-0.225793	0.019105	-1.539509	-1.622499	-1.935638	-0.963573	-1.078852	0.275396	-0.480253	-0.835515	0.182732	-0.151157	-1.337348	0.341965	-0.815635
	-0.108643	0.087145	-0.779942	-0.348735	0.810607	0.091464	-0.515631	-0.062802	-0.834976	-0.427534	-0.009506	-0.299561	0.778428	0.540401	0.038252	0.112306	-0.071380	-0.365234	-2.164403
	0.774693	0.405611	-0.761011	-0.105853	0.443897	-0.448264	-1.419265	-0.005012	0.445913	-0.242648	-0.502583	-0.488044	1.271894	-0.143546	0.203745	0.995235	0.486646	0.578151	-0.914634
	0.840634	0.347323	-0.762295	-1.269825	-0.447740	0.645315	-1.387095	0.426404	0.271961	-1.113612	-0.710982	0.084946	-0.143555	1.023537	0.472927	-1.011549	0.197603	-0.364460	-0.299070
	-1.629206	-0.684919	-1.045376	-1.287062	0.179854	-0.767202	-0.429022	-0.652978	-0.756208	0.015088	0.372111	-0.515143	-0.218512	0.672928	-0.011700	-0.333784	-0.912538	-0.972294	-0.415849
	-0.096726	0.192171	-0.316667	-1.340155	0.350024	-0.269330	-1.328104	0.205362	-0.211713	0.425942	-0.327173	-0.733442	0.389282	0.561486	-1.872584	0.631295	0.144322	-1.276733	-1.571941
	0.305017	0.449282	-0.607329	-0.778722	0.458389	-0.501876	1.693651	0.954495	0.572138	0.077210	0.181609	-1.378064	-0.914360	0.611390	1.119850	-0.400599	0.488940	-1.251059	-0.125629
	0.447832	0.400812	-0.523582	-1.797308	0.172614	-0.457500	-1.071854	0.213640	0.273437	-0.708830	-0.520417	-0.425876	-1.049365	1.115843	0.183711	-0.207420	-1.063743	0.009362	0.090559
	-0.386733	-1.146523	-0.107981	-1.338820	-0.405810	0.176387	-0.770238	-0.696587	-1.320846	-0.569769	-0.460630	-0.676344	-0.638257	0.226666	0.893509	-0.969341	-0.989660	-1.244099	-1.137974
	0.055815	0.661632	-0.108109	0.478045	-0.421616	-0.335831	-0.521506	-1.173044	-0.873733	-1.155272	-1.120625	-0.732358	-1.349548	1.799346	1.892457	-0.962180	-0.768796	-0.202993	-0.963828
	1.395369	1.834284	0.821259	2.188114	0.608065	0.019469	1.162508	1.723152	1.458055	-0.352954	0.720924	0.683377	0.638041	1.827375	0.319032	-0.099502	0.826472	-1.577500	-1.613236
	1.311256	0.456746	0.738649	0.839196	0.231510	-0.479093	0.375461	0.606281	0.521515	-0.081481	0.351096	1.165379	1.368747	1.497139	1.666827	0.824386	-0.209978	0.641622	-0.951108
	-0.732981	-0.017849	-0.460825	0.349001	-0.037283	0.561817	0.495096	-0.322748	0.386355	-0.084201	-0.585878	0.396965	0.076033	1.634866	1.625926	-0.419485	-0.412689	-0.779745	0.829151
	1.201182	0.440175	1.558644	2.653608	0.060632	1.366274	0.631733	0.670764	-0.290138	-0.511853	0.637295	-0.585041	-0.701817	0.984933	0.090025	-1.354152	0.117447	0.112712	0.306913
	-0.059530	-0.282386	0.506725	1.239971	-0.375368	-0.241007	1.540743	-0.963184	-0.340484	0.575534	-1.177113	1.028826	-0.365692	-0.335184	-0.807403	-0.638807	-0.824539	-0.202045	0.793408
	0.769091	1.110183	1.231241	1.502745	1.232424	0.803643	0.356727	0.037053	0.873303	1.003761	0.405965	1.316178	1.396498	0.649746	0.864173	0.374497	-0.016925	0.124151	-0.827268
	0.473121	0.486782	0.780024	0.551794	0.592644	-0.989786	1.122165	1.727199	1.440784	0.539443	0.228527	0.855458	1.752768	1.123374	1.769900	0.517251	0.521097	0.311571	0.118096
	0.728352	0.388350	0.182214	0.249826	-0.595875	-0.511524	-0.412132	0.387568	0.519656	0.463115	-0.053325	0.855236	-0.717975	1.297217	2.667846	-1.025928	0.851279	1.027562	1.064391
	1.190182	1.548643	1.135093	1.913100	0.757337	0.450367	1.132895	0.076718	0.116528	0.321319	1.133596	0.898341	-0.074910	-1.267043	0.066525	0.078695	0.241239	0.329650	0.565032
	-1.107907	-0.630782	0.729934	-0.518062	-1.066624	0.655389	-0.025755	-0.938833	-0.038901	0.312875	-0.293747	-1.409910	-1.504949	-1.890243	-0.755065	0.684057	0.503848	-0.387145	0.360546
	-0.036345	-0.486555	0.023350	-0.358242	-0.397120	0.548010	-0.366657	0.553335	0.065410	-0.833088	-0.152191	-0.863463	-1.232763	-0.288613	-1.057803	0.263557	0.742428	0.500997	-0.134601
	0.545368	0.326415	1.159721	1.733471	0.891884	0.396164	0.908349	0.292841	1.193038	0.861496	1.394543	-0.460899	0.298257	0.520233	0.214453	0.275105	0.942826	0.774636	0.924308
	-0.352877	1.154935	1.303111	1.618587	0.014599	0.477903	0.410506	-0.352342	0.337477	1.748342	0.638271	-0.872072	0.903815	-0.695488	-1.238143	0.521181	0.511744	1.247923	0.148278
	0.627418	0.189096	1.582854	0.534001	1.344253	0.262669	0.342806	1.333260	0.549984	0.799771	-0.327898	-0.107034	0.827725	1.028910	-0.044500	2.068978	0.316453	-0.292934	-0.947446
